200 15 
1 2 4 53 0 49 13 58 12 85 14 19 8 81 6 3 11 48 9 8 2 33 7 29 3 59 5 95 10 65 
13 11 0 59 1 67 14 93 4 5 8 13 6 33 7 7 5 87 11 39 9 25 3 47 12 39 2 23 10 23 
5 47 7 39 11 68 13 11 6 79 14 69 12 29 8 63 3 81 2 29 1 48 0 30 9 4 10 82 4 94 
0 5 10 39 12 13 6 6 7 8 11 14 9 55 5 30 8 13 4 88 3 96 1 21 14 74 13 14 2 52 
3 83 7 9 5 37 0 64 4 17 1 60 2 52 13 12 8 66 6 43 10 70 11 1 9 88 12 8 14 30 
2 9 7 26 10 8 12 86 4 94 3 44 1 42 8 55 13 93 6 74 14 43 5 70 0 80 11 35 9 33 
4 44 1 1 12 69 8 14 5 62 3 36 7 77 0 77 6 13 9 35 2 4 10 52 14 43 11 89 13 56 
10 41 3 70 4 25 13 78 5 40 2 87 1 92 0 82 11 2 8 5 7 89 12 97 6 5 9 87 14 88 
13 11 10 37 14 76 4 28 5 46 2 62 1 64 9 72 12 90 7 95 11 58 0 26 8 14 6 71 3 5 
14 32 13 26 5 41 7 80 9 65 4 56 0 77 10 83 2 11 8 59 6 3 1 14 12 6 3 53 11 50 
14 76 2 10 13 74 11 4 10 55 3 46 8 34 0 82 6 56 4 97 9 15 1 82 7 55 12 32 5 61 
14 69 9 89 6 70 8 20 13 29 7 6 4 22 3 61 1 95 0 22 12 46 2 15 5 1 10 52 11 6 
13 35 6 33 1 67 9 58 14 2 2 50 12 25 4 60 3 49 5 44 7 48 0 86 10 20 11 97 8 96 
3 79 0 48 5 85 14 43 12 73 1 53 8 78 11 22 6 43 4 40 13 63 9 16 10 27 2 19 7 29 
8 98 2 51 6 69 14 61 10 6 5 84 11 10 7 75 3 16 4 84 0 9 9 29 1 21 13 44 12 94 
8 6 11 85 13 30 10 22 9 18 2 74 14 25 1 88 5 60 6 28 0 48 3 73 7 98 12 51 4 1 
12 70 14 79 7 73 11 40 4 7 13 60 2 94 5 64 1 90 6 35 3 84 8 89 9 55 0 5 10 9 
1 14 0 68 14 34 10 9 8 29 4 25 2 88 7 65 13 53 9 23 11 9 6 14 3 97 5 19 12 23 
1 73 12 26 11 73 9 91 5 5 13 51 0 75 6 1 8 7 3 35 2 87 7 43 4 30 10 67 14 11 
5 56 0 2 4 40 13 12 6 6 9 44 2 76 14 62 8 19 7 24 3 88 12 41 10 7 11 47 1 50 
14 49 8 53 4 60 13 16 5 40 12 46 1 81 6 29 7 84 9 8 2 80 3 2 10 99 11 37 0 69 
1 52 8 59 11 5 10 53 6 35 2 95 9 15 7 40 5 3 3 5 4 87 13 45 14 34 12 28 0 14 
11 8 13 3 14 42 5 4 10 67 4 44 8 4 9 50 1 50 6 7 3 76 2 33 12 23 0 85 7 77 
5 39 13 64 3 1 1 2 7 35 0 98 11 84 8 70 9 86 6 67 10 57 4 71 12 95 2 57 14 76 
11 60 7 24 1 41 8 47 14 32 2 74 6 30 3 31 0 46 4 72 12 70 5 73 13 12 9 10 10 22 
2 76 5 87 4 67 13 18 9 55 8 50 7 91 12 75 10 47 3 49 14 49 6 18 1 77 0 88 11 46 
6 6 4 39 10 72 1 9 8 32 7 19 11 38 14 3 5 2 2 41 13 84 3 74 12 3 9 84 0 68 
8 16 6 84 3 85 0 38 12 40 14 37 11 26 1 90 9 46 2 13 10 9 4 92 5 96 13 24 7 23 
1 97 11 23 13 64 3 6 4 48 12 42 9 74 6 1 8 41 0 90 2 46 5 21 10 14 14 24 7 7 
11 2 13 54 5 98 9 76 4 85 1 84 3 77 12 81 7 66 10 93 14 80 0 27 6 33 2 88 8 34 
4 88 10 90 9 42 0 33 13 10 2 60 11 37 12 4 5 29 3 7 7 41 8 13 1 45 6 94 14 28 
11 53 7 16 10 61 8 31 5 97 13 91 1 85 6 43 4 47 3 26 2 29 14 42 0 69 9 9 12 51 
6 87 1 66 4 23 0 20 11 49 13 91 2 60 3 1 5 32 14 25 8 94 9 91 12 61 7 87 10 3 
10 48 9 58 2 82 11 86 12 49 4 57 8 43 14 92 0 56 6 42 1 16 5 93 7 66 13 84 3 39 
9 2 6 63 8 61 2 74 10 75 7 5 3 77 5 98 0 88 4 20 13 93 14 28 12 97 1 70 11 45 
8 60 7 14 2 53 10 22 6 33 3 31 9 75 4 29 13 17 12 25 5 28 1 12 0 80 11 97 14 12 
5 71 7 10 8 78 2 80 12 18 1 26 3 76 4 84 14 54 0 3 10 30 9 6 11 95 6 98 13 80 
4 21 5 28 10 98 12 12 7 60 8 35 9 60 13 58 11 77 0 25 2 92 14 44 1 80 3 10 6 29 
0 10 14 18 4 95 7 6 5 57 3 8 10 78 6 25 2 73 1 10 9 47 13 73 8 88 11 51 12 62 
11 23 3 30 4 47 6 96 2 67 10 91 13 83 14 13 12 39 0 6 7 29 9 91 8 52 1 60 5 5 
2 73 13 11 4 26 1 36 11 59 14 51 3 25 9 50 10 43 6 36 7 73 0 55 5 63 8 13 12 92 
3 76 8 40 0 5 11 92 14 89 5 91 12 9 1 44 7 46 4 85 6 21 10 20 13 63 2 61 9 97 
2 34 8 12 1 85 13 21 14 16 6 92 0 10 5 98 9 44 4 54 12 33 10 80 11 97 3 82 7 63 
1 77 10 69 5 89 2 4 7 19 12 10 11 31 4 29 9 55 13 35 14 34 8 13 3 36 0 37 6 32 
4 22 12 81 2 84 11 78 6 34 1 94 3 95 5 21 0 51 10 49 13 22 7 18 14 78 9 50 8 73 
7 47 14 69 11 9 5 16 8 2 0 42 6 22 3 39 9 31 1 3 10 93 12 2 4 68 13 50 2 34 
0 91 9 75 5 48 7 53 12 94 14 90 11 45 6 77 10 14 13 28 2 32 4 26 1 92 3 62 8 50 
12 78 7 79 9 90 10 12 8 31 4 77 14 31 1 80 11 46 3 75 2 61 5 76 13 21 0 43 6 33 
3 68 12 52 1 18 8 82 11 43 5 59 9 6 13 56 2 34 14 16 7 52 10 58 4 65 0 54 6 2 
10 38 12 39 11 27 9 22 5 49 6 95 1 63 13 54 3 21 7 73 4 61 2 30 0 71 8 98 14 47 
10 82 4 95 0 22 2 75 13 25 3 12 12 10 9 77 6 71 7 30 5 4 14 70 11 62 1 36 8 50 
12 78 2 77 0 53 10 55 9 78 5 68 11 40 14 31 6 2 3 34 1 97 13 75 7 46 4 67 8 4 
14 86 0 54 5 89 2 53 13 95 11 51 7 67 1 79 9 40 6 27 10 31 12 71 8 49 4 37 3 20 
12 21 4 7 10 79 5 89 13 91 1 5 14 53 6 14 3 98 11 64 7 61 0 59 2 39 9 38 8 59 
6 98 1 24 4 70 11 2 8 53 12 64 14 9 3 34 9 21 5 26 2 10 0 37 10 2 13 52 7 93 
9 38 10 39 4 60 8 75 2 94 12 42 0 78 1 39 11 46 5 18 3 73 14 65 6 26 7 84 13 1 
0 74 11 48 1 82 4 91 3 1 6 45 7 64 8 55 9 25 2 68 13 30 12 8 5 6 10 13 14 15 
8 57 3 50 4 8 2 47 1 25 0 35 12 89 10 39 5 75 11 30 6 2 13 36 14 83 7 36 9 11 
0 3 14 52 13 62 2 30 5 93 10 3 6 31 7 4 4 68 11 96 8 96 9 75 12 5 1 36 3 85 
9 60 14 95 4 17 13 25 12 44 1 26 11 30 5 28 7 35 2 28 0 63 8 63 3 18 6 24 10 65 
14 5 2 54 3 25 4 12 0 97 6 35 12 21 1 57 8 69 7 73 9 1 10 20 11 48 5 5 13 55 
12 75 2 42 9 12 13 35 5 13 1 76 4 40 14 24 6 93 0 53 8 29 3 66 7 39 10 61 11 62 
14 70 0 8 5 74 1 18 12 9 8 60 9 93 7 67 11 36 13 15 3 95 6 26 10 21 4 89 2 12 
7 44 0 56 9 42 10 91 8 37 5 59 4 49 2 37 6 66 14 34 1 90 12 26 3 60 11 58 13 2 
4 14 14 68 13 59 1 4 8 73 6 98 7 37 11 74 3 42 9 30 2 84 10 17 12 54 0 61 5 74 
12 16 9 52 3 49 1 40 2 34 4 62 7 13 13 21 5 15 14 71 6 3 8 34 0 81 11 22 10 77 
14 4 1 89 9 55 4 47 5 36 6 64 7 80 13 22 3 73 12 80 2 61 11 13 8 23 10 25 0 31 
9 29 4 70 2 20 1 30 5 64 14 92 10 2 0 12 11 71 8 17 13 72 12 46 7 61 6 56 3 7 
6 83 0 64 5 38 9 35 2 13 3 91 12 72 7 94 14 16 1 5 13 67 10 28 11 18 8 35 4 16 
12 48 8 77 11 84 0 41 6 95 1 70 14 90 9 30 7 79 5 42 4 26 3 48 10 78 13 82 2 96 
1 28 10 35 12 26 0 80 13 34 8 93 7 6 9 18 11 13 14 21 2 67 5 70 4 10 6 93 3 69 
10 73 0 70 14 46 6 17 13 9 1 25 7 90 4 18 9 82 8 78 5 98 11 38 3 42 2 84 12 5 
1 38 14 53 4 77 12 66 3 64 0 40 7 70 8 73 9 36 11 64 10 82 5 53 13 74 6 34 2 52 
10 4 6 11 7 34 5 65 12 62 3 32 4 26 0 75 1 78 14 26 9 9 2 31 11 60 8 90 13 2 
4 63 10 29 1 1 3 73 11 29 9 55 7 4 0 37 6 94 14 40 5 25 8 73 2 64 12 83 13 31 
10 68 8 28 0 49 7 42 1 54 5 34 13 25 2 7 14 15 4 46 12 96 3 46 9 42 6 41 11 79 
14 85 7 88 0 79 4 40 10 56 13 67 1 23 3 20 6 81 12 15 9 61 2 33 8 15 11 64 5 59 
5 73 1 87 13 85 2 18 10 34 4 84 8 20 3 54 11 97 14 56 7 91 12 34 0 97 6 48 9 66 
8 2 3 46 2 91 0 19 11 91 5 16 1 54 6 33 14 18 4 41 13 3 7 69 9 90 10 4 12 81 
11 81 3 52 7 28 13 14 1 13 14 73 12 10 6 57 5 20 2 53 4 76 9 90 0 61 10 23 8 77 
6 23 13 66 0 86 4 17 9 50 8 76 3 28 12 41 14 99 11 4 1 90 10 58 2 9 7 5 5 97 
8 69 1 58 14 12 11 70 5 16 2 39 4 60 6 66 12 29 10 6 3 89 13 42 7 43 9 64 0 18 
1 31 5 77 8 16 3 47 11 8 6 43 4 34 2 90 9 60 14 99 10 38 0 85 12 34 7 30 13 49 
7 1 4 81 11 31 12 78 8 90 0 71 9 97 13 71 6 15 1 78 10 63 3 15 14 20 5 51 2 26 
4 24 0 69 10 16 2 70 12 75 1 76 5 33 7 72 14 30 6 30 3 99 13 45 11 4 9 47 8 98 
1 6 10 44 12 47 4 6 0 5 8 49 3 59 2 87 7 18 6 21 11 84 9 61 13 95 14 74 5 24 
12 39 9 43 14 75 5 73 6 30 4 9 8 77 2 88 3 90 13 43 11 90 1 64 10 15 7 44 0 51 
12 55 6 81 11 6 8 79 2 52 9 56 1 20 5 78 0 54 7 59 14 57 13 78 10 38 3 89 4 71 
10 38 7 29 11 21 8 77 4 95 14 73 5 6 13 29 3 28 2 56 0 85 9 91 1 54 6 2 12 64 
10 34 12 57 7 1 14 24 8 97 2 88 6 20 3 32 13 53 5 17 4 82 11 86 9 43 0 31 1 12 
1 29 9 2 12 92 2 90 0 56 11 1 13 27 5 1 7 18 14 21 8 73 3 7 10 97 4 82 6 47 
0 56 5 24 14 37 11 17 9 94 6 66 10 89 7 25 1 18 8 28 4 37 13 79 12 93 2 14 3 87 
8 45 9 23 6 14 11 60 10 86 5 77 7 88 13 73 1 98 0 80 2 18 4 69 3 36 12 31 14 35 
11 82 10 65 0 49 9 78 5 7 7 58 2 32 1 19 12 37 8 38 4 46 14 7 6 17 13 55 3 87 
12 7 14 65 3 8 8 9 11 51 0 12 6 35 10 98 13 11 5 5 2 9 4 73 9 18 7 91 1 40 
2 79 11 43 12 64 13 99 8 65 9 6 14 17 6 10 5 57 4 57 3 28 1 97 7 76 10 21 0 94 
14 45 12 75 8 52 4 48 9 66 13 49 1 63 6 39 7 81 3 59 5 53 0 79 11 2 10 87 2 76 
11 15 9 34 6 17 10 70 4 98 7 10 12 1 14 58 1 91 0 20 5 51 2 99 8 41 3 34 13 76 
3 71 8 82 1 44 2 67 14 18 10 25 7 85 11 64 5 60 4 91 9 71 12 64 6 97 13 43 0 49 
1 92 0 87 3 7 9 39 6 69 7 59 2 87 11 67 8 53 13 87 12 46 4 3 5 14 10 46 14 73 
4 47 14 25 13 54 9 35 10 82 8 82 7 62 0 60 2 24 11 46 6 35 12 19 5 51 3 54 1 84 
3 63 13 88 10 54 5 81 4 63 2 99 6 91 7 63 9 79 11 77 0 27 12 41 8 99 1 98 14 60 
13 60 12 43 7 58 8 85 4 98 14 17 11 55 9 72 10 10 6 77 3 24 2 61 1 95 5 60 0 49 
4 30 1 11 7 30 2 2 0 50 5 64 3 62 8 93 10 63 14 81 11 21 12 55 9 66 13 2 6 20 
11 79 10 28 13 29 1 14 6 49 4 57 9 22 3 88 12 40 0 79 14 98 8 89 5 78 2 21 7 96 
11 76 5 30 4 87 12 44 3 47 10 12 1 25 6 23 2 39 0 77 8 49 9 64 7 75 13 60 14 36 
5 98 3 91 0 27 6 41 11 38 2 91 12 75 10 17 13 81 7 99 8 65 1 94 9 73 4 57 14 68 
12 77 3 25 11 6 4 17 14 85 10 21 1 14 8 48 9 97 7 83 2 9 6 48 5 42 0 55 13 28 
2 63 14 87 5 68 10 44 12 28 4 67 1 75 13 76 0 43 8 37 3 45 6 94 9 75 7 19 11 75 
12 25 3 87 11 18 10 49 6 26 9 80 8 36 4 25 14 70 7 36 13 6 1 4 2 3 5 62 0 64 
10 64 6 7 2 75 8 6 4 96 12 21 1 59 11 53 13 75 5 38 0 82 7 22 3 11 14 79 9 19 
2 45 9 94 1 76 3 15 12 66 14 67 8 40 10 49 6 34 5 54 0 9 4 85 13 79 11 15 7 32 
13 32 3 9 5 68 0 34 9 13 14 7 11 25 10 76 2 58 1 59 4 92 12 2 8 8 7 23 6 95 
10 87 9 31 6 3 8 62 1 94 4 90 0 70 11 80 7 34 3 81 2 2 14 83 12 48 5 51 13 27 
8 40 11 11 7 61 4 71 9 61 3 17 0 41 13 62 14 2 2 10 5 15 6 37 10 62 12 17 1 82 
10 64 12 7 7 28 2 36 1 41 9 55 6 71 8 29 4 33 0 71 5 75 3 51 11 14 13 73 14 18 
6 91 8 11 14 14 7 45 5 43 4 79 11 36 0 65 12 89 13 59 10 36 3 69 1 87 2 14 9 86 
5 66 1 62 14 35 4 63 13 40 9 37 7 73 10 52 12 81 8 14 3 28 6 33 11 41 0 38 2 18 
0 57 7 96 10 6 1 13 6 5 12 41 9 10 14 16 2 90 13 81 11 72 4 18 5 2 8 96 3 69 
9 86 13 36 4 61 6 33 1 74 12 46 7 35 11 48 2 72 8 29 10 40 5 11 14 53 0 58 3 88 
12 43 3 66 10 64 6 6 14 32 2 57 7 16 1 71 4 40 9 30 11 69 5 91 0 67 8 80 13 5 
13 27 11 60 3 73 12 41 0 42 6 78 1 29 9 44 10 9 4 7 14 84 2 16 5 60 8 1 7 60 
6 99 7 47 3 45 13 71 11 53 4 9 9 18 12 76 8 29 5 1 1 94 0 87 2 23 10 94 14 88 
11 44 2 30 0 44 12 78 8 94 9 1 5 69 7 72 3 30 14 10 13 59 1 12 10 37 6 61 4 38 
5 68 7 13 0 41 14 46 10 95 3 11 11 4 6 71 2 28 4 16 9 76 12 29 1 51 13 6 8 94 
11 41 3 20 2 15 7 69 13 51 8 85 10 24 9 6 1 55 6 97 12 58 5 13 4 48 0 35 14 48 
7 57 13 73 6 50 2 40 0 69 11 58 5 82 10 8 3 23 4 29 12 7 9 18 1 25 8 31 14 2 
11 25 3 90 10 30 7 93 0 68 2 28 4 60 13 99 8 2 12 93 9 28 14 25 1 2 6 24 5 9 
14 13 8 13 1 86 13 17 5 70 3 51 9 62 2 7 4 58 0 70 10 49 11 62 7 53 6 10 12 76 
8 22 5 75 0 94 2 94 9 43 1 73 4 12 3 1 13 44 14 7 6 98 11 97 10 14 7 76 12 46 
12 16 11 80 7 31 10 92 9 11 8 21 3 96 5 49 2 62 6 54 14 41 1 84 13 97 0 50 4 9 
10 84 7 66 9 18 0 71 1 98 3 29 14 59 13 88 2 38 6 54 8 63 11 98 12 30 5 36 4 91 
11 96 10 57 5 93 1 36 3 19 4 31 8 48 12 61 13 82 7 39 9 75 0 95 2 5 6 93 14 68 
11 34 9 71 13 28 14 54 2 61 3 62 4 27 7 72 1 82 6 31 10 79 0 18 5 42 12 66 8 49 
1 68 5 7 3 63 8 39 12 75 10 49 13 37 6 99 4 90 9 10 0 33 11 2 7 93 2 80 14 53 
12 77 7 55 14 74 1 81 10 11 13 55 0 36 4 32 5 62 3 69 6 77 8 98 11 26 9 70 2 89 
3 8 1 40 5 21 9 81 8 90 10 98 13 44 14 19 6 68 7 62 4 75 12 75 11 13 2 4 0 99 
10 10 2 13 7 97 9 59 8 73 6 39 11 50 4 35 3 31 13 75 12 40 0 65 5 41 1 8 14 24 
1 70 14 37 5 10 3 36 10 42 9 81 2 93 4 43 12 24 8 33 11 49 7 21 0 64 6 37 13 87 
14 40 12 7 3 99 4 52 10 89 13 22 9 95 0 65 1 15 11 74 7 75 2 62 8 22 5 72 6 75 
3 93 2 5 4 23 12 20 8 75 5 26 14 25 1 23 0 71 7 37 11 70 10 24 6 93 9 49 13 33 
4 84 10 48 1 95 12 31 6 61 7 47 5 5 9 39 2 41 11 13 0 65 8 82 13 31 14 87 3 2 
2 41 5 9 4 2 13 11 7 21 6 70 11 17 12 48 3 8 8 91 9 8 10 86 1 29 0 59 14 71 
8 49 5 22 6 87 4 43 0 29 14 74 2 4 11 43 7 59 3 2 13 33 9 86 1 91 10 2 12 72 
11 4 10 16 3 30 7 40 4 7 8 52 0 91 14 92 13 95 9 11 1 52 6 53 12 91 2 26 5 41 
0 43 9 18 11 10 12 81 1 19 5 63 7 70 4 51 3 68 14 58 6 7 2 97 10 7 8 37 13 37 
8 78 12 1 6 84 1 23 2 52 4 96 0 52 10 94 14 78 3 41 11 92 5 50 9 33 7 43 13 51 
8 83 6 56 13 66 11 52 10 40 2 4 12 96 7 29 5 94 3 44 9 80 14 9 0 69 4 28 1 21 
9 77 3 32 2 12 13 10 8 5 4 73 7 37 10 48 6 37 12 36 14 2 0 10 5 82 11 7 1 92 
2 7 12 8 9 7 6 82 8 24 7 32 10 44 4 17 13 32 11 71 1 55 3 25 14 93 5 19 0 4 
11 96 12 24 1 20 9 71 4 36 5 37 3 9 13 61 10 71 2 56 0 17 6 24 14 67 7 29 8 72 
14 35 2 65 13 55 1 81 12 63 9 6 7 42 5 53 3 22 0 41 8 38 10 36 11 24 4 8 6 81 
10 72 8 83 13 38 3 72 11 49 9 61 12 60 2 48 5 41 4 51 7 36 6 9 14 93 1 5 0 95 
1 58 4 77 9 90 7 27 2 36 8 6 10 20 12 71 13 4 5 35 0 42 6 88 11 39 14 68 3 15 
5 17 7 53 2 75 14 25 0 54 13 5 11 72 9 97 8 30 1 75 10 77 3 27 12 55 6 30 4 50 
5 78 10 86 2 54 12 46 9 55 3 66 14 39 4 98 0 21 11 8 1 29 6 5 7 65 8 61 13 10 
13 84 3 91 14 10 12 38 10 59 2 8 11 45 0 75 6 26 9 56 7 73 1 93 8 10 4 34 5 23 
5 21 9 73 13 34 6 87 2 76 7 86 0 64 8 68 3 68 11 54 1 83 10 72 14 22 12 84 4 41 
1 31 6 79 5 65 8 59 3 31 13 83 7 25 9 34 12 17 14 49 11 78 2 40 0 17 10 57 4 38 
1 68 14 84 3 10 10 81 4 3 12 32 2 22 8 76 0 58 5 96 11 29 7 59 6 62 13 31 9 38 
6 68 0 72 2 85 11 5 8 54 1 58 9 93 5 19 3 73 7 71 10 80 4 34 12 82 14 57 13 18 
4 79 9 78 7 71 10 21 8 76 2 58 3 32 14 10 11 80 13 70 6 31 12 14 5 41 1 62 0 57 
5 18 10 56 9 68 6 18 12 57 1 12 3 23 14 46 7 37 2 74 0 57 11 46 4 9 8 44 13 62 
3 97 6 11 12 74 2 64 11 19 1 90 9 76 0 81 13 25 5 34 4 65 14 59 8 16 7 21 10 96 
11 62 12 57 4 10 2 48 13 93 10 56 7 6 0 98 1 47 14 60 6 26 5 55 9 78 8 89 3 95 
11 66 6 67 3 44 5 13 9 69 8 17 10 64 13 55 4 55 14 46 0 88 12 32 7 17 1 62 2 22 
6 72 5 69 9 91 8 92 14 85 13 99 4 40 11 66 7 22 1 62 3 9 2 50 0 91 10 78 12 63 
7 46 12 37 4 31 5 45 9 64 2 39 3 12 13 68 8 1 6 97 1 89 0 16 11 34 14 89 10 73 
4 69 10 57 14 4 2 78 0 82 6 91 13 79 1 50 7 58 8 76 3 20 11 96 9 20 12 22 5 32 
7 95 2 69 11 37 4 26 8 84 14 41 13 94 1 25 10 99 0 41 12 75 5 97 3 89 9 22 6 62 
13 18 9 44 7 53 14 39 3 90 0 13 2 39 5 98 6 76 8 59 4 52 11 35 1 60 12 38 10 77 
13 17 9 95 3 16 1 96 2 56 4 79 6 2 11 7 10 18 5 15 0 60 8 13 7 86 12 67 14 17 
13 27 0 39 3 23 9 62 12 22 10 82 5 80 8 47 6 51 11 9 4 25 1 92 2 1 7 24 14 2 
14 24 6 78 13 75 4 1 9 76 2 86 8 82 10 50 5 94 11 70 12 18 1 17 0 82 7 65 3 39 
14 11 10 11 6 57 11 80 5 95 13 49 7 67 1 60 4 96 2 24 9 30 0 37 3 99 12 19 8 31 
3 98 11 13 9 82 10 58 0 66 14 39 6 34 2 26 4 28 13 52 1 39 5 64 12 68 8 71 7 14 
11 31 3 7 7 7 8 34 12 22 4 69 13 9 10 69 5 66 1 99 9 93 6 41 14 24 2 41 0 54 
2 32 13 92 11 57 8 12 0 36 14 46 4 70 5 75 3 40 12 89 7 42 9 36 10 5 1 47 6 65 
6 17 7 68 4 2 0 17 14 21 2 63 5 72 11 88 8 47 1 41 13 7 12 57 10 44 3 12 9 16 
1 64 11 12 12 83 4 60 9 23 13 78 10 12 2 30 14 44 5 7 3 90 0 65 8 77 6 61 7 49 
1 23 8 83 3 30 10 7 13 32 0 28 6 54 5 73 14 6 9 28 12 2 2 4 4 47 7 59 11 53 
2 18 6 17 0 19 3 62 7 62 11 2 5 86 4 67 9 57 13 71 10 14 14 61 1 94 8 44 12 1 
8 18 13 57 9 91 4 13 3 78 10 54 11 10 7 28 0 78 6 38 2 68 14 40 12 77 5 6 1 5 
1 26 11 15 10 7 6 34 14 35 4 27 5 79 0 61 2 49 7 89 3 70 13 24 12 96 9 54 8 12 
12 99 3 57 8 39 14 93 11 83 13 82 4 30 6 95 1 45 5 64 7 25 9 39 10 5 0 18 2 79 
1 45 11 3 14 56 9 76 0 91 7 92 8 71 2 98 5 28 13 51 6 61 10 84 12 41 3 59 4 85 
2 79 5 15 4 87 3 74 1 65 11 91 12 47 13 21 6 67 9 78 8 37 0 31 14 37 7 17 10 39 
9 3 10 29 14 77 2 32 4 26 1 96 0 40 5 50 7 36 11 98 12 11 13 68 3 7 8 98 6 4 
11 21 3 79 8 23 0 42 6 34 12 5 4 91 5 34 1 17 10 5 2 70 9 9 13 60 7 68 14 23 
8 46 5 79 3 32 12 68 0 89 7 5 14 96 13 43 9 10 1 34 6 94 4 13 10 14 11 47 2 34 
12 18 11 38 10 31 5 26 7 20 0 73 3 79 1 86 13 19 2 80 14 34 9 32 4 21 6 1 8 66 
8 77 14 23 0 63 7 69 4 29 13 1 6 24 9 83 5 10 2 62 3 56 10 28 12 47 1 46 11 70 
1 55 6 7 14 41 11 39 13 23 5 24 4 27 8 12 0 88 9 55 7 44 12 91 2 98 3 15 10 90 
5 3 8 55 4 76 3 52 14 60 1 59 2 2 6 62 10 28 9 3 12 22 7 3 13 93 11 9 0 93 
7 69 12 50 2 81 6 84 11 76 4 26 13 9 1 21 8 99 3 94 0 50 14 26 9 95 5 91 10 9 
0 2 7 39 8 51 13 31 2 83 10 58 1 13 5 80 9 93 14 12 4 60 11 86 6 40 12 14 3 79 
5 65 2 37 14 92 10 54 12 90 11 18 13 2 3 38 1 74 9 65 8 57 4 45 7 37 0 73 6 78 
9 83 11 88 12 70 0 57 6 83 7 92 1 69 10 51 5 34 2 27 8 78 3 6 4 45 14 62 13 94 
10 75 11 88 4 1 9 28 5 32 12 45 3 12 14 61 8 19 2 2 1 41 6 28 7 45 0 74 13 74 
4 59 13 48 2 71 5 11 7 43 8 46 12 18 3 17 11 50 6 63 14 32 1 12 0 36 10 47 9 44 
