200 15 
11 35 13 78 6 6 3 76 5 79 9 64 0 42 8 94 2 15 7 43 12 69 10 49 1 35 14 22 4 40 
8 33 14 26 7 66 5 64 4 70 1 76 11 93 12 22 13 52 10 38 3 87 6 45 0 78 9 76 2 65 
1 70 13 10 6 26 4 69 3 96 14 14 7 29 12 75 11 28 8 60 0 51 2 50 10 28 5 66 9 71 
13 29 14 80 10 4 2 16 5 67 11 8 0 65 7 94 6 41 8 39 1 21 3 3 4 54 9 43 12 30 
6 4 9 84 10 15 11 4 3 31 0 73 1 69 7 84 2 20 13 14 5 25 14 94 8 39 4 79 12 52 
14 33 1 11 7 54 3 17 8 37 10 78 0 55 11 68 4 52 5 54 12 9 13 52 2 43 6 72 9 25 
4 33 12 42 0 52 9 18 10 32 8 18 14 55 11 18 6 39 7 21 13 28 3 67 1 46 5 3 2 74 
8 85 6 8 9 35 11 52 14 4 3 9 7 8 10 35 2 99 4 84 0 34 12 39 1 9 13 38 5 61 
1 45 12 87 3 29 4 45 9 30 8 97 7 71 2 72 13 81 5 6 0 23 14 17 6 86 10 56 11 68 
1 12 14 15 11 39 12 64 4 17 3 2 5 14 6 87 13 67 0 71 2 16 9 95 10 40 8 46 7 93 
7 35 9 64 5 62 12 66 0 95 10 68 3 35 8 63 11 16 1 62 4 59 14 69 2 31 6 71 13 50 
13 35 1 28 7 89 14 56 4 1 8 39 3 88 6 12 9 71 10 3 2 42 12 25 0 16 11 99 5 59 
5 80 4 94 14 29 12 15 6 96 2 64 13 56 8 87 11 29 3 65 7 39 9 29 1 70 0 68 10 68 
1 54 9 3 5 17 8 2 6 60 13 75 12 97 4 83 2 17 11 7 7 12 3 24 10 91 14 69 0 39 
9 29 14 74 1 9 8 56 3 46 5 81 0 77 2 68 10 97 12 92 7 25 6 31 13 20 11 49 4 2 
10 78 6 71 2 2 14 68 4 87 9 87 13 9 5 57 11 19 1 36 7 4 0 70 8 62 3 76 12 40 
14 89 5 47 0 58 1 95 13 69 2 2 6 70 4 38 3 16 8 76 9 24 12 61 10 56 11 27 7 89 
6 12 0 84 9 42 12 14 2 58 11 3 7 60 3 49 8 85 5 9 10 44 13 3 14 74 4 69 1 94 
2 85 3 72 0 66 8 91 13 16 14 39 7 8 1 25 11 14 9 8 10 52 4 65 6 60 12 72 5 42 
5 55 3 97 12 35 10 26 0 78 14 73 4 85 9 14 6 34 7 32 1 9 2 39 11 93 13 78 8 81 
10 45 4 64 9 6 2 40 12 7 14 56 6 53 0 57 8 17 3 7 1 59 5 8 11 68 7 4 13 21 
0 94 14 2 1 46 6 76 9 37 13 84 12 52 5 63 4 57 3 92 11 95 2 42 8 44 10 88 7 64 
11 9 7 58 13 33 0 36 1 80 10 85 8 20 14 79 2 32 6 96 12 49 5 1 3 29 4 44 9 26 
14 24 0 73 8 54 1 65 2 9 7 19 5 87 9 36 12 53 10 96 11 62 4 95 13 99 3 36 6 68 
14 48 8 91 5 24 9 71 2 57 4 29 3 99 6 6 13 15 10 51 1 36 0 72 12 94 7 81 11 13 
13 37 12 32 5 48 10 53 3 90 6 10 11 53 2 29 8 66 0 76 7 97 4 16 14 34 9 46 1 95 
9 43 3 8 13 92 12 20 0 8 6 23 11 46 5 88 2 38 8 16 10 59 7 41 1 1 4 40 14 9 
5 54 0 72 13 92 8 63 7 21 4 70 1 83 9 27 6 12 12 45 14 58 3 64 2 50 11 84 10 10 
1 32 11 41 2 17 10 86 9 68 8 66 5 15 4 22 0 96 14 76 12 47 7 59 3 95 6 90 13 83 
12 53 9 29 2 36 1 79 11 38 7 15 5 98 0 59 6 60 14 13 13 33 8 9 3 5 10 32 4 27 
3 23 8 99 14 89 7 71 2 98 10 55 1 76 5 27 9 30 12 34 6 3 11 28 0 48 4 71 13 6 
5 35 0 94 4 81 9 36 10 56 12 73 6 16 1 44 2 84 8 24 11 74 13 48 7 15 3 20 14 79 
3 18 2 18 10 20 1 24 9 15 5 98 6 49 13 18 7 46 11 88 12 29 0 24 4 32 8 22 14 6 
5 30 2 16 14 31 10 72 6 54 0 92 4 6 11 65 8 26 9 28 13 19 1 22 12 78 3 8 7 36 
14 31 8 70 7 99 6 16 9 87 10 97 12 83 5 33 11 22 1 61 0 56 3 33 2 79 4 70 13 98 
3 14 0 57 11 30 10 58 7 76 13 57 8 83 5 68 14 43 2 57 1 8 4 58 12 14 9 98 6 35 
6 50 10 82 8 72 9 92 12 26 13 9 14 68 4 57 7 52 1 59 11 79 5 45 0 45 3 2 2 1 
6 40 12 90 5 89 9 81 11 14 4 82 13 33 1 22 14 78 10 96 2 44 3 92 8 84 7 72 0 91 
12 55 5 40 7 88 8 31 9 39 10 99 11 40 14 8 13 98 1 92 4 32 3 37 6 88 0 96 2 26 
8 1 5 95 2 65 6 89 1 63 0 86 7 14 3 62 14 38 12 27 10 31 11 44 4 91 13 3 9 80 
14 13 4 16 3 20 13 85 7 44 8 22 12 97 1 66 5 38 10 21 11 26 6 73 2 84 0 15 9 20 
14 30 8 98 9 47 12 10 10 72 11 88 6 42 3 22 1 65 4 60 2 6 13 83 0 84 5 49 7 79 
3 54 11 2 14 17 1 60 6 18 13 27 7 84 12 74 2 26 10 95 5 28 8 31 0 34 9 70 4 33 
2 84 11 96 9 89 1 18 12 65 3 36 7 60 14 76 5 55 0 55 4 22 8 52 6 85 13 96 10 8 
1 10 4 96 3 3 9 75 6 19 5 89 10 12 11 48 14 93 13 39 2 44 12 71 7 37 0 63 8 88 
9 24 6 26 0 77 2 34 8 96 12 3 4 20 7 92 5 90 13 28 1 64 10 49 3 7 11 53 14 79 
4 63 1 13 11 11 6 55 14 56 13 18 0 74 5 55 12 32 8 79 3 63 7 82 9 86 2 6 10 95 
14 71 9 64 7 16 5 15 4 65 0 48 1 80 6 98 12 35 8 17 3 2 2 65 13 32 11 81 10 1 
4 22 3 68 1 83 10 79 13 18 7 32 8 62 6 76 2 99 0 26 12 44 5 24 11 20 14 1 9 85 
5 92 4 1 11 22 9 38 7 74 6 76 1 90 0 17 10 73 14 86 3 35 13 25 8 52 12 7 2 85 
9 49 8 86 10 56 12 52 0 64 13 23 14 15 5 61 3 73 6 34 2 32 4 90 7 85 1 37 11 45 
2 58 11 55 9 85 10 71 3 5 6 57 1 2 12 22 13 72 0 5 4 54 8 15 5 9 7 42 14 42 
12 82 11 75 14 32 2 52 4 63 5 22 6 8 1 95 10 79 13 36 3 85 0 44 9 50 8 48 7 52 
7 74 5 33 14 41 8 94 3 59 6 50 1 90 10 65 12 88 2 53 9 2 0 53 4 40 13 81 11 5 
5 34 11 4 13 6 1 31 3 23 8 76 7 66 0 46 4 51 10 59 14 53 12 63 9 97 2 4 6 83 
2 31 9 71 10 46 5 59 14 23 13 76 7 17 1 6 4 80 0 68 12 54 8 30 6 50 3 52 11 8 
13 63 10 38 9 71 7 71 0 74 14 45 6 27 5 7 2 58 11 91 4 99 8 31 3 25 1 79 12 80 
7 78 13 34 14 32 2 6 0 83 5 75 6 38 4 62 8 34 3 71 11 93 9 13 12 23 1 74 10 90 
14 13 6 50 7 87 11 22 4 10 0 41 12 60 8 69 1 15 3 55 13 55 10 53 2 31 5 83 9 9 
3 29 4 78 9 47 2 12 10 68 11 6 1 41 12 81 13 99 14 84 0 16 6 98 8 18 7 12 5 75 
9 99 14 83 13 68 5 47 12 96 3 43 4 36 1 89 10 4 7 87 11 19 2 80 0 88 8 17 6 98 
4 7 14 56 2 19 3 1 5 90 12 24 7 76 1 98 13 52 6 16 11 32 10 93 9 58 8 2 0 93 
14 80 2 6 9 36 10 68 4 24 3 46 13 48 1 19 11 81 12 76 6 97 5 39 8 61 7 65 0 41 
12 59 14 94 2 82 10 72 3 80 4 51 13 34 11 7 8 82 0 70 7 14 5 60 6 52 1 33 9 16 
10 30 8 53 0 7 5 23 7 86 6 96 14 78 2 44 12 42 11 44 4 92 13 35 1 75 3 11 9 73 
4 1 2 19 1 88 0 77 7 29 3 80 13 6 12 46 8 96 10 99 14 3 6 66 5 23 11 47 9 29 
11 14 14 79 13 56 12 90 1 23 0 63 10 7 5 5 7 84 9 75 8 1 2 7 4 51 3 93 6 21 
9 87 14 80 5 21 12 99 0 13 7 57 6 26 4 57 8 36 10 62 1 52 13 68 11 2 2 5 3 21 
1 66 14 67 11 96 3 47 7 83 13 21 12 17 10 4 4 94 6 56 5 57 8 40 2 75 9 29 0 11 
3 29 11 76 1 81 2 3 5 74 14 21 13 57 6 30 0 55 10 28 12 59 9 90 4 29 7 14 8 19 
4 6 9 32 3 5 13 96 7 5 1 64 2 56 8 52 10 19 11 55 6 87 14 43 0 48 5 32 12 75 
11 24 13 53 0 26 1 24 5 13 10 4 2 33 3 68 7 4 8 43 14 9 6 75 12 5 9 73 4 39 
0 20 12 87 13 50 10 24 9 52 6 50 5 26 11 30 14 14 4 50 1 22 3 85 2 59 7 44 8 12 
1 80 14 89 2 84 12 22 10 21 3 52 6 55 4 29 9 33 7 86 13 24 5 52 11 8 0 74 8 55 
14 44 4 83 11 17 3 87 13 2 10 28 6 54 2 79 0 18 12 62 5 71 7 29 8 93 1 17 9 21 
7 46 3 80 14 81 10 15 4 49 11 11 0 55 8 31 5 78 9 4 1 88 6 36 12 77 2 72 13 63 
3 39 1 10 5 63 12 78 2 98 11 83 7 53 4 23 14 93 0 19 10 26 6 12 8 69 9 97 13 30 
14 35 6 75 4 53 12 43 0 41 5 15 1 66 8 97 9 31 3 68 10 22 11 97 7 63 13 72 2 53 
0 80 5 16 2 39 1 17 14 63 9 51 13 73 11 67 8 5 10 73 6 40 12 49 4 44 3 44 7 60 
10 44 4 23 0 85 11 41 1 92 12 64 2 99 13 28 14 48 3 92 5 65 6 45 9 6 7 99 8 33 
0 35 9 80 12 20 6 42 14 63 4 28 7 18 13 28 8 32 11 18 5 70 1 84 2 19 10 37 3 13 
7 56 2 25 9 34 6 26 14 51 8 88 5 98 13 57 12 87 3 61 4 72 1 48 10 55 11 6 0 85 
11 62 9 8 5 83 3 36 6 57 0 20 1 54 4 19 10 55 13 29 2 53 14 53 8 61 7 6 12 39 
7 5 13 75 1 39 6 90 5 44 3 96 10 2 0 68 8 35 4 56 12 92 2 99 11 59 9 99 14 85 
13 62 9 86 14 60 12 71 5 88 2 9 11 97 1 87 8 16 3 77 4 48 10 61 6 19 7 80 0 49 
9 79 10 3 8 51 11 81 2 76 4 75 0 92 13 62 1 64 6 47 14 66 5 55 12 95 3 4 7 72 
0 8 14 56 13 69 4 59 10 44 5 78 9 84 11 20 1 31 7 54 6 70 3 25 12 98 2 91 8 41 
9 49 4 53 11 78 8 52 2 34 10 34 0 9 5 23 7 62 6 56 14 20 1 47 12 54 3 47 13 4 
9 4 0 68 7 21 11 84 13 34 8 59 2 98 3 62 1 97 5 31 4 24 6 16 12 22 10 89 14 38 
3 59 11 88 10 10 1 84 6 19 9 24 12 38 13 85 5 24 2 53 4 60 0 12 14 21 7 6 8 20 
1 12 13 13 11 70 6 35 9 36 3 36 7 77 0 87 4 94 14 94 12 59 2 59 5 7 10 92 8 78 
6 18 8 9 13 78 9 92 14 68 4 24 2 5 1 49 0 20 3 24 7 55 11 75 12 39 10 30 5 23 
12 34 10 57 4 5 14 16 0 36 9 14 13 8 6 13 8 84 1 33 3 96 11 71 7 78 5 68 2 64 
6 77 5 19 10 70 8 1 9 85 4 69 7 26 14 80 11 84 3 54 0 11 1 67 13 33 12 25 2 26 
8 2 1 54 9 43 4 4 7 67 0 85 6 76 14 95 2 23 5 85 10 67 13 88 3 35 12 12 11 27 
10 24 8 11 1 81 14 91 5 43 6 28 2 45 12 51 11 33 3 51 9 70 13 25 0 88 7 44 4 74 
1 75 11 17 10 24 0 29 2 33 9 16 12 42 4 21 7 78 3 61 8 42 5 58 13 42 6 97 14 20 
9 17 0 16 5 68 10 67 11 24 13 54 14 41 6 70 7 15 3 18 2 78 4 99 1 96 8 70 12 57 
1 90 8 83 11 95 5 27 7 38 13 81 2 99 0 40 3 4 6 26 14 39 12 69 9 32 4 78 10 61 
2 69 11 58 8 64 1 50 3 22 4 71 14 59 9 26 7 66 10 77 6 89 0 1 13 67 5 33 12 56 
5 61 3 49 12 62 11 61 8 33 7 38 0 48 1 31 9 51 14 89 2 3 6 55 13 25 4 90 10 15 
3 89 14 26 8 45 7 59 10 27 9 11 11 52 6 58 0 28 1 53 13 29 4 90 12 34 2 25 5 30 
7 70 11 10 3 8 14 78 0 2 2 6 10 84 9 90 4 67 1 47 8 18 12 19 6 50 13 55 5 83 
9 66 8 43 3 61 4 1 5 20 11 68 7 43 0 24 2 47 10 25 13 12 14 3 12 75 6 65 1 88 
1 50 12 98 7 76 5 22 9 98 8 3 2 44 4 90 10 73 13 60 3 72 0 38 14 98 11 58 6 83 
3 17 2 78 10 87 9 32 0 78 4 20 11 33 13 24 14 15 8 42 7 9 6 83 5 43 1 89 12 9 
10 32 14 44 6 65 13 59 4 33 12 85 0 5 2 46 8 52 5 91 11 41 7 28 3 77 1 76 9 47 
13 70 11 33 12 55 4 68 10 93 5 82 9 4 7 42 8 70 0 18 3 98 14 13 6 10 1 2 2 20 
1 67 4 51 5 12 11 67 10 36 7 75 0 58 12 44 14 50 3 56 2 55 8 20 6 49 13 51 9 79 
2 96 5 36 11 72 12 68 1 4 7 65 8 17 9 80 10 54 14 75 6 26 4 1 3 69 0 91 13 26 
10 62 7 95 3 99 9 37 13 49 0 71 5 3 6 97 8 57 14 21 4 99 2 18 1 38 11 17 12 41 
8 38 9 65 14 9 12 60 3 68 4 24 5 32 13 42 2 97 0 72 10 78 1 52 11 27 7 7 6 33 
12 98 5 66 10 91 0 49 11 51 13 90 2 15 14 73 4 74 3 92 1 80 8 58 7 25 9 37 6 69 
5 59 7 77 12 42 4 72 13 17 9 86 6 45 11 98 0 96 1 48 10 70 2 59 8 29 14 32 3 94 
1 24 11 93 6 87 7 24 14 28 8 28 10 31 5 75 9 13 2 49 12 87 13 37 0 65 4 17 3 3 
14 88 3 76 5 36 10 12 0 38 13 51 7 55 1 36 8 85 2 16 6 44 12 46 11 53 4 91 9 36 
5 76 0 67 6 63 9 55 14 71 12 55 1 5 13 52 7 21 2 79 8 7 10 95 11 69 4 52 3 84 
10 32 3 15 5 31 13 75 12 77 6 99 11 75 4 65 1 55 7 65 2 40 14 53 9 64 8 48 0 19 
9 34 14 18 12 59 5 45 8 43 11 48 6 2 7 6 4 77 1 29 13 66 10 34 3 98 2 50 0 96 
10 88 1 71 6 1 12 84 5 75 9 9 8 72 2 58 3 59 11 78 4 77 13 6 0 39 14 1 7 64 
8 1 7 94 0 47 2 66 1 91 6 55 9 64 13 68 4 47 11 33 12 27 3 49 14 79 10 84 5 17 
3 70 6 71 12 10 0 52 10 85 5 6 1 51 14 37 2 94 9 5 8 71 13 59 4 18 11 67 7 35 
13 93 5 5 12 9 3 93 11 77 0 14 14 78 6 52 10 38 4 22 2 33 1 15 9 94 8 38 7 96 
9 27 11 15 14 22 7 21 10 23 12 71 0 78 13 58 4 58 6 53 5 96 8 40 3 81 2 64 1 38 
7 69 14 25 8 72 9 49 1 6 5 93 3 8 2 69 13 15 11 73 4 15 10 11 12 43 0 32 6 23 
9 85 7 30 6 64 11 20 14 89 2 43 10 48 0 33 13 39 3 63 4 41 5 78 1 5 8 7 12 62 
3 78 7 8 8 73 14 88 2 71 9 30 5 89 12 93 13 46 4 16 0 95 11 65 10 72 1 77 6 55 
14 99 5 30 9 69 11 28 13 44 6 62 0 45 4 18 1 45 2 94 7 92 3 41 8 16 12 63 10 91 
14 3 13 5 3 7 9 38 8 79 7 43 11 20 2 96 10 54 0 75 4 70 6 4 5 7 12 4 1 53 
11 7 1 8 7 41 6 21 0 68 4 48 10 55 14 86 8 79 13 27 2 65 9 56 5 48 12 96 3 99 
9 1 7 95 11 50 1 16 8 40 12 95 13 84 10 85 14 82 5 65 0 15 2 16 3 53 4 94 6 40 
12 79 13 56 10 78 5 77 8 17 11 61 0 94 7 60 4 82 14 20 2 61 9 8 1 5 6 6 3 65 
13 54 11 61 4 23 10 13 14 96 5 51 12 23 7 82 2 9 1 2 6 24 8 28 9 65 0 85 3 33 
5 77 0 46 11 49 1 14 12 33 6 70 7 41 10 41 9 60 13 75 3 72 2 22 4 76 8 75 14 75 
9 9 7 78 5 58 2 23 3 93 12 33 6 91 13 41 0 68 10 58 4 71 14 12 1 1 11 93 8 55 
11 71 0 95 14 31 8 77 10 60 3 96 6 7 7 3 1 56 12 42 9 19 5 44 4 35 13 59 2 41 
6 12 8 20 1 25 4 97 0 14 14 63 9 66 7 83 2 56 13 97 11 26 5 49 12 78 10 8 3 89 
10 31 4 72 1 48 11 35 0 7 13 92 8 24 6 19 12 48 7 82 14 43 9 61 5 48 3 90 2 20 
9 55 6 33 0 34 5 75 7 30 12 69 10 69 2 17 14 27 1 67 13 95 11 5 3 98 8 15 4 86 
10 14 11 98 5 98 4 11 3 78 7 95 1 54 9 7 8 99 12 65 14 47 2 72 6 26 0 58 13 96 
13 6 9 98 2 23 7 14 14 11 4 68 10 41 1 74 11 65 0 29 8 49 12 28 6 14 5 65 3 55 
5 9 2 79 7 1 11 98 0 91 1 8 14 56 8 26 3 28 12 27 4 46 13 74 10 43 6 88 9 89 
8 10 2 84 7 94 13 14 4 73 5 14 10 28 14 60 9 88 11 58 1 92 12 45 0 38 3 33 6 70 
2 92 7 68 0 62 13 91 6 57 1 74 4 12 3 57 11 28 12 42 9 74 5 94 14 35 8 90 10 39 
4 53 2 85 12 31 8 93 9 83 5 53 14 9 7 17 0 70 3 10 6 2 10 74 13 94 11 99 1 93 
4 53 10 80 2 74 9 53 13 89 3 67 14 84 5 45 12 16 11 11 6 48 8 24 7 3 0 38 1 4 
4 24 9 22 13 69 11 60 14 85 10 97 3 83 0 9 6 12 7 74 2 43 12 7 8 99 5 57 1 24 
8 55 10 63 6 36 12 21 14 19 9 80 11 96 0 12 2 49 13 22 1 25 5 89 7 99 3 72 4 16 
12 25 14 16 2 97 11 81 10 98 1 96 7 95 5 69 4 55 13 36 9 34 3 90 8 61 0 37 6 97 
0 69 5 59 12 95 9 6 8 44 13 39 10 49 4 86 1 2 14 3 7 72 6 67 3 77 11 93 2 89 
9 36 0 5 7 77 10 38 12 45 8 18 11 19 5 9 14 36 3 56 2 80 13 52 4 33 1 44 6 26 
13 43 3 49 12 15 4 45 1 27 8 41 10 88 11 33 9 97 0 12 7 86 5 52 2 10 6 6 14 52 
8 97 12 86 7 47 9 45 11 14 0 17 14 24 5 67 10 25 1 89 3 25 13 90 6 9 2 16 4 63 
2 17 8 64 4 86 14 80 13 12 5 13 9 51 1 97 10 94 7 97 12 82 11 38 3 95 0 51 6 1 
9 14 2 69 12 50 7 15 5 49 6 1 0 70 3 53 14 81 10 53 4 34 8 6 11 29 1 3 13 72 
14 20 6 6 12 80 8 51 7 24 2 84 10 95 4 20 13 37 5 82 9 57 0 8 1 36 3 63 11 34 
6 18 4 59 2 35 14 65 1 65 13 59 3 11 12 37 7 69 0 42 9 78 5 60 8 94 11 55 10 96 
10 74 7 59 4 98 2 42 14 3 5 70 9 67 1 5 12 90 6 67 13 4 11 78 3 14 8 90 0 97 
12 80 8 99 1 90 0 44 11 20 10 22 2 57 9 55 6 3 7 91 3 40 13 15 14 1 4 97 5 63 
10 10 7 61 3 7 4 4 5 52 2 11 11 74 6 11 14 26 0 68 12 55 9 77 8 11 1 36 13 35 
8 12 3 68 1 99 4 2 12 81 0 5 7 47 14 85 11 18 5 44 13 85 6 63 2 25 9 9 10 97 
7 87 9 33 6 69 3 83 11 76 12 8 13 37 1 20 4 67 5 6 8 78 0 11 14 80 10 56 2 10 
6 83 8 53 13 29 0 42 9 84 10 1 4 21 12 92 1 85 5 56 14 25 2 41 3 69 11 46 7 36 
7 76 0 35 4 49 12 85 9 32 14 50 6 29 1 18 5 4 3 97 13 72 10 69 2 11 11 71 8 51 
4 23 3 41 8 78 2 90 10 84 9 5 5 24 1 59 7 84 11 10 0 80 6 92 13 26 14 85 12 94 
8 26 2 33 11 53 3 96 1 88 12 90 5 86 14 46 6 98 7 31 10 31 4 2 9 5 0 72 13 49 
2 2 7 3 11 41 14 58 13 18 8 6 9 47 5 53 6 33 3 83 0 37 12 30 1 24 4 90 10 94 
9 75 8 23 11 87 0 50 5 30 1 96 14 22 6 44 12 46 10 24 4 61 13 76 3 51 7 36 2 34 
0 23 1 57 7 61 6 97 14 74 4 85 8 8 10 44 12 26 3 92 9 12 5 96 11 3 13 16 2 11 
7 45 11 51 14 64 3 7 1 60 2 91 0 90 9 19 4 14 5 21 8 68 10 70 12 26 6 56 13 80 
10 5 1 67 12 23 14 37 2 13 4 59 3 57 7 29 11 79 9 60 6 29 0 53 13 63 5 66 8 27 
5 12 13 86 3 11 7 23 6 6 10 65 9 3 8 7 0 74 11 30 2 12 12 68 14 2 4 32 1 35 
3 67 11 20 12 3 6 69 9 49 8 11 5 85 0 37 14 21 4 17 7 24 1 85 13 92 2 73 10 37 
11 50 12 88 7 85 1 44 3 56 4 97 5 69 9 42 10 38 2 3 8 12 0 38 6 18 14 98 13 53 
3 10 5 92 2 33 0 19 12 37 11 82 1 67 13 81 8 69 10 70 14 63 7 10 6 27 4 7 9 21 
12 70 10 1 6 66 0 19 3 93 2 99 14 24 8 34 7 68 1 19 9 23 5 36 11 71 13 15 4 2 
12 97 14 51 10 38 13 69 5 27 0 13 7 97 9 24 11 43 4 32 8 43 3 81 6 29 1 50 2 41 
7 72 5 81 8 43 6 89 4 66 9 88 10 60 3 12 0 88 2 12 13 29 12 53 11 87 1 85 14 96 
2 10 13 43 8 23 3 85 5 92 1 99 6 79 0 95 14 89 4 49 10 4 7 70 12 59 11 54 9 11 
0 8 9 11 3 3 7 44 1 72 8 88 11 72 12 76 13 72 10 94 2 16 5 38 6 3 14 77 4 20 
8 56 3 92 5 35 2 1 11 34 9 30 1 32 7 29 13 17 12 46 10 99 4 30 6 67 14 37 0 49 
6 94 13 91 7 87 9 36 5 71 8 86 10 13 4 2 0 40 14 99 11 72 1 34 3 22 2 99 12 64 
4 78 14 78 8 19 3 20 0 13 11 88 1 80 9 8 7 58 2 33 5 77 12 90 6 95 10 37 13 55 
3 10 4 13 10 17 6 42 1 22 8 20 14 68 2 91 11 61 7 51 0 36 12 87 9 66 5 71 13 19 
0 46 1 26 14 26 3 76 9 42 8 51 5 94 2 69 6 3 12 99 4 72 7 71 10 38 11 30 13 51 
0 84 5 5 14 9 12 49 10 44 6 86 4 28 9 16 1 82 13 40 8 33 11 61 7 86 2 97 3 62 
7 47 8 31 2 67 4 56 10 57 13 34 14 7 5 85 3 89 11 90 9 15 12 71 6 77 1 70 0 37 
10 62 1 25 12 34 6 62 5 42 14 31 2 83 3 49 13 20 7 71 11 93 9 13 4 44 0 43 8 92 
8 92 1 7 9 88 7 75 5 73 2 64 0 61 10 83 13 68 12 33 3 33 4 70 11 14 6 59 14 8 
6 16 10 89 2 79 7 74 8 37 13 14 0 75 5 88 12 38 14 41 9 1 1 82 11 71 4 3 3 59 
3 89 7 17 8 27 13 83 1 83 4 68 11 73 6 73 10 76 9 78 2 22 0 29 5 20 14 98 12 64 
7 6 3 33 4 35 12 3 13 50 8 21 10 43 11 43 0 69 9 1 6 3 2 88 5 53 14 6 1 91 
11 91 13 55 14 54 3 78 2 19 9 84 12 23 8 5 10 94 5 71 0 20 1 68 4 42 7 23 6 33 
1 63 14 41 4 48 0 20 11 21 3 27 12 48 9 21 5 93 6 51 2 8 10 47 8 38 13 98 7 51 
5 9 2 19 9 93 14 62 11 66 12 69 10 3 3 97 4 15 1 21 8 55 0 17 6 98 13 10 7 19 
7 1 5 38 2 50 11 73 1 34 3 23 14 58 9 32 13 26 12 25 8 73 10 45 0 8 4 22 6 13 
0 2 7 43 8 95 13 38 3 93 9 16 11 38 5 19 10 69 2 63 6 50 1 47 12 24 4 52 14 90 
6 60 9 1 13 56 8 76 5 66 4 82 11 29 1 95 3 26 2 32 0 67 12 73 14 60 10 72 7 67 
0 90 9 96 14 30 11 54 7 27 12 31 6 26 1 61 13 64 5 36 4 39 10 93 8 67 2 45 3 90 
13 23 14 70 6 25 9 15 5 36 8 46 12 15 2 75 10 14 11 18 3 78 1 66 7 76 0 34 4 25 
