200 15 
6 69 10 33 8 51 7 53 3 92 9 24 5 37 1 84 2 2 11 23 12 50 4 98 14 48 0 54 13 73 
3 70 4 25 1 43 13 28 8 35 12 28 6 34 7 82 9 64 10 19 0 70 11 63 2 6 5 45 14 33 
7 29 8 56 6 1 1 53 5 70 14 19 9 15 0 65 3 82 13 99 4 50 11 6 2 8 12 83 10 60 
2 23 9 88 3 93 13 64 5 68 7 10 4 50 1 95 12 27 6 54 0 73 8 3 10 22 14 35 11 78 
11 19 13 62 2 11 3 9 1 39 10 55 0 10 14 14 6 68 4 32 9 76 12 48 5 10 7 61 8 72 
8 34 4 59 1 38 0 99 5 1 12 23 10 82 11 77 9 82 6 22 14 93 13 74 7 77 3 55 2 43 
2 47 10 83 12 30 13 30 3 79 4 39 5 8 11 9 14 83 7 17 6 12 9 27 8 3 0 81 1 46 
0 84 9 29 10 48 2 62 8 25 4 1 13 93 12 67 7 43 3 46 14 8 1 3 5 4 6 71 11 38 
8 6 6 33 10 5 3 51 7 57 11 54 13 96 4 21 5 55 14 47 1 14 9 93 12 94 0 77 2 95 
4 85 0 34 9 21 3 41 11 20 8 31 6 54 1 92 10 31 13 10 5 90 2 26 12 90 7 1 14 46 
12 67 11 56 14 74 2 8 4 46 9 1 0 9 5 50 1 73 3 11 7 98 13 69 8 2 10 92 6 9 
12 81 1 28 9 76 4 86 14 59 0 58 2 31 10 33 6 16 3 87 5 30 13 20 8 71 7 93 11 69 
14 61 3 69 8 9 13 11 7 13 4 86 10 33 2 27 1 6 11 83 6 8 12 78 5 9 9 49 0 31 
12 95 1 85 0 17 9 89 4 13 14 62 2 5 7 20 11 48 8 67 10 90 13 89 3 78 6 49 5 50 
6 62 12 8 7 23 13 84 0 70 10 17 4 49 3 51 8 83 14 95 5 98 9 46 2 22 1 42 11 5 
4 85 14 59 7 41 1 12 3 92 9 64 10 29 2 31 8 36 13 65 11 32 12 5 5 90 6 69 0 17 
14 64 7 47 0 24 1 70 11 88 3 43 2 32 12 97 8 6 10 3 4 7 5 85 6 92 9 54 13 92 
7 59 9 15 12 84 2 43 3 22 1 83 0 26 4 47 6 41 11 19 14 84 13 62 5 29 8 16 10 85 
9 21 2 11 11 38 1 54 10 74 5 42 7 91 3 30 0 89 13 72 4 49 14 89 12 78 8 57 6 60 
7 99 2 24 10 45 1 57 4 34 14 60 0 83 8 66 13 98 3 17 12 59 11 23 6 98 9 82 5 33 
6 88 7 47 9 38 10 83 13 75 5 12 8 25 0 37 2 43 11 14 3 34 14 22 1 78 12 70 4 9 
8 81 5 15 1 40 13 81 9 2 2 90 0 75 14 41 7 17 6 70 3 94 4 34 10 24 11 2 12 76 
5 79 2 45 6 12 9 29 4 4 1 3 12 97 10 40 11 55 8 75 0 16 14 3 7 50 13 40 3 3 
14 39 6 20 12 41 2 31 3 43 11 5 7 81 0 20 8 82 5 9 4 88 9 59 10 57 1 26 13 97 
8 56 0 82 9 51 1 82 5 95 11 6 6 46 7 89 14 35 12 10 4 83 13 37 2 72 10 31 3 82 
6 63 11 89 13 64 9 35 4 81 14 25 0 1 8 14 3 7 7 39 1 98 2 97 5 23 12 89 10 8 
11 13 4 84 6 97 12 60 0 31 14 17 7 35 3 32 9 14 13 73 2 10 10 38 8 69 1 35 5 51 
7 82 12 47 11 68 0 10 1 29 3 29 2 45 5 83 10 46 6 58 4 79 8 84 9 99 13 91 14 8 
5 71 7 77 2 67 11 59 4 76 13 10 6 20 14 37 12 3 9 65 0 13 3 18 10 95 8 67 1 89 
3 54 1 82 14 45 8 75 5 91 7 82 0 11 11 51 12 62 9 34 10 94 6 62 2 92 4 38 13 13 
13 58 10 55 14 24 4 92 12 29 3 47 9 5 2 60 8 48 6 90 7 94 1 63 5 31 11 93 0 29 
8 96 5 9 3 76 10 10 2 73 12 63 9 6 1 57 4 75 11 76 13 88 7 24 6 49 14 34 0 55 
13 71 5 2 4 85 11 15 14 9 7 33 6 26 0 69 8 90 2 35 9 26 10 77 3 84 12 30 1 94 
13 10 5 87 6 67 10 33 11 57 0 92 9 89 8 52 3 22 4 76 7 72 14 5 2 30 12 55 1 95 
0 19 12 40 7 82 9 44 14 43 2 11 1 44 13 69 8 67 3 58 11 49 5 91 6 57 4 70 10 69 
8 44 9 43 1 16 11 52 14 47 4 75 2 74 13 48 5 44 6 87 3 11 0 84 10 91 7 67 12 89 
1 15 6 27 12 27 5 59 9 36 8 31 11 15 14 32 7 57 4 43 13 85 2 3 0 43 10 30 3 84 
2 44 12 87 6 28 3 6 4 48 11 15 9 28 7 34 8 37 14 96 10 70 13 12 1 40 5 23 0 27 
10 32 13 17 6 89 2 59 5 8 0 42 9 70 4 36 11 40 8 18 3 26 1 75 14 7 7 55 12 51 
6 17 2 89 7 19 10 14 13 54 0 57 1 71 14 7 12 46 11 94 9 34 5 62 4 49 3 78 8 38 
3 35 6 20 1 28 14 19 0 6 7 26 13 44 5 51 8 24 11 42 12 75 4 82 10 26 9 20 2 91 
11 22 0 71 3 64 13 76 4 69 9 61 8 31 7 59 12 56 2 51 1 30 14 78 10 19 5 49 6 18 
7 76 13 28 14 14 12 35 8 61 2 43 0 43 6 31 3 94 9 2 10 38 4 99 11 41 5 24 1 91 
7 60 9 44 2 60 4 44 5 27 10 22 3 2 1 29 13 64 0 44 11 85 8 79 6 26 14 71 12 32 
12 53 1 87 6 95 13 68 5 72 9 15 10 25 2 81 3 62 8 71 14 60 4 72 0 86 7 10 11 63 
5 86 9 50 8 21 6 23 0 37 4 57 12 41 2 47 7 60 1 33 3 91 10 31 13 4 14 34 11 69 
13 30 6 2 7 78 14 26 0 71 3 87 2 74 11 31 10 56 1 91 9 13 8 89 4 42 12 51 5 89 
12 42 9 11 6 51 7 32 0 48 3 13 8 89 11 54 4 33 5 78 1 92 14 68 13 82 10 96 2 60 
11 22 6 7 5 35 0 64 7 8 3 15 8 26 10 31 14 10 2 32 13 22 9 69 4 45 12 54 1 87 
12 45 7 14 8 93 4 49 3 20 6 14 2 49 11 9 0 28 10 23 5 98 1 54 13 18 14 61 9 40 
11 46 5 8 8 76 1 29 0 7 2 3 7 95 9 59 3 58 4 55 12 69 14 12 6 62 13 19 10 78 
11 90 10 27 3 61 4 78 0 12 14 79 9 83 2 94 13 49 7 15 8 57 6 95 12 75 5 46 1 12 
5 54 7 1 3 31 9 32 11 7 0 27 12 91 6 48 1 43 4 81 8 65 13 34 2 80 14 40 10 63 
11 44 12 42 0 25 3 50 1 13 14 65 4 77 6 57 8 42 7 50 2 29 10 95 5 15 9 70 13 86 
13 65 3 50 9 1 5 74 14 49 12 6 6 2 2 84 11 22 4 6 10 97 7 54 8 25 1 66 0 46 
10 39 8 93 4 67 13 14 0 70 7 27 1 52 6 16 11 78 2 45 9 50 3 80 14 16 5 35 12 10 
3 48 9 25 8 70 13 37 6 29 11 71 0 17 2 9 14 30 1 16 12 51 7 46 10 51 4 22 5 85 
2 6 0 71 6 36 1 94 5 2 12 49 11 26 7 56 9 85 8 93 10 38 4 17 13 92 14 36 3 49 
1 99 2 75 4 73 11 34 8 41 0 59 12 23 7 77 6 15 13 53 9 35 5 78 3 82 10 27 14 21 
1 40 3 16 2 12 7 32 8 92 5 11 14 29 6 80 0 10 13 14 10 81 9 21 12 67 4 20 11 76 
7 13 2 65 14 9 3 56 1 95 0 73 12 29 10 11 5 60 9 51 4 80 11 61 6 45 13 93 8 96 
0 46 14 45 11 7 3 78 4 73 5 79 8 31 2 49 9 98 1 57 10 42 6 90 12 81 7 14 13 71 
12 78 3 21 1 24 14 35 10 13 8 13 0 14 4 17 9 25 11 28 7 3 2 28 6 43 5 77 13 22 
12 57 3 35 10 55 7 11 9 96 11 30 8 34 6 89 13 69 5 15 1 59 14 35 4 80 0 69 2 29 
10 99 3 65 7 82 2 95 14 75 5 40 0 35 13 9 11 94 4 23 1 25 8 83 6 18 12 90 9 44 
14 88 12 13 4 26 3 6 1 12 10 19 5 78 9 34 13 33 0 64 11 33 6 9 8 67 2 49 7 21 
11 35 4 22 7 69 8 3 12 97 6 83 3 33 2 27 13 21 10 35 5 28 0 64 9 30 14 78 1 11 
9 46 12 19 11 83 13 12 14 78 7 56 0 9 5 34 8 63 2 19 10 79 1 56 4 29 3 93 6 86 
14 10 4 15 11 69 1 73 2 78 7 98 8 42 10 15 12 43 9 64 0 81 5 10 3 53 6 41 13 24 
5 37 0 70 11 18 10 25 14 86 4 68 3 24 13 48 8 20 7 96 9 89 6 10 12 12 1 80 2 29 
11 4 1 28 0 79 4 29 14 67 9 28 3 88 5 74 12 46 2 36 13 59 8 71 7 70 6 6 10 5 
0 25 8 16 14 93 3 48 5 79 1 78 7 94 12 64 10 11 11 93 9 72 4 66 2 20 6 25 13 91 
4 50 1 11 8 42 7 22 3 44 5 93 11 93 10 62 6 29 9 81 14 89 12 27 13 55 0 46 2 92 
7 37 8 88 5 4 10 28 1 42 9 38 0 2 13 92 6 8 11 41 3 78 4 40 12 75 2 99 14 74 
8 82 4 34 3 28 14 34 13 90 11 56 12 81 10 63 7 26 9 13 6 30 0 23 2 24 1 4 5 8 
10 94 9 30 4 37 0 90 3 15 5 97 2 60 12 37 6 57 8 54 7 13 13 83 11 2 1 19 14 41 
7 52 3 78 2 34 4 54 6 77 1 21 11 97 12 47 13 61 9 22 10 82 8 76 0 62 14 97 5 30 
10 14 6 74 5 52 4 68 12 77 3 49 7 81 9 30 0 15 1 42 14 38 2 7 11 48 8 69 13 70 
5 82 9 65 11 52 4 13 2 47 12 41 10 21 3 79 1 96 14 83 8 58 13 75 6 92 7 62 0 17 
10 39 0 54 12 7 4 80 11 39 5 16 1 63 7 43 8 92 9 51 14 15 13 64 3 22 6 24 2 51 
14 66 8 5 2 3 0 17 10 7 13 24 12 28 9 8 6 28 11 83 5 40 4 65 3 49 1 31 7 64 
0 39 13 77 8 67 12 52 2 37 1 18 4 12 10 74 9 4 3 7 7 9 6 89 14 71 5 50 11 72 
4 11 5 66 1 12 12 42 7 43 2 26 8 63 14 79 10 58 13 94 3 60 0 26 6 56 9 69 11 60 
1 47 12 65 14 53 5 1 0 94 2 92 7 64 3 81 10 31 4 65 6 72 11 9 13 79 8 74 9 22 
12 76 8 72 4 97 6 52 1 26 14 84 10 89 5 80 11 10 9 15 0 63 3 27 2 92 13 38 7 58 
5 45 1 47 4 79 8 24 6 22 0 26 14 61 11 15 7 58 2 71 3 1 9 41 13 25 12 89 10 89 
11 36 14 29 13 73 7 98 9 91 12 27 6 61 4 6 1 63 5 65 0 10 2 46 8 91 3 53 10 55 
10 31 6 65 1 64 5 46 0 34 3 66 7 60 9 61 12 87 4 41 13 41 2 25 8 46 14 27 11 35 
5 32 12 72 6 35 11 11 3 81 2 74 13 53 10 18 1 31 14 57 9 81 7 26 8 21 0 23 4 19 
9 17 12 75 1 2 6 66 13 86 2 23 7 39 8 86 11 86 5 48 0 88 10 92 4 65 14 70 3 7 
7 55 6 89 4 18 12 28 1 34 2 91 5 97 11 84 8 58 3 35 13 41 14 36 0 53 10 27 9 78 
6 42 12 37 8 81 1 79 3 96 10 48 14 64 2 24 7 92 13 43 9 45 11 70 0 14 4 26 5 47 
8 74 3 50 10 93 11 45 4 97 7 30 5 42 1 59 12 64 13 16 0 33 14 89 2 57 9 54 6 54 
12 85 3 66 13 84 4 6 6 28 7 5 9 41 0 67 14 84 2 16 1 8 11 24 5 56 10 27 8 95 
6 47 10 22 7 39 2 15 13 93 3 8 9 83 4 59 11 96 5 58 14 97 1 9 0 60 12 47 8 5 
9 33 5 34 7 74 2 84 1 71 3 46 14 79 4 26 12 28 6 18 0 21 11 93 10 69 13 63 8 70 
10 96 4 68 6 35 0 68 2 91 5 41 9 64 12 20 14 26 8 8 11 86 1 27 3 77 7 29 13 94 
3 54 2 17 14 90 0 80 5 74 1 76 8 61 7 6 6 91 9 93 12 71 11 11 10 73 13 15 4 83 
12 56 5 67 1 25 0 60 13 98 8 1 10 88 11 73 9 5 14 65 2 70 4 25 7 66 3 55 6 58 
10 32 9 33 0 84 3 85 8 16 1 84 13 2 2 4 7 40 11 9 6 73 5 10 14 56 4 54 12 17 
6 34 0 91 7 71 2 1 9 48 14 11 13 18 12 87 1 15 10 21 4 72 3 69 8 93 5 37 11 10 
9 70 6 62 10 41 2 55 5 2 0 8 13 89 11 3 12 14 4 17 8 24 14 73 3 4 7 16 1 56 
7 77 2 19 8 71 3 44 0 88 6 69 10 14 13 88 11 20 14 16 4 57 5 89 9 42 12 29 1 57 
12 21 5 50 11 66 9 92 8 75 0 47 14 16 7 51 10 65 2 36 6 32 4 37 13 61 1 13 3 59 
8 77 3 5 6 94 11 71 10 83 7 84 14 55 0 45 2 42 5 61 9 98 1 56 4 89 13 25 12 3 
13 11 14 82 6 49 8 20 10 28 3 13 4 35 7 45 1 35 2 53 11 52 9 49 12 47 5 2 0 45 
13 98 11 3 6 20 3 59 14 64 5 40 12 95 1 47 8 24 7 51 9 34 2 43 0 11 4 5 10 45 
1 5 8 79 7 91 11 59 3 87 0 86 6 78 12 94 2 84 4 14 9 66 13 67 14 88 5 91 10 62 
12 52 0 95 4 73 2 58 13 79 3 61 14 40 6 48 9 42 11 20 8 55 5 64 10 51 1 38 7 34 
11 67 3 83 1 69 2 94 14 25 6 89 7 47 8 18 4 17 10 50 0 87 12 63 9 71 13 90 5 81 
11 37 12 60 1 71 2 76 5 76 0 77 4 89 13 47 3 47 9 19 10 97 6 18 14 63 7 68 8 69 
10 81 13 81 5 69 11 82 6 64 8 51 0 74 4 59 3 91 2 17 14 22 1 46 12 79 7 34 9 69 
13 96 9 31 0 23 4 31 8 62 14 2 6 54 7 7 3 9 10 41 1 23 5 67 11 98 2 91 12 59 
14 17 2 61 13 27 7 8 4 64 0 62 12 47 3 23 1 29 6 42 11 52 9 63 10 59 5 67 8 93 
4 97 0 19 10 22 3 35 14 78 13 68 1 78 7 8 12 55 2 21 5 87 11 40 9 70 8 28 6 89 
9 41 5 66 2 30 13 26 4 95 7 43 12 20 0 81 8 51 14 7 3 61 11 82 10 90 6 95 1 44 
13 47 1 20 5 63 7 14 11 47 9 45 14 27 6 82 8 39 10 82 0 3 4 31 3 60 2 73 12 80 
3 20 6 86 9 81 2 12 0 60 8 41 13 70 5 77 11 13 4 5 1 72 10 47 7 88 12 31 14 42 
9 56 0 39 8 83 14 3 11 79 13 96 10 7 6 56 4 39 3 73 1 85 12 41 7 51 5 51 2 54 
8 35 1 8 11 39 9 45 12 71 0 57 6 9 7 77 4 30 14 91 5 26 13 84 2 21 10 63 3 38 
3 88 5 59 1 13 0 54 14 83 9 2 4 64 6 20 2 18 11 88 13 62 12 21 10 89 8 92 7 22 
14 78 7 36 1 42 10 10 8 4 12 20 4 58 3 65 9 24 6 29 2 63 13 21 0 16 11 2 5 83 
9 80 12 71 10 1 6 44 7 10 11 54 2 42 8 9 14 89 0 79 1 19 3 35 4 71 13 99 5 68 
12 89 5 15 9 26 2 81 11 81 14 72 6 35 1 14 8 93 0 96 7 39 13 12 4 49 10 7 3 41 
7 79 12 77 6 87 2 73 5 34 0 99 14 95 10 27 13 88 8 64 9 23 4 29 11 80 3 60 1 94 
11 42 3 24 1 67 14 82 4 74 10 34 12 48 9 80 6 5 2 30 7 45 0 81 13 32 5 99 8 76 
4 94 13 80 10 4 6 47 11 3 1 99 14 38 9 24 7 61 12 25 8 51 3 1 0 64 2 22 5 76 
2 23 10 15 6 14 9 77 1 36 12 90 5 93 0 12 7 51 14 31 13 7 8 50 11 26 3 69 4 43 
1 25 10 32 11 9 4 75 9 35 13 66 3 63 8 46 2 59 14 81 0 20 12 57 5 92 6 59 7 99 
9 15 13 68 6 9 10 37 7 54 8 77 1 3 2 17 12 53 3 75 0 29 11 87 5 5 4 98 14 65 
14 73 0 98 1 58 2 30 5 35 9 15 11 4 6 73 7 4 12 68 3 28 10 25 4 42 13 92 8 31 
9 59 13 16 1 91 2 84 5 85 8 37 3 46 14 48 12 27 6 43 7 58 0 89 4 81 11 89 10 90 
5 70 4 32 8 80 11 25 2 34 13 64 7 12 9 50 1 44 14 12 6 85 10 53 0 81 12 1 3 36 
0 10 4 70 7 10 3 9 5 96 2 59 8 97 9 19 11 50 1 4 6 55 12 33 10 52 13 89 14 71 
13 39 1 19 14 12 9 1 3 22 2 43 8 10 10 5 7 72 0 91 4 58 11 98 12 41 6 33 5 75 
10 76 5 32 11 27 1 5 14 33 0 82 3 29 4 64 7 79 13 69 9 56 2 10 6 62 12 13 8 83 
11 51 6 92 14 69 10 96 7 46 9 64 2 74 0 36 13 99 12 59 3 84 8 40 1 33 4 43 5 98 
10 45 9 56 4 67 11 70 13 65 12 5 8 40 3 28 14 20 6 60 2 31 0 33 7 95 1 14 5 23 
2 68 6 53 9 6 5 30 10 24 0 81 7 9 3 52 1 71 12 65 8 37 14 65 13 37 4 82 11 70 
9 70 0 61 3 61 7 7 12 71 2 34 11 47 1 94 10 43 13 46 6 33 5 40 4 35 8 48 14 6 
0 45 5 19 14 7 7 32 11 12 1 18 8 46 13 14 3 14 12 29 4 12 6 61 2 52 9 10 10 4 
14 71 6 21 1 59 2 65 5 20 8 4 3 26 12 2 13 38 0 69 11 19 7 66 9 12 10 1 4 51 
13 71 11 23 14 35 4 41 2 10 9 43 8 45 7 71 0 58 3 45 10 88 6 63 12 28 1 40 5 62 
7 14 4 87 11 8 13 91 14 61 0 89 10 50 8 26 5 10 9 53 1 6 12 88 3 1 6 87 2 91 
0 67 7 24 4 80 13 50 9 43 1 96 6 98 14 89 2 49 5 74 10 55 3 16 11 78 12 20 8 73 
9 31 0 23 14 35 7 87 13 11 3 22 2 49 4 27 10 93 11 14 8 60 1 68 12 91 5 71 6 54 
7 52 13 92 4 1 1 25 2 20 5 64 6 10 14 59 0 30 10 22 12 12 9 18 8 26 3 35 11 42 
6 74 2 75 5 45 10 20 4 52 3 94 8 97 14 79 13 12 7 6 11 79 1 58 0 36 9 61 12 53 
0 60 11 28 5 2 1 10 8 96 14 34 10 59 12 15 6 8 9 13 13 47 2 20 4 10 3 49 7 48 
12 65 8 77 7 77 11 25 14 39 9 91 6 48 2 33 10 86 0 72 5 62 4 32 13 20 1 96 3 64 
10 8 5 48 8 10 1 78 9 65 2 95 6 85 3 27 12 94 14 33 4 80 7 18 0 66 13 29 11 3 
1 21 8 85 9 42 5 95 11 20 0 83 13 89 7 59 6 87 12 58 2 92 4 80 10 55 14 70 3 6 
8 18 11 62 1 45 14 32 2 87 4 81 3 59 10 1 13 48 7 29 5 18 6 71 12 35 0 1 9 8 
5 83 6 79 14 62 13 71 4 63 3 50 1 38 12 36 9 71 0 97 8 19 11 98 10 81 2 9 7 14 
3 31 13 94 1 26 7 17 4 43 10 28 11 46 2 32 0 45 9 71 6 5 8 38 12 62 14 64 5 34 
6 34 13 19 8 5 1 45 10 60 7 49 2 64 12 67 0 49 4 11 3 50 9 62 5 35 11 31 14 38 
7 39 0 64 3 54 8 49 12 77 4 47 10 24 11 21 14 32 5 28 6 82 2 99 1 58 9 1 13 76 
13 65 3 70 8 35 1 45 10 93 6 8 4 99 2 19 9 61 12 75 11 12 7 70 5 37 0 35 14 70 
2 59 13 78 3 46 8 30 11 22 7 85 14 31 6 77 12 91 0 95 5 56 10 37 1 62 4 20 9 76 
4 90 8 86 6 27 5 93 7 43 13 71 12 5 14 33 9 48 10 65 1 58 11 29 3 12 2 9 0 68 
11 92 6 71 0 71 7 98 10 98 4 34 5 44 8 37 12 53 9 21 2 94 13 34 3 76 1 27 14 56 
13 81 7 67 14 76 0 97 4 44 1 11 8 90 11 46 6 87 2 45 5 66 9 88 10 72 3 53 12 33 
1 69 0 98 13 36 4 21 14 92 12 64 7 10 3 83 9 96 11 83 6 12 2 66 10 2 5 85 8 5 
12 80 4 59 13 88 7 77 1 54 5 53 14 68 9 84 11 31 6 59 3 7 0 57 8 67 2 4 10 58 
10 99 3 93 0 50 4 18 2 32 13 64 1 81 9 25 7 44 11 84 12 75 14 49 8 70 6 35 5 46 
8 11 2 33 9 20 7 56 5 61 3 8 0 8 4 2 13 21 11 31 14 46 12 70 1 66 6 91 10 96 
0 22 4 60 13 25 2 91 6 28 3 16 11 8 9 88 1 2 12 69 5 47 8 77 10 82 14 35 7 97 
10 9 12 60 2 68 4 97 11 87 7 97 1 2 3 74 6 75 0 33 13 94 14 64 5 11 9 48 8 30 
5 95 9 96 14 76 0 60 3 93 2 41 13 11 11 38 10 55 12 9 6 81 8 51 7 40 4 7 1 89 
0 28 3 21 12 59 9 22 8 30 6 19 2 33 13 67 14 52 7 47 4 7 11 18 1 2 10 99 5 75 
7 10 8 57 9 35 10 27 3 73 1 36 14 53 5 79 4 90 6 39 2 14 12 30 13 12 11 46 0 35 
6 23 2 8 12 50 7 71 9 70 10 57 14 97 4 50 8 29 3 63 1 84 5 22 0 19 11 28 13 33 
0 5 11 54 8 68 7 97 10 59 12 41 14 77 4 39 2 17 1 30 13 87 3 88 5 20 9 96 6 11 
11 67 1 59 12 5 6 48 3 6 13 64 10 42 14 30 8 27 2 56 5 8 4 16 0 84 9 77 7 31 
1 72 3 71 4 89 14 16 10 83 9 74 6 74 12 23 5 14 7 61 13 40 2 25 0 29 11 42 8 95 
11 24 4 72 14 84 10 77 1 35 9 66 12 4 6 72 13 57 8 18 0 40 3 25 2 11 5 16 7 20 
2 67 10 21 0 54 12 65 11 10 13 42 8 62 7 43 1 16 6 4 3 67 4 57 9 3 14 63 5 2 
5 12 14 22 12 99 1 36 8 78 10 72 9 27 3 55 0 27 7 55 6 64 4 76 11 26 13 45 2 82 
6 18 10 28 14 99 1 82 3 33 5 15 7 55 12 7 2 34 13 87 11 71 8 20 4 50 0 53 9 72 
10 41 9 13 1 73 5 34 7 95 0 87 4 8 11 82 2 16 8 59 3 39 14 25 6 59 13 60 12 97 
3 49 2 28 0 52 9 6 12 86 14 76 10 42 1 48 4 37 6 39 11 86 7 91 5 86 13 36 8 6 
6 90 7 69 8 55 2 75 13 41 14 87 1 58 5 11 11 48 0 6 4 57 12 81 3 1 10 17 9 31 
6 70 5 53 1 57 2 76 0 98 14 48 10 34 8 99 13 27 12 92 9 34 7 58 11 88 4 11 3 87 
5 20 8 2 6 90 2 99 11 7 7 66 13 2 0 95 4 43 10 95 1 30 12 43 3 39 9 9 14 22 
1 91 7 47 2 44 4 99 12 57 11 64 5 66 14 89 8 51 3 16 0 58 10 12 9 92 6 78 13 35 
4 9 8 7 5 96 0 73 1 41 13 33 7 20 2 3 9 14 11 73 12 62 10 24 14 4 6 1 3 50 
4 48 14 36 10 97 11 60 5 2 7 26 13 57 2 48 3 67 9 67 8 30 1 39 12 3 0 28 6 14 
6 83 0 91 7 82 10 71 4 98 5 58 12 27 14 13 13 58 1 54 3 24 8 95 9 9 2 90 11 14 
10 50 14 46 0 94 4 66 9 81 8 37 13 96 3 7 12 90 7 56 11 37 5 98 2 83 1 84 6 25 
8 34 11 77 0 24 7 72 6 15 3 76 1 77 4 30 9 99 2 95 13 12 10 63 14 58 12 19 5 78 
11 89 12 15 10 32 0 58 2 22 3 32 6 58 4 88 14 93 8 29 13 7 9 50 5 33 1 48 7 39 
0 5 9 12 4 80 6 49 11 13 13 20 2 30 5 63 3 80 10 72 14 20 8 23 12 29 7 7 1 65 
9 36 10 67 7 46 11 24 8 11 13 90 3 84 1 77 2 78 4 95 6 63 12 36 5 52 14 19 0 53 
3 1 4 39 14 50 13 23 0 53 7 25 12 96 2 84 1 83 6 43 11 1 8 80 9 98 10 14 5 11 
4 99 5 43 9 30 2 13 13 8 6 38 0 93 1 69 14 3 12 47 7 36 10 47 8 25 3 95 11 80 
13 75 8 70 4 57 3 73 0 38 14 31 6 57 12 41 10 33 2 43 7 74 1 55 11 28 5 31 9 65 
10 37 12 74 7 28 8 21 6 51 11 1 1 94 5 47 14 26 3 52 2 57 9 42 13 6 4 74 0 59 
12 29 14 61 13 96 4 59 11 99 1 76 3 64 7 24 5 92 0 89 8 61 10 3 6 56 2 96 9 75 
11 3 7 1 12 27 4 91 2 25 5 60 6 94 1 82 0 24 13 69 8 38 10 21 9 31 3 45 14 97 
10 20 9 74 0 17 13 44 11 94 6 92 12 42 3 6 4 89 5 19 7 16 8 11 14 18 2 48 1 46 
