200 15 
1 92 9 63 14 24 11 63 12 81 7 72 13 80 2 57 6 86 8 89 3 95 0 86 5 28 10 5 4 17 
9 84 8 50 3 83 4 69 13 36 7 22 12 25 5 47 10 8 2 75 11 3 6 94 14 28 0 74 1 29 
7 88 11 60 9 99 8 24 6 23 4 55 3 16 14 94 10 73 2 66 12 95 5 10 13 37 1 10 0 38 
3 30 5 77 14 73 13 96 1 27 12 1 2 96 10 6 7 86 6 22 11 33 0 27 9 60 8 66 4 97 
4 25 1 75 12 98 3 84 13 25 9 52 10 56 8 73 14 27 7 95 11 77 2 8 0 41 5 60 6 9 
6 94 2 7 5 45 4 2 3 87 12 99 0 40 10 60 8 14 11 91 13 80 14 39 1 27 9 73 7 36 
11 97 5 76 4 60 8 69 2 2 10 79 1 28 13 54 6 80 3 18 12 79 0 10 9 95 7 85 14 85 
13 69 14 62 5 37 4 56 6 72 12 82 0 13 1 84 3 30 7 44 10 80 11 10 8 18 9 82 2 13 
2 5 14 68 0 48 13 49 3 55 10 67 11 67 6 75 7 85 8 10 4 97 9 74 12 91 1 86 5 53 
2 2 13 24 7 5 11 8 4 97 1 36 0 29 9 66 3 64 5 21 14 95 8 63 10 32 6 2 12 76 
1 15 8 99 6 69 13 75 4 37 11 13 10 39 9 50 2 28 3 98 14 24 12 17 7 84 0 66 5 1 
2 31 14 9 4 97 7 44 10 81 1 24 8 89 13 65 6 30 5 62 0 66 12 70 11 33 9 42 3 84 
5 98 10 94 3 3 2 84 12 67 8 62 9 58 0 82 6 45 13 61 7 52 11 32 14 12 1 12 4 61 
9 45 10 34 11 74 0 39 12 71 4 84 5 50 2 38 14 55 6 28 3 79 8 72 13 90 1 87 7 34 
4 42 9 69 6 83 12 59 0 90 1 90 7 23 2 58 3 88 8 35 11 12 10 69 14 83 13 13 5 99 
3 19 6 65 4 90 10 76 13 10 11 87 5 1 7 17 0 25 14 10 12 15 9 11 8 72 1 91 2 95 
7 32 1 62 11 76 13 46 3 87 8 39 0 60 6 89 4 94 5 70 2 7 14 12 9 94 10 68 12 57 
4 48 14 81 3 31 11 87 5 72 0 69 9 64 10 75 8 91 6 91 7 36 12 74 1 12 2 83 13 22 
9 85 4 83 11 57 1 94 8 63 2 65 6 97 13 57 0 28 3 93 5 20 10 37 14 4 7 11 12 97 
4 52 13 38 7 83 2 89 10 10 3 8 5 6 12 97 1 44 6 7 8 7 11 9 0 40 14 41 9 1 
2 45 1 77 4 81 13 17 12 13 8 16 9 64 5 87 7 31 10 87 14 11 11 1 6 72 3 92 0 84 
14 63 13 81 7 11 10 36 9 59 3 13 4 45 6 71 8 4 2 38 12 24 0 49 1 30 5 2 11 51 
0 20 1 26 11 54 4 18 6 8 9 80 13 98 12 66 3 20 14 38 2 20 7 25 8 70 10 76 5 21 
9 11 14 47 13 93 1 26 8 16 5 47 3 29 2 47 0 31 11 96 12 51 10 47 4 4 7 51 6 2 
13 23 9 37 6 69 8 59 10 31 3 76 7 69 5 61 4 92 2 5 1 15 0 81 12 58 11 1 14 48 
6 2 8 61 4 21 2 15 5 61 9 38 3 61 14 10 11 90 0 22 1 41 7 34 13 35 12 1 10 14 
13 48 6 61 9 91 5 15 12 17 1 1 3 3 14 60 7 64 8 53 0 36 2 83 11 24 10 17 4 26 
8 44 10 5 0 99 11 48 12 98 1 41 6 14 9 82 4 99 13 59 14 37 5 55 2 90 7 22 3 29 
14 50 12 84 0 77 6 51 11 82 3 72 4 79 10 95 1 42 9 90 13 85 8 6 2 82 7 18 5 90 
6 70 5 78 4 98 2 61 11 80 12 65 8 88 0 78 9 37 13 53 14 41 10 15 1 35 7 38 3 13 
5 25 7 77 2 32 0 19 8 64 13 74 3 13 6 28 14 36 9 55 4 82 12 63 1 23 11 14 10 22 
13 75 14 40 7 86 9 43 4 45 0 86 11 19 6 87 1 89 5 2 3 23 12 1 10 29 2 3 8 97 
11 61 14 97 9 17 10 59 12 48 4 98 13 18 3 58 1 21 7 84 5 99 2 19 0 8 6 50 8 37 
8 99 13 9 14 84 5 73 4 4 2 19 1 72 9 65 6 27 12 71 11 96 10 27 7 18 3 46 0 47 
5 5 3 64 6 69 4 91 0 35 14 23 12 11 9 46 2 59 13 91 8 3 10 75 7 95 11 88 1 64 
8 94 5 34 4 84 9 74 14 91 2 95 7 61 10 95 1 27 13 61 11 20 0 75 6 37 3 21 12 34 
0 92 1 20 12 98 13 79 10 9 14 63 8 58 11 58 3 99 7 28 9 12 6 62 5 41 4 49 2 95 
10 59 5 21 13 39 14 8 3 50 11 73 1 32 9 71 12 84 4 16 2 7 7 15 6 78 8 39 0 78 
4 84 5 8 0 10 3 17 1 35 6 65 7 97 8 89 12 30 11 50 13 58 14 35 10 80 2 37 9 31 
6 86 12 7 7 8 2 7 1 34 14 33 10 66 4 24 9 75 5 24 13 76 3 52 0 9 8 64 11 71 
3 6 12 51 14 11 6 32 2 65 0 95 5 32 4 9 10 75 11 46 1 8 8 25 7 80 9 73 13 83 
2 90 0 12 10 20 4 55 13 11 5 22 1 84 9 76 8 31 14 97 7 62 12 53 11 88 6 46 3 90 
2 82 12 82 1 44 10 97 14 22 9 42 7 50 13 47 8 43 11 66 3 89 4 87 0 95 6 61 5 42 
8 30 7 29 1 8 13 10 9 54 6 74 0 97 2 41 14 12 10 16 4 85 3 60 12 48 11 63 5 20 
11 90 0 93 10 80 7 36 5 54 2 57 3 94 8 77 13 57 1 25 12 85 14 69 9 69 6 10 4 63 
8 11 3 48 11 53 2 80 1 15 13 93 6 72 12 75 14 54 4 87 9 31 0 69 10 34 7 63 5 74 
14 56 7 30 4 94 10 87 2 91 13 83 8 91 11 97 0 87 6 16 5 58 3 83 12 40 9 64 1 84 
1 74 4 89 8 89 2 90 13 13 6 16 0 40 3 89 10 51 14 90 12 84 5 47 11 7 7 37 9 39 
7 45 0 11 4 50 8 17 12 17 13 1 14 56 1 41 2 56 6 26 10 27 9 14 3 93 11 53 5 97 
9 98 11 95 6 48 0 29 3 9 12 64 8 17 4 36 5 13 1 64 10 41 14 92 13 74 7 94 2 1 
14 67 3 27 0 67 8 35 1 10 13 22 6 96 10 96 11 56 5 74 12 93 2 31 4 1 7 90 9 56 
13 51 10 11 0 77 7 14 4 97 3 59 2 66 12 69 6 69 11 17 8 56 5 27 14 44 9 6 1 2 
8 30 12 88 5 61 4 19 9 10 1 93 6 97 0 83 10 10 11 17 3 71 14 76 2 95 13 10 7 7 
3 18 10 76 8 79 13 28 4 91 5 20 6 91 2 6 1 39 14 8 9 65 7 6 12 60 0 55 11 69 
11 16 7 11 2 96 4 8 10 41 12 19 3 57 0 99 8 41 9 7 1 61 6 74 13 33 5 71 14 91 
4 78 6 46 14 74 13 96 11 35 0 37 1 7 2 28 9 83 7 97 12 52 3 73 10 66 8 19 5 23 
1 26 12 1 3 51 4 90 6 56 0 8 5 83 7 25 11 3 9 80 14 31 8 18 13 99 2 62 10 11 
10 16 2 21 11 21 14 80 12 31 1 63 4 85 3 82 9 11 5 99 0 36 7 46 8 65 6 95 13 31 
10 11 0 4 4 20 1 99 3 69 9 38 12 78 2 64 5 78 13 43 8 60 7 19 6 78 11 30 14 87 
0 96 1 26 7 42 4 66 14 39 6 90 8 85 5 45 2 91 3 47 12 85 13 86 10 28 9 24 11 41 
4 97 11 33 2 77 13 89 3 9 12 4 8 36 0 47 1 69 6 89 9 82 7 83 5 7 14 13 10 86 
1 13 0 7 9 37 6 38 3 55 12 58 4 84 13 68 11 47 8 55 10 22 14 33 2 48 5 80 7 68 
3 70 2 45 13 21 7 88 12 76 5 88 10 45 6 91 8 15 14 85 4 87 0 26 9 71 1 83 11 5 
7 37 1 40 11 3 4 11 8 67 3 41 14 33 5 30 13 22 12 56 10 12 9 1 0 64 2 98 6 68 
7 98 13 15 14 11 8 54 4 55 1 51 6 70 12 21 2 7 9 62 0 85 10 40 11 53 3 17 5 12 
8 34 4 14 10 15 6 27 9 23 7 20 11 27 14 2 13 97 12 47 0 99 2 52 5 95 1 70 3 68 
4 80 8 28 2 10 14 50 10 22 6 85 3 13 0 34 13 82 9 99 7 59 5 33 1 25 11 50 12 3 
7 71 1 73 6 70 10 59 11 77 2 31 4 43 3 35 14 84 5 92 0 46 12 85 13 82 8 78 9 50 
11 83 10 39 9 11 1 93 0 94 8 9 3 59 13 33 12 37 5 97 14 95 7 16 4 98 6 75 2 45 
6 83 14 7 9 35 8 99 2 64 12 24 5 86 11 91 3 73 13 31 4 18 1 51 0 67 7 74 10 34 
3 99 4 67 0 20 9 96 6 33 8 23 1 56 5 6 7 86 2 45 12 96 11 47 13 68 14 40 10 16 
7 91 8 63 1 10 3 71 13 40 9 41 2 22 6 87 10 62 11 55 12 17 4 14 0 4 5 88 14 20 
1 42 11 66 8 58 2 81 10 21 13 5 9 14 3 74 7 47 4 73 5 69 6 14 0 84 14 5 12 37 
8 86 13 51 9 27 0 31 3 3 1 36 10 94 4 31 14 95 5 88 12 89 7 78 6 67 2 61 11 43 
0 41 13 21 12 12 10 43 3 66 6 35 4 50 5 18 9 52 14 92 2 76 1 9 8 30 7 32 11 18 
10 59 8 38 2 37 14 16 6 32 13 22 11 29 3 25 9 64 12 81 5 25 1 74 0 34 4 99 7 58 
10 92 14 79 13 8 5 17 11 67 0 20 6 88 3 66 12 27 8 33 1 31 7 56 9 91 4 10 2 23 
4 75 11 45 10 65 14 53 2 40 8 20 12 9 5 77 13 74 6 61 0 27 3 56 1 87 7 84 9 1 
13 28 8 79 12 67 3 86 10 22 4 82 14 86 5 82 9 43 11 71 6 31 0 97 1 39 2 10 7 43 
6 15 0 35 14 17 3 75 8 10 13 35 1 13 7 41 5 28 4 75 2 35 12 92 11 58 9 1 10 34 
12 56 7 88 1 44 0 67 13 44 11 6 6 52 14 72 2 85 5 52 8 46 4 23 3 5 10 49 9 10 
5 4 9 22 14 20 2 18 11 46 1 87 6 86 13 95 3 4 7 94 8 19 0 87 10 97 12 83 4 64 
3 93 1 14 4 3 10 74 8 85 2 53 14 89 13 85 9 97 12 32 6 84 5 30 7 21 0 72 11 97 
3 5 0 11 1 20 2 62 14 54 9 15 4 94 5 80 13 89 10 4 12 26 11 48 7 26 8 78 6 90 
5 47 13 24 10 99 4 94 2 21 3 93 7 50 6 26 9 96 0 19 1 79 8 69 11 18 12 22 14 65 
5 64 13 99 1 30 4 60 9 28 8 91 3 84 6 45 0 17 14 70 2 5 11 36 10 70 12 37 7 1 
5 15 12 87 7 23 11 6 10 97 13 53 8 20 3 82 1 95 2 2 4 26 14 47 0 45 6 65 9 8 
13 86 14 67 6 78 11 20 12 24 8 66 0 33 4 3 3 37 10 84 2 62 1 26 7 95 9 94 5 52 
11 1 7 22 12 46 2 51 0 66 13 7 3 83 5 59 14 1 9 83 4 41 8 42 1 86 10 9 6 19 
10 80 3 33 4 55 13 45 6 2 8 3 2 19 5 15 9 65 11 11 7 26 14 79 1 27 12 68 0 35 
4 46 7 14 6 89 10 38 3 36 2 52 9 47 5 93 1 55 0 94 14 6 11 97 13 6 12 55 8 64 
4 86 3 6 2 42 13 67 8 88 14 48 9 53 5 83 11 16 1 28 0 97 12 87 10 77 7 48 6 40 
10 82 3 79 2 44 0 41 9 53 5 20 11 62 1 18 6 2 4 79 12 53 7 34 8 9 13 20 14 65 
7 80 0 21 1 63 12 95 10 8 5 1 2 4 9 86 3 41 11 14 6 79 8 90 4 65 14 2 13 89 
12 50 14 57 3 59 7 39 0 57 8 53 2 43 11 81 1 84 5 34 10 20 13 79 9 88 4 59 6 39 
12 55 11 23 13 24 3 60 8 63 10 19 5 55 4 90 2 48 14 89 0 58 1 43 7 22 9 23 6 98 
1 29 4 89 14 38 6 95 12 5 11 63 9 88 2 46 10 94 0 83 3 52 13 50 5 13 8 93 7 15 
9 10 5 78 8 8 2 55 13 7 14 75 3 25 1 85 0 67 12 23 6 34 11 52 7 46 10 62 4 49 
11 62 8 64 5 57 3 27 1 30 6 38 9 1 0 16 12 79 7 74 10 82 13 2 4 38 2 21 14 13 
1 22 8 92 3 90 9 5 2 58 5 39 11 66 4 95 7 51 6 23 0 59 13 9 14 35 10 30 12 9 
7 36 10 99 0 93 3 56 12 86 2 75 6 19 9 57 14 34 8 32 5 45 13 25 1 7 11 71 4 53 
1 84 9 72 3 61 4 21 14 21 0 71 10 5 8 3 12 6 11 5 13 88 6 50 7 51 2 34 5 31 
14 80 5 80 3 5 6 40 4 3 12 75 1 73 13 24 8 61 11 87 7 85 0 16 2 64 9 4 10 84 
11 76 13 71 4 35 5 9 1 19 6 44 7 11 3 72 9 18 2 90 0 90 12 90 14 30 10 74 8 10 
7 20 12 30 10 59 11 85 0 22 9 8 2 98 13 47 4 62 14 3 6 33 5 26 1 92 8 18 3 49 
14 23 1 54 13 17 8 40 9 85 10 76 6 22 11 72 7 72 4 2 2 22 12 43 0 59 3 52 5 39 
12 63 6 83 11 77 14 58 4 11 7 34 2 51 1 67 8 89 5 37 3 66 0 21 9 37 13 15 10 54 
11 35 3 75 2 23 14 12 5 26 4 40 6 91 12 36 9 23 13 76 10 68 1 93 8 81 7 65 0 8 
10 13 0 42 1 82 2 83 9 13 3 45 8 34 14 82 5 86 4 41 11 50 6 86 12 97 7 96 13 91 
2 75 13 42 8 36 5 70 10 89 3 83 7 44 0 57 14 33 11 18 12 25 1 2 6 56 4 19 9 64 
7 65 3 80 9 2 12 77 13 49 1 34 4 8 5 8 10 81 8 66 11 20 2 21 0 97 6 41 14 81 
10 14 7 87 12 42 6 74 1 44 14 23 8 7 4 43 13 3 9 35 3 88 5 41 2 41 0 50 11 68 
8 87 7 69 6 73 4 95 0 12 12 12 3 93 10 60 2 38 5 55 13 9 1 31 11 79 14 18 9 89 
11 52 3 1 8 45 2 2 10 39 12 44 6 37 14 56 0 37 1 13 7 28 13 43 5 73 9 61 4 54 
10 88 14 28 1 48 2 3 6 9 5 23 3 90 12 32 11 95 8 94 13 35 0 29 7 13 9 94 4 38 
4 69 11 61 2 78 7 84 8 46 3 7 0 28 10 20 5 27 6 95 9 85 14 69 13 46 1 1 12 43 
8 87 0 70 5 23 2 57 12 79 10 98 9 52 14 91 1 17 13 61 7 9 4 13 11 51 3 70 6 86 
7 82 14 26 1 54 6 14 13 33 12 93 9 83 5 51 0 91 11 72 2 25 4 77 3 29 10 54 8 42 
13 92 0 52 2 16 12 88 7 2 8 60 5 70 3 51 4 8 6 26 1 94 10 94 11 89 14 86 9 80 
9 67 3 51 11 36 14 90 2 99 7 17 1 25 4 26 8 90 6 2 10 18 0 85 5 43 13 31 12 52 
9 7 14 51 11 97 13 99 8 96 6 76 3 39 12 21 2 58 4 55 5 28 1 39 10 27 7 20 0 20 
2 79 9 26 6 79 5 3 3 57 8 22 13 97 14 43 1 14 10 77 0 66 11 59 12 63 7 20 4 32 
3 72 0 36 9 90 12 15 5 66 1 46 11 32 7 73 14 14 10 61 6 93 13 15 2 72 4 43 8 4 
3 79 10 53 2 7 6 77 13 62 1 40 12 97 4 54 8 4 7 15 9 24 5 58 0 80 11 98 14 31 
0 93 2 65 14 3 4 1 3 25 6 65 1 99 7 48 5 63 12 71 9 53 8 37 13 62 11 3 10 77 
0 77 13 26 14 18 12 84 3 6 8 55 5 5 11 85 9 40 1 53 2 58 10 64 4 2 7 87 6 85 
13 73 4 27 12 86 0 46 6 85 14 37 1 70 11 42 9 85 10 42 5 43 7 51 8 87 3 62 2 33 
13 10 3 64 12 90 10 76 6 57 14 7 8 37 5 79 1 28 2 56 7 51 0 53 11 94 4 47 9 84 
10 45 0 38 3 96 14 90 8 87 9 26 5 6 11 53 13 34 6 21 12 25 1 64 4 54 7 72 2 5 
3 25 7 25 2 45 6 35 5 69 10 50 13 54 11 85 8 34 0 60 14 77 12 15 1 31 4 94 9 49 
14 67 10 25 13 49 2 65 8 55 1 22 9 3 6 47 3 64 11 83 12 29 0 23 4 12 7 57 5 89 
10 38 4 72 1 87 11 10 9 7 0 57 13 39 8 48 2 87 7 88 5 82 3 64 14 82 6 46 12 63 
11 7 1 66 8 69 13 77 2 27 7 4 6 30 9 15 4 5 3 25 5 39 0 2 12 36 10 45 14 21 
8 65 7 21 0 94 6 52 1 41 2 86 12 68 3 17 9 19 4 30 11 83 10 99 14 42 5 6 13 57 
14 64 0 92 6 56 3 24 4 51 12 60 8 56 9 24 10 35 13 32 5 65 2 30 7 5 1 48 11 74 
5 36 2 43 1 14 13 97 11 88 6 98 8 96 0 17 9 32 7 42 12 53 4 7 14 93 10 32 3 51 
9 13 8 11 11 13 13 99 0 91 14 86 3 35 1 88 7 25 10 41 12 34 5 49 6 92 4 81 2 93 
11 27 14 98 13 95 5 79 8 54 3 3 7 96 2 58 6 81 9 16 10 82 4 66 1 91 12 43 0 1 
11 54 4 77 5 30 9 41 2 88 3 56 8 61 0 31 1 66 6 45 10 84 13 55 12 35 7 46 14 33 
2 86 1 29 9 43 3 64 14 79 12 39 10 68 8 6 4 74 0 96 6 71 5 89 11 37 13 14 7 40 
13 72 6 90 12 90 4 75 5 13 14 2 9 12 2 7 11 34 1 54 7 46 8 37 3 43 10 31 0 65 
9 36 7 96 4 38 1 33 11 61 5 5 12 20 10 59 13 67 0 17 6 18 8 13 3 96 2 64 14 42 
1 57 5 6 8 10 13 65 9 43 3 13 12 31 7 95 0 7 11 54 10 57 6 31 14 68 4 8 2 60 
0 35 10 67 9 55 7 4 6 75 14 38 1 30 4 91 11 59 5 36 3 83 12 46 8 17 13 97 2 31 
0 34 2 80 7 67 14 94 5 26 3 66 4 50 10 40 9 5 12 6 1 82 8 29 13 84 11 16 6 42 
7 1 5 80 6 50 14 19 0 73 4 57 11 77 9 66 8 82 13 49 1 37 12 36 10 21 2 48 3 71 
5 18 10 2 13 6 11 85 0 17 4 7 14 50 1 62 6 56 8 86 7 92 3 79 9 88 2 94 12 41 
13 35 5 81 4 83 7 52 3 13 11 90 1 74 8 42 14 74 12 47 10 95 0 29 9 85 6 69 2 16 
12 62 13 4 1 34 3 43 8 31 14 11 0 80 4 36 6 28 11 28 10 66 7 92 5 75 9 75 2 53 
2 28 9 22 4 76 11 24 14 85 1 25 5 54 6 37 7 21 8 88 12 98 3 89 13 58 10 56 0 49 
14 14 8 77 9 95 2 81 12 87 6 44 7 13 4 6 10 64 3 69 13 24 1 68 0 10 11 62 5 60 
7 14 6 92 2 27 4 50 5 26 10 71 9 39 0 99 11 78 12 60 14 24 8 67 13 32 1 29 3 70 
11 28 8 11 14 59 4 10 6 52 10 96 5 42 3 87 13 82 0 20 1 29 12 47 2 91 9 9 7 17 
9 98 7 68 4 72 3 1 8 22 14 40 12 47 6 79 1 58 0 67 2 24 5 63 10 91 11 94 13 46 
14 13 2 61 13 93 7 45 0 27 3 84 5 9 11 64 1 68 10 80 12 29 6 56 4 31 8 74 9 62 
13 24 2 72 3 18 4 65 5 26 14 59 9 53 8 95 11 50 10 74 7 23 1 37 0 80 6 26 12 48 
14 34 13 43 11 60 7 34 9 44 0 64 8 6 3 80 12 16 4 47 1 87 2 56 6 80 5 11 10 96 
8 77 14 30 5 58 1 90 3 47 2 47 6 74 7 25 12 52 0 68 11 18 4 12 9 35 13 10 10 27 
14 77 1 35 5 56 8 64 7 32 3 30 6 99 9 56 11 94 12 47 13 62 2 45 0 84 4 84 10 90 
0 38 2 75 8 45 9 2 13 67 10 16 3 25 6 65 1 40 4 50 11 89 7 36 5 54 14 24 12 84 
2 59 1 31 14 60 5 31 8 65 12 50 7 68 0 65 3 47 6 47 11 66 10 27 9 97 4 63 13 93 
12 43 0 57 8 26 2 60 14 92 5 17 13 26 7 22 3 83 1 76 10 39 9 11 11 23 4 66 6 9 
10 92 13 28 8 41 14 8 6 21 3 80 12 92 9 8 5 19 7 34 1 20 4 80 0 15 11 47 2 47 
0 11 3 29 10 72 11 2 7 61 9 47 12 92 6 28 2 85 4 99 8 85 1 87 5 65 14 63 13 75 
8 32 1 31 7 69 9 65 6 87 0 82 13 59 11 82 10 38 14 66 12 61 5 83 4 61 3 44 2 71 
14 58 8 83 13 56 12 51 7 1 0 38 1 42 3 2 6 21 11 17 2 34 5 10 4 7 10 79 9 72 
6 39 14 87 0 83 7 16 1 48 3 97 11 30 2 55 13 23 9 10 5 81 10 88 8 91 4 34 12 10 
5 44 9 6 2 91 13 48 1 82 3 64 7 69 11 6 8 74 14 56 12 19 10 62 4 45 6 7 0 13 
10 16 9 95 2 92 7 59 6 27 1 17 5 54 4 84 14 33 12 50 0 52 8 98 13 12 3 5 11 87 
11 38 2 4 5 59 12 99 7 2 3 31 14 75 0 51 4 32 1 20 10 50 13 37 9 91 8 4 6 3 
8 49 0 50 3 58 10 78 11 93 12 47 6 31 2 55 1 26 9 13 5 4 14 36 4 57 7 67 13 82 
4 21 14 30 6 74 0 92 12 39 8 1 3 91 1 21 9 96 13 30 5 38 11 67 7 10 10 30 2 57 
6 84 4 86 0 74 9 84 2 85 10 70 13 64 1 69 5 71 3 49 7 37 14 76 12 65 11 27 8 18 
13 52 14 40 7 78 0 78 4 57 8 62 3 40 11 65 10 53 9 67 12 44 1 53 6 87 2 36 5 61 
0 74 3 64 2 89 8 4 14 89 7 28 5 26 11 30 10 78 1 53 9 91 6 25 4 27 12 68 13 79 
8 24 14 46 3 4 7 62 11 3 4 97 5 4 13 76 9 61 2 42 10 61 6 52 12 25 0 74 1 82 
3 54 7 29 11 33 9 75 13 94 10 11 0 4 6 89 2 52 4 74 8 96 1 96 14 47 12 5 5 23 
12 37 11 24 5 73 6 91 4 71 8 6 2 4 10 69 9 45 14 35 1 53 3 5 0 69 7 87 13 46 
3 91 6 42 0 20 11 42 2 88 1 37 10 91 8 17 4 77 12 35 14 8 9 3 7 42 13 61 5 22 
11 65 7 76 5 85 9 88 8 82 12 46 14 88 13 1 2 56 10 11 4 89 6 49 3 2 1 53 0 69 
6 81 7 24 3 62 12 87 10 27 11 15 14 23 9 86 8 81 4 25 5 49 2 23 0 85 13 22 1 32 
8 5 2 32 1 94 0 38 13 45 7 45 10 25 6 14 4 60 3 18 14 28 11 25 9 26 12 28 5 59 
10 32 13 74 1 50 14 20 9 31 4 35 11 77 8 10 5 39 2 25 0 68 3 10 7 47 6 24 12 90 
7 77 3 31 8 76 14 58 12 79 13 57 0 98 2 40 4 61 11 89 6 48 5 86 10 92 9 22 1 40 
13 40 4 93 10 7 12 31 9 39 0 23 3 24 2 48 5 82 8 79 11 45 1 52 7 99 14 31 6 40 
9 64 10 76 1 44 6 20 13 69 0 65 4 84 12 47 5 20 14 6 2 92 3 12 8 3 7 22 11 70 
14 16 9 62 3 54 1 12 4 25 0 80 6 27 2 2 11 96 5 58 12 63 13 50 10 38 7 60 8 42 
3 29 8 24 2 62 6 44 0 80 7 24 10 30 5 96 14 69 1 3 9 55 13 60 12 74 11 27 4 40 
2 41 10 89 3 16 8 36 6 27 1 63 4 94 7 49 12 9 11 20 14 54 9 52 0 16 13 92 5 76 
2 20 1 34 4 14 6 22 0 6 5 76 8 95 3 61 12 72 7 97 9 25 10 29 14 25 11 41 13 87 
4 25 2 42 9 40 11 58 12 59 0 56 10 14 1 17 8 5 7 59 13 2 5 45 6 7 14 65 3 66 
8 68 3 32 1 94 6 75 5 9 2 11 9 34 4 23 0 4 14 74 13 57 7 76 12 99 10 46 11 99 
9 64 4 75 14 46 8 60 10 8 11 96 0 71 1 38 7 69 6 44 12 81 2 93 5 67 13 61 3 34 
4 7 0 21 1 24 6 53 7 89 3 13 5 18 9 26 13 60 12 88 14 9 10 96 8 30 2 48 11 54 
1 52 4 29 7 35 10 83 13 35 9 85 2 26 5 98 3 36 8 44 11 81 0 38 12 52 14 67 6 68 
9 14 0 58 11 22 4 64 2 46 6 58 3 83 12 53 14 95 5 18 13 35 7 66 8 21 1 69 10 73 
10 90 13 33 4 35 3 82 8 92 0 77 2 42 9 16 7 99 11 27 14 76 12 58 1 75 5 91 6 97 
1 85 7 41 9 10 12 68 0 90 8 45 13 3 11 49 14 90 10 66 2 48 6 75 5 98 3 55 4 76 
9 58 7 51 2 60 14 67 0 45 3 63 1 59 10 5 4 90 8 58 12 18 6 10 11 42 13 22 5 73 
7 53 1 73 13 71 2 87 10 54 0 74 12 77 14 78 3 71 9 22 5 50 8 98 11 88 4 47 6 93 
