200 15 
11 73 14 72 12 60 8 64 9 66 10 45 7 67 5 81 2 41 3 18 6 84 4 52 0 24 1 43 13 78 
13 60 5 76 3 89 10 32 14 24 6 26 4 14 1 8 7 94 8 76 9 9 11 88 0 70 2 84 12 58 
3 38 2 85 5 77 1 96 8 37 12 95 9 34 0 25 13 81 7 63 4 15 11 97 6 8 14 71 10 28 
12 94 7 8 10 86 2 34 4 40 13 52 5 76 3 90 14 37 8 30 9 2 6 47 0 32 1 20 11 80 
0 31 1 9 4 17 11 60 2 51 9 56 3 89 10 23 8 93 14 86 12 60 5 19 13 63 6 72 7 6 
4 54 0 49 12 52 8 18 9 93 13 88 11 35 14 12 7 96 10 16 1 84 5 22 3 5 2 27 6 16 
5 61 12 48 4 27 1 38 14 15 9 92 10 19 7 67 2 2 8 77 6 23 11 45 3 81 13 70 0 34 
9 11 11 2 4 30 3 85 2 79 12 7 8 70 10 57 6 68 7 66 1 25 14 74 5 58 13 85 0 11 
14 44 2 21 1 88 0 24 10 77 4 90 11 46 13 94 8 19 7 20 9 84 12 88 3 86 5 31 6 91 
12 8 10 76 2 80 9 90 14 41 3 58 0 37 8 91 11 79 4 28 7 19 5 12 13 90 6 46 1 68 
7 95 8 65 10 39 1 70 12 33 11 80 3 2 6 38 2 24 0 26 5 73 9 21 4 1 13 78 14 88 
14 70 5 97 3 96 1 42 6 4 12 43 8 70 0 21 9 57 2 47 11 14 13 54 10 27 4 57 7 86 
9 68 11 56 14 40 10 24 8 6 12 9 6 35 1 8 7 64 13 56 3 11 5 60 4 83 0 29 2 89 
4 12 5 72 3 35 9 36 14 16 12 19 7 46 2 33 11 11 6 54 1 90 8 22 13 31 10 92 0 15 
4 38 12 30 14 80 6 9 1 26 0 89 2 16 7 65 10 28 13 78 9 54 5 18 3 73 8 3 11 67 
7 17 3 19 13 62 1 33 6 35 10 57 12 88 4 99 2 14 11 41 14 25 8 8 0 63 9 65 5 62 
5 84 8 16 13 34 1 16 11 43 6 14 3 2 9 94 2 33 12 8 7 80 14 45 0 55 4 11 10 99 
3 59 2 19 11 64 6 87 8 73 14 32 4 77 13 23 1 18 0 7 5 74 7 38 9 94 10 33 12 94 
0 71 5 1 14 63 8 90 2 17 9 81 1 69 12 73 10 25 3 78 13 61 4 76 6 82 7 18 11 19 
6 30 11 51 10 77 4 25 3 15 0 10 5 62 7 7 1 88 13 82 2 15 12 37 14 92 8 53 9 8 
9 96 0 8 4 27 14 72 6 17 3 39 12 21 11 93 2 17 13 65 5 57 1 5 8 14 10 47 7 80 
1 14 7 26 0 28 6 25 10 89 9 54 5 10 11 10 8 46 3 55 2 68 12 36 13 79 14 48 4 62 
12 25 6 27 4 16 7 78 5 11 1 53 0 11 13 15 14 4 9 62 2 60 10 78 8 38 3 10 11 9 
4 93 13 88 6 47 14 87 12 14 8 83 3 50 11 44 2 85 5 93 9 66 10 78 7 61 1 97 0 93 
12 75 13 83 3 64 9 29 2 99 14 72 6 75 0 36 5 7 1 98 11 71 7 92 4 89 8 48 10 21 
13 36 4 57 1 44 9 13 6 37 10 87 0 86 12 42 2 48 3 65 14 33 11 56 7 11 5 97 8 11 
1 31 12 35 4 27 6 75 2 56 7 46 0 23 13 39 3 2 9 14 8 52 10 55 5 28 11 11 14 11 
8 10 7 49 4 94 2 97 6 88 10 45 0 59 11 44 3 87 14 49 1 19 9 71 5 46 13 32 12 14 
10 53 3 70 8 31 7 50 6 70 5 15 4 8 11 42 1 88 2 91 13 82 12 19 9 22 14 56 0 86 
9 40 3 46 13 52 6 3 2 10 0 36 5 76 8 99 7 90 10 4 14 24 4 82 1 83 12 27 11 67 
10 26 0 17 1 56 13 49 11 52 12 65 2 40 5 4 6 14 8 79 7 20 4 47 3 87 14 19 9 92 
13 50 0 61 9 63 1 22 10 58 7 40 14 28 8 6 6 21 5 73 2 6 3 47 12 54 11 42 4 41 
14 64 9 88 5 24 12 45 13 44 4 54 10 90 0 8 2 14 1 4 6 3 11 78 3 25 8 51 7 61 
0 87 14 89 6 8 13 85 8 21 1 86 4 72 7 62 5 89 11 21 2 46 3 92 12 55 9 32 10 13 
8 19 9 46 14 81 0 68 12 82 5 81 2 7 13 64 4 29 1 62 7 14 6 87 11 60 10 69 3 2 
7 34 10 72 13 58 5 79 3 56 6 83 1 31 4 16 2 54 0 35 8 63 9 42 11 67 12 74 14 60 
12 29 10 47 14 62 4 31 5 75 8 6 11 74 9 10 0 33 13 30 7 16 2 82 1 22 3 55 6 64 
9 90 8 9 4 30 10 57 3 44 2 80 14 60 11 23 0 33 5 91 1 13 7 72 12 65 6 77 13 2 
1 83 4 68 5 61 7 72 9 87 10 87 12 59 13 12 3 91 6 32 14 9 11 31 2 10 8 77 0 12 
6 35 8 88 0 32 3 51 4 41 12 93 14 37 11 99 7 78 2 63 9 4 5 52 10 12 13 33 1 9 
0 98 6 84 10 28 13 99 7 72 14 28 8 64 2 15 12 89 9 37 5 65 1 54 11 66 4 62 3 99 
4 19 9 10 3 98 2 29 5 3 7 46 13 8 11 76 6 61 8 5 14 52 1 50 0 85 12 59 10 48 
7 87 1 20 0 79 3 11 11 55 8 33 6 71 2 13 9 11 4 95 13 39 5 7 14 73 10 89 12 87 
0 26 11 11 6 55 12 26 8 42 14 9 7 52 4 58 1 88 2 83 10 65 3 36 9 78 5 73 13 41 
9 90 8 57 5 43 10 41 13 76 3 46 4 49 0 75 1 87 12 63 6 85 14 57 11 85 2 86 7 86 
11 1 5 3 4 85 3 31 0 59 14 31 6 46 13 96 8 44 2 51 1 76 12 11 9 32 7 88 10 63 
0 42 5 62 9 66 2 93 12 96 7 89 1 87 10 73 4 18 11 75 13 96 6 50 8 96 3 89 14 30 
0 76 13 2 9 91 4 24 8 69 11 26 14 59 7 27 10 37 5 24 6 42 12 34 1 11 2 92 3 49 
4 80 8 8 2 25 3 83 11 1 6 12 5 98 0 1 10 47 13 45 9 43 7 95 14 58 12 25 1 91 
4 14 14 76 0 80 5 34 7 53 2 99 9 3 11 46 8 2 13 58 12 39 10 34 3 97 1 35 6 52 
10 45 0 93 5 68 12 32 9 64 14 47 11 24 3 85 2 91 4 77 13 70 7 56 8 90 6 11 1 50 
0 23 5 62 8 48 3 99 14 88 6 51 1 26 7 74 2 81 10 20 11 64 9 11 12 49 13 68 4 4 
12 5 8 57 13 98 10 41 6 4 1 91 14 36 4 77 2 16 9 45 7 79 11 49 0 91 3 39 5 79 
6 36 0 26 2 13 14 87 8 9 4 51 13 40 11 38 1 15 10 57 7 42 9 12 12 16 3 65 5 35 
14 98 5 78 8 10 4 18 13 41 9 33 12 29 3 67 1 44 7 15 2 47 10 45 11 83 6 5 0 91 
0 39 2 62 13 49 5 1 7 33 3 89 8 80 14 54 12 76 11 78 10 33 4 7 6 33 1 52 9 33 
7 85 9 74 11 57 4 6 0 90 13 62 6 53 8 39 14 25 1 85 10 75 2 75 12 73 5 48 3 95 
5 61 12 61 10 44 8 56 3 83 14 57 13 9 2 4 11 70 4 27 7 83 1 77 0 45 6 33 9 40 
14 62 4 39 10 17 13 78 11 34 5 7 2 51 6 83 1 35 12 7 7 24 0 64 8 37 3 19 9 71 
10 69 12 54 3 49 8 65 5 47 14 90 4 4 11 48 1 10 6 46 0 4 13 59 9 1 7 22 2 30 
11 84 12 13 8 46 5 90 13 53 10 51 14 66 0 6 2 75 7 13 9 61 6 95 4 67 3 71 1 13 
4 29 2 79 8 70 12 34 14 96 9 42 1 76 7 91 3 14 5 77 10 99 6 43 13 73 11 1 0 84 
11 37 4 78 8 42 2 95 13 70 5 40 12 76 7 80 14 66 0 17 9 83 10 78 1 13 6 36 3 51 
8 34 13 7 5 34 1 82 12 87 0 50 10 68 2 51 4 65 9 69 7 55 11 1 14 11 6 44 3 68 
11 53 12 73 4 10 0 43 6 68 10 42 14 3 1 94 9 18 7 74 8 17 2 90 5 3 3 45 13 42 
0 41 7 30 11 10 3 92 10 70 14 3 2 36 13 48 5 46 6 19 12 16 8 68 4 60 9 80 1 86 
4 79 7 93 0 84 1 98 11 79 8 84 12 48 6 23 2 48 9 4 10 94 13 23 5 82 14 19 3 45 
7 90 4 41 8 87 6 5 10 27 5 3 2 18 0 68 1 72 9 25 3 64 14 30 13 37 11 35 12 35 
0 61 11 43 3 30 10 88 8 35 7 62 6 72 12 43 5 90 14 82 13 47 4 55 9 7 1 92 2 21 
1 57 13 40 2 50 7 16 14 1 4 37 9 60 5 63 11 2 8 84 0 44 12 27 3 31 6 16 10 35 
2 71 0 66 10 68 7 10 13 1 14 49 12 10 9 6 1 19 11 36 8 29 3 61 4 37 6 90 5 15 
7 86 14 51 4 86 5 66 11 79 13 91 6 78 2 39 1 96 9 31 10 60 12 39 8 43 3 33 0 67 
3 35 0 32 5 53 4 33 1 67 11 13 7 84 13 93 6 88 10 88 9 49 2 79 12 75 14 75 8 97 
11 74 6 80 0 86 13 96 5 51 12 12 1 34 8 27 2 82 4 87 9 64 10 31 3 63 7 13 14 4 
4 76 8 41 14 33 9 40 13 65 6 36 5 56 0 53 3 74 2 46 7 18 10 96 11 35 1 41 12 94 
10 96 8 2 0 77 6 95 7 94 2 19 3 27 14 97 13 52 1 44 12 62 4 83 5 44 9 96 11 38 
9 28 8 1 10 77 12 28 0 2 3 74 11 13 7 77 5 36 1 99 13 83 6 52 2 75 14 98 4 83 
8 40 4 14 6 78 14 98 10 94 2 50 0 45 12 76 13 54 3 8 5 26 1 46 9 75 7 7 11 94 
11 93 0 96 13 69 7 6 9 11 12 28 1 76 5 17 10 98 8 83 4 52 6 91 14 34 3 11 2 89 
3 28 1 35 7 13 0 20 5 26 14 55 13 52 2 23 10 5 9 13 6 73 8 39 4 28 12 31 11 44 
6 58 8 85 0 42 1 96 11 88 12 21 14 87 9 2 3 56 13 80 4 86 2 80 7 5 5 29 10 88 
14 60 5 21 6 44 12 20 8 94 1 43 4 67 9 88 2 48 3 18 7 29 10 23 11 39 0 60 13 55 
1 98 7 65 11 76 10 11 5 43 0 97 9 90 13 38 4 16 2 61 14 36 3 17 12 39 8 14 6 4 
2 53 12 39 0 41 13 77 7 53 10 18 11 43 6 28 4 22 14 93 8 76 3 23 1 63 9 24 5 28 
1 47 0 98 7 37 13 4 4 98 3 91 9 61 11 13 2 41 12 3 14 89 5 44 10 49 8 92 6 70 
14 84 0 25 8 57 9 16 3 83 2 2 4 73 6 20 5 59 10 14 1 98 7 39 12 19 11 94 13 47 
1 54 14 22 9 58 8 15 4 73 12 63 0 99 10 31 11 91 5 1 3 28 13 37 2 25 6 17 7 24 
3 61 5 80 6 91 1 35 12 2 13 5 7 2 8 31 11 53 0 13 2 74 10 51 4 96 9 20 14 96 
5 45 4 9 13 5 9 14 12 64 1 59 6 45 8 22 10 40 11 11 3 54 0 6 14 85 2 27 7 76 
7 47 10 42 3 67 6 18 12 44 1 52 13 45 9 83 2 89 4 15 0 14 5 69 11 53 14 62 8 42 
10 98 9 14 12 75 8 7 11 69 6 16 14 89 5 68 0 61 2 53 1 99 13 41 7 24 3 6 4 18 
6 36 3 71 10 45 7 58 8 32 14 85 4 85 9 74 2 44 13 57 1 83 12 31 11 99 0 36 5 22 
13 52 10 97 3 48 8 96 12 98 4 99 7 48 1 2 9 47 0 19 2 10 5 12 14 17 11 45 6 77 
13 86 2 38 1 86 10 78 3 33 7 69 12 68 9 51 5 48 14 40 11 26 6 26 8 75 4 17 0 31 
11 16 13 45 8 39 12 10 1 90 7 15 0 74 3 25 4 57 2 51 5 67 6 62 10 87 14 66 9 8 
5 19 14 80 7 30 0 63 12 4 9 93 10 91 11 92 6 10 4 93 2 15 8 6 13 97 1 19 3 6 
13 1 2 59 0 11 14 5 8 80 11 17 5 40 6 97 3 93 12 58 4 85 9 47 1 29 7 72 10 29 
13 31 0 73 10 68 9 16 14 5 7 22 8 22 12 58 3 96 2 40 4 22 6 17 1 1 11 29 5 86 
0 78 1 31 8 21 7 43 4 61 6 37 12 37 11 65 10 88 2 60 5 90 14 52 13 93 3 53 9 10 
11 60 14 82 13 81 0 98 2 4 10 40 12 17 3 14 8 56 6 7 4 86 1 40 7 51 9 28 5 45 
10 56 9 1 4 33 5 99 3 83 6 21 7 61 11 49 14 37 12 4 8 50 1 72 13 34 0 44 2 99 
10 51 5 40 9 80 13 37 14 31 11 96 2 56 12 46 0 63 3 98 4 54 7 52 1 11 8 50 6 16 
7 91 4 49 8 69 13 88 12 46 5 89 0 79 6 95 11 78 3 96 10 1 2 44 14 59 9 57 1 48 
12 87 13 22 8 54 11 7 4 62 7 94 0 50 5 40 1 6 3 89 2 56 6 23 9 54 10 99 14 37 
11 42 13 51 5 50 9 49 4 77 7 94 10 24 8 42 2 47 6 36 14 25 3 73 12 37 1 20 0 47 
7 50 8 35 13 22 0 38 14 49 11 38 10 69 1 93 4 96 3 95 12 42 5 1 2 24 6 72 9 34 
14 74 12 5 6 47 10 85 7 26 11 80 5 93 2 27 4 62 13 36 1 39 3 81 8 23 0 39 9 11 
4 23 7 51 6 51 11 93 9 6 0 6 10 58 5 80 2 40 1 82 3 30 13 49 12 25 14 92 8 3 
2 25 6 69 11 23 1 88 5 25 9 78 7 63 10 95 4 84 13 65 3 22 8 30 14 94 0 85 12 58 
9 11 0 17 8 77 5 25 11 93 7 40 1 80 3 65 2 89 14 83 10 5 4 44 12 34 6 63 13 89 
7 81 9 19 4 7 1 15 3 63 10 29 8 34 2 15 13 71 12 51 11 13 14 88 6 40 5 51 0 54 
9 97 11 21 8 17 14 40 3 72 5 60 2 77 6 91 0 38 7 42 1 84 4 49 12 87 10 36 13 26 
1 62 6 14 3 51 12 3 9 68 8 93 2 77 4 40 5 92 14 27 13 78 0 54 7 42 11 81 10 21 
1 23 11 68 0 9 5 67 8 49 9 74 10 94 14 68 4 18 13 89 2 7 6 89 12 40 7 76 3 73 
11 26 1 29 6 63 10 60 0 8 7 25 12 26 8 17 13 16 5 6 9 50 3 54 4 42 2 25 14 38 
4 18 9 60 7 79 1 57 11 65 8 49 0 2 3 60 2 94 6 81 13 69 12 37 10 4 14 16 5 10 
12 95 0 73 11 28 5 24 14 72 6 29 7 39 4 62 3 90 8 59 10 73 2 51 9 3 13 53 1 93 
4 31 3 58 9 55 8 27 12 94 1 51 5 32 6 81 2 76 11 31 14 24 0 60 10 26 13 75 7 15 
4 9 1 80 5 98 8 27 10 74 11 90 0 24 6 30 12 83 9 62 3 72 13 84 2 20 14 89 7 3 
13 79 10 45 2 20 8 18 4 51 12 5 0 66 14 62 5 52 9 43 7 84 11 56 6 69 1 45 3 47 
0 19 8 81 10 80 2 68 4 7 3 65 5 9 11 6 13 11 6 43 7 71 1 36 12 56 14 91 9 48 
11 53 0 57 12 78 7 66 2 57 14 49 8 69 9 79 4 89 1 8 5 51 10 97 13 72 3 3 6 2 
8 80 11 76 0 40 4 27 5 40 9 2 1 31 6 6 2 83 3 9 14 74 10 30 7 59 13 41 12 34 
8 52 5 45 9 72 2 47 10 64 3 42 12 5 0 82 4 66 6 23 14 19 7 7 1 25 13 89 11 89 
2 6 5 5 3 91 7 92 11 69 9 39 0 72 4 6 6 59 1 8 14 79 13 49 8 55 12 78 10 22 
0 55 13 40 4 57 3 92 9 91 1 74 6 83 14 78 8 4 2 38 7 33 12 89 10 26 11 24 5 32 
6 76 3 59 14 31 13 87 9 24 7 88 1 46 10 26 11 74 0 69 4 4 5 69 2 74 8 74 12 97 
1 21 7 60 14 95 4 70 11 15 0 24 8 94 3 65 13 13 2 23 12 32 10 29 6 31 9 61 5 48 
10 41 1 70 7 43 4 41 2 38 3 68 11 28 0 89 12 13 8 51 5 78 6 88 13 50 9 81 14 45 
9 20 12 6 0 28 11 68 10 57 8 75 1 8 5 10 7 30 2 67 6 38 4 29 14 62 3 72 13 54 
4 62 10 13 1 90 9 22 2 7 5 1 3 38 6 48 11 49 0 18 7 98 8 44 12 22 13 81 14 16 
14 94 1 49 12 16 13 64 3 71 6 14 5 42 10 18 9 84 7 68 8 24 0 40 2 16 11 38 4 2 
10 70 0 49 13 22 2 10 14 24 11 31 1 83 3 2 5 22 8 64 9 29 7 23 12 61 6 8 4 53 
8 89 13 25 5 42 4 91 2 85 6 98 3 54 7 98 12 17 10 9 0 93 1 39 14 20 11 80 9 23 
8 39 10 3 0 19 1 56 12 25 11 63 3 68 6 97 13 22 7 93 4 66 5 39 2 7 14 31 9 56 
1 29 14 77 4 48 6 27 3 38 10 32 5 38 11 83 7 26 8 12 2 73 13 66 9 89 0 94 12 38 
4 71 3 80 10 74 2 40 11 36 7 6 14 12 1 87 0 17 6 84 13 73 9 90 8 35 12 85 5 27 
0 79 6 14 2 63 1 33 7 77 4 55 5 53 13 47 12 82 8 91 9 7 11 8 3 39 14 50 10 50 
2 83 8 47 0 44 5 92 7 40 14 37 10 80 1 87 11 22 3 96 6 25 12 33 13 66 9 61 4 17 
6 16 3 15 11 4 0 5 1 52 10 6 13 61 12 46 9 32 2 46 4 45 7 82 14 85 8 81 5 96 
13 48 14 7 0 48 2 24 3 59 7 24 5 25 9 38 4 72 1 24 12 28 10 52 8 82 11 52 6 16 
7 38 4 86 3 50 6 67 5 90 0 75 12 84 2 81 9 73 13 68 1 45 11 81 10 67 8 75 14 14 
11 7 1 7 14 37 0 34 9 1 12 63 10 99 2 10 3 45 7 77 8 12 5 85 6 65 4 33 13 38 
3 65 11 1 6 65 7 73 9 81 12 90 5 40 8 22 1 96 0 72 14 86 10 54 2 90 13 72 4 76 
10 40 0 58 3 23 12 22 9 12 5 56 1 63 11 98 7 63 2 58 8 82 6 10 13 72 4 94 14 45 
3 25 9 3 7 83 0 80 5 66 12 12 1 2 11 56 2 58 8 44 14 87 6 48 13 41 10 26 4 33 
7 4 11 32 13 75 5 5 10 64 1 61 3 59 8 36 14 45 9 54 6 20 12 50 0 40 4 74 2 71 
7 74 8 63 9 90 3 12 4 63 1 72 2 37 13 4 10 90 5 3 12 9 0 27 14 14 6 5 11 95 
12 94 8 50 11 98 13 64 2 9 14 91 1 67 6 98 7 45 5 33 3 9 4 13 10 74 9 88 0 13 
10 45 6 7 11 77 1 68 7 84 12 90 8 14 5 64 2 53 4 68 0 5 13 58 3 64 14 22 9 18 
8 90 2 32 0 65 1 78 12 53 6 32 7 37 10 12 4 46 11 66 5 61 13 43 14 82 9 38 3 62 
7 12 0 27 10 55 14 41 4 88 6 17 1 70 13 82 2 60 9 37 12 9 3 73 5 91 11 45 8 63 
11 30 9 16 1 63 2 71 4 61 14 86 13 94 7 48 10 38 5 32 0 16 8 83 3 11 6 27 12 18 
11 70 14 36 2 82 6 37 10 19 0 74 8 54 13 36 9 43 7 13 5 65 12 53 3 67 1 13 4 12 
9 12 1 74 10 41 0 30 7 6 12 86 8 82 2 95 5 27 14 14 4 95 11 79 3 42 13 42 6 6 
3 29 7 36 9 65 12 26 10 31 14 72 4 68 13 17 6 5 11 67 2 17 5 89 1 67 0 95 8 80 
7 83 14 64 6 75 12 83 11 39 1 56 2 40 13 44 5 80 8 28 10 68 4 17 0 37 3 58 9 94 
14 42 5 6 6 71 10 71 7 22 13 8 12 36 11 80 3 61 4 84 9 86 0 72 2 37 8 34 1 21 
3 56 1 70 14 70 9 38 0 51 8 84 7 67 13 53 11 88 4 98 12 13 10 89 6 14 5 89 2 33 
12 32 11 71 8 54 3 93 9 69 2 28 1 95 0 69 5 65 7 21 10 1 6 98 13 28 4 30 14 7 
8 16 5 83 13 50 4 35 11 63 3 93 1 9 2 58 14 62 10 12 9 56 12 73 6 97 7 67 0 95 
14 28 5 80 1 61 6 65 12 37 4 62 9 34 10 38 8 84 3 69 2 79 13 29 0 65 11 43 7 83 
9 92 12 34 1 48 11 50 7 19 6 40 13 23 3 36 0 19 8 90 2 41 5 82 14 70 10 66 4 83 
11 94 13 68 5 21 2 25 14 47 6 89 12 86 4 66 8 82 0 60 7 80 1 36 10 98 3 34 9 70 
5 5 3 49 2 70 14 51 13 71 7 16 6 63 8 82 12 23 0 94 1 7 11 94 4 22 10 75 9 10 
6 63 3 37 4 50 11 8 10 9 1 56 5 67 13 23 14 85 8 87 9 24 2 13 12 9 7 5 0 59 
3 28 8 84 14 96 13 55 5 79 10 86 1 61 12 99 9 34 6 59 4 45 7 1 11 80 0 18 2 6 
14 63 6 85 8 1 7 92 5 17 10 24 0 43 4 67 1 12 13 12 12 56 9 29 3 79 2 15 11 73 
9 37 1 4 7 66 11 12 3 20 5 65 12 32 8 85 13 69 4 12 14 17 6 26 10 45 2 92 0 46 
10 83 6 65 14 18 9 8 0 22 13 1 4 38 3 67 11 7 12 20 7 45 8 9 5 29 2 25 1 70 
12 45 1 12 5 44 10 47 4 22 13 99 3 39 7 83 8 3 0 87 6 19 2 16 11 23 14 73 9 43 
8 33 13 34 5 87 3 87 14 40 12 74 10 98 1 64 4 38 7 30 11 18 0 54 9 55 2 6 6 71 
0 2 6 62 5 36 11 22 12 49 10 83 1 84 8 38 4 97 7 27 13 79 3 20 2 73 9 74 14 85 
6 63 13 40 2 75 5 16 0 1 10 93 1 95 12 27 9 15 4 26 7 15 14 26 8 19 11 23 3 44 
11 10 2 9 1 53 3 11 9 62 6 85 4 2 7 14 0 93 5 92 12 59 10 22 13 17 14 59 8 88 
13 21 10 73 3 9 11 67 7 27 0 47 9 60 4 50 12 15 14 9 1 1 8 60 6 75 5 81 2 7 
8 66 14 51 6 2 7 66 9 34 13 32 4 31 1 86 11 8 5 39 10 32 3 1 12 33 2 79 0 60 
13 94 2 26 9 56 10 29 3 21 12 7 5 4 14 47 7 62 8 94 11 34 4 51 6 65 1 26 0 8 
8 56 4 97 12 51 2 95 5 67 3 46 11 32 7 24 6 41 0 12 10 67 9 99 13 47 1 41 14 40 
11 4 6 16 2 63 7 20 12 30 13 43 3 40 8 89 5 2 10 78 14 43 4 20 0 5 1 96 9 18 
6 13 11 76 2 93 8 60 9 15 13 23 5 46 0 70 10 44 4 79 12 34 1 29 14 68 7 76 3 55 
8 73 11 29 4 55 2 95 12 90 3 75 5 22 10 94 1 1 6 82 14 31 13 17 7 56 9 42 0 2 
0 68 5 4 10 49 11 28 13 35 9 38 3 53 4 8 8 93 6 1 12 26 1 53 2 68 14 35 7 2 
8 34 10 14 13 49 5 57 11 28 9 54 4 15 6 3 0 47 12 22 1 54 3 54 7 39 14 64 2 46 
8 73 0 44 9 87 3 56 5 11 10 82 1 67 6 62 2 14 11 99 14 25 7 52 4 24 12 82 13 54 
10 80 3 66 13 36 12 52 5 68 0 4 6 89 11 33 14 47 2 52 1 10 7 41 9 74 8 24 4 21 
3 39 5 81 7 16 6 13 14 66 10 82 13 4 4 90 1 85 11 22 2 98 9 55 0 42 12 80 8 12 
6 19 2 81 3 96 5 47 13 81 11 19 9 7 1 33 4 4 0 26 8 10 14 79 10 15 7 62 12 47 
13 60 8 78 5 53 4 92 10 64 7 4 14 46 1 26 0 95 2 84 11 35 3 87 12 95 6 73 9 66 
8 57 5 30 14 54 7 27 6 25 3 19 13 75 9 3 1 79 2 62 10 82 0 63 12 27 4 57 11 32 
4 70 9 34 14 34 5 1 8 58 6 39 0 71 1 34 7 47 2 45 10 24 13 69 11 71 12 21 3 93 
6 85 7 60 2 94 0 11 12 88 4 92 13 35 3 33 1 37 11 39 5 26 14 9 8 64 10 60 9 36 
10 30 9 21 7 82 13 8 2 61 14 48 11 6 5 54 8 39 3 86 6 96 12 2 4 91 1 32 0 36 
3 81 8 11 4 44 11 67 12 22 2 64 5 62 0 10 7 4 6 54 9 99 1 57 13 43 10 35 14 92 
3 76 4 50 10 56 2 32 8 67 6 79 12 33 0 38 5 38 13 81 14 62 1 54 9 62 11 72 7 39 
0 28 11 13 5 6 14 40 10 1 9 51 13 20 7 86 6 85 2 8 4 74 1 30 3 76 8 27 12 87 
3 29 14 83 8 33 10 1 1 9 6 20 9 96 12 65 7 22 2 40 5 28 11 3 4 18 0 9 13 21 
0 24 13 18 10 4 12 40 5 37 4 12 2 40 1 85 6 87 7 15 3 28 14 66 11 71 9 33 8 13 
1 97 4 92 8 77 5 48 2 40 9 80 0 24 14 72 11 32 6 66 3 65 13 23 12 13 7 4 10 28 
4 71 6 98 9 83 0 16 7 21 5 75 1 5 12 99 14 97 8 33 3 38 13 33 10 7 11 48 2 81 
