200 15 
10 75 12 54 4 33 8 47 2 86 3 68 7 53 13 94 0 57 9 56 6 82 5 78 1 92 14 94 11 38 
12 46 9 68 8 19 7 43 4 70 2 43 3 86 0 64 6 35 10 40 11 25 13 21 5 90 14 76 1 69 
1 18 0 67 7 24 8 23 14 99 11 73 10 24 2 1 5 44 12 61 4 83 13 32 3 63 6 47 9 5 
8 44 10 51 6 65 4 8 9 51 12 31 3 72 5 7 14 13 0 47 2 86 7 70 11 19 1 47 13 16 
6 11 9 67 14 28 7 81 5 93 8 84 4 42 12 28 11 93 13 86 10 58 3 21 1 36 0 62 2 99 
8 88 0 27 10 16 6 51 11 24 7 86 1 42 14 31 5 22 9 67 3 70 12 61 13 70 4 15 2 7 
4 54 6 61 12 83 13 82 10 30 14 99 3 77 5 22 11 31 0 49 7 31 9 5 1 84 8 60 2 10 
4 76 10 50 12 61 13 60 8 48 11 35 1 50 0 71 2 3 6 58 7 41 3 20 9 44 14 28 5 6 
3 5 2 83 0 70 8 49 13 21 11 89 12 24 10 13 1 60 4 68 14 64 7 79 5 62 6 3 9 68 
2 23 13 19 3 57 14 66 6 2 9 78 7 62 1 2 12 9 11 65 10 82 4 66 5 43 8 51 0 37 
11 60 3 76 9 3 5 83 13 78 7 83 10 48 2 57 12 96 14 29 1 5 0 69 4 10 8 96 6 21 
1 49 8 74 4 41 14 47 13 3 11 43 7 99 6 83 10 79 3 40 12 72 9 4 0 78 2 79 5 79 
8 1 0 48 1 29 3 23 13 96 10 97 5 48 12 31 6 24 11 63 4 8 7 94 2 61 9 76 14 99 
14 20 6 29 5 8 8 88 7 84 1 74 11 73 12 1 4 38 2 83 13 99 3 97 0 30 9 26 10 60 
13 37 7 93 4 35 14 47 11 33 12 52 0 69 3 10 5 66 10 57 8 65 2 63 1 16 6 6 9 83 
12 35 1 70 5 55 6 87 4 83 11 79 8 94 0 32 2 10 7 6 13 88 9 95 14 53 3 12 10 55 
0 36 6 24 1 37 12 21 9 48 4 96 8 22 13 38 11 17 14 35 7 6 10 83 2 85 5 28 3 40 
7 72 1 97 5 83 8 93 0 83 2 79 4 50 12 52 11 86 13 76 10 69 6 66 9 26 3 63 14 44 
3 67 8 79 12 2 11 73 1 76 5 87 13 65 6 75 9 31 2 12 10 43 0 58 4 47 14 44 7 63 
5 68 1 29 9 19 7 92 10 15 6 14 12 9 13 65 14 58 3 41 2 3 8 59 4 86 11 90 0 93 
6 18 12 46 1 72 7 2 9 25 10 85 3 52 4 93 8 9 13 56 5 37 14 62 0 82 2 78 11 65 
9 89 14 69 5 29 11 18 2 46 12 32 10 25 1 84 13 91 3 42 0 12 7 66 8 56 6 48 4 26 
5 34 2 35 9 17 13 60 10 8 0 3 11 36 7 62 12 40 1 13 4 24 6 73 14 59 8 50 3 82 
0 41 12 59 9 75 11 98 14 31 4 35 8 18 2 45 7 73 5 71 6 32 10 48 1 27 3 99 13 52 
11 52 1 27 2 86 14 6 5 58 10 6 9 95 0 1 7 25 3 14 6 60 12 62 4 31 8 3 13 58 
5 20 9 71 13 10 10 95 4 95 12 57 2 23 6 18 8 61 14 1 0 37 11 58 3 70 1 94 7 79 
14 94 2 37 4 37 6 29 0 3 1 52 3 11 12 7 9 28 8 92 7 29 13 60 10 66 5 87 11 75 
4 50 3 99 7 96 9 78 14 25 1 21 12 52 11 39 8 11 6 71 2 12 13 29 0 26 10 40 5 8 
14 34 6 81 13 9 11 87 1 14 12 43 4 86 7 5 9 6 10 72 3 48 5 4 8 89 0 3 2 91 
1 34 6 4 9 22 10 66 0 81 14 86 3 74 4 23 5 77 12 48 11 17 2 71 7 70 8 51 13 46 
0 81 14 1 2 12 3 57 1 51 12 44 10 19 8 76 6 21 7 97 11 53 4 68 9 34 13 71 5 69 
3 85 11 34 6 73 1 84 10 9 9 88 13 24 14 8 12 76 8 29 5 71 4 27 2 32 7 62 0 54 
7 82 5 83 14 82 4 10 12 92 8 38 13 48 1 45 3 54 2 16 0 95 9 53 10 69 11 46 6 15 
3 65 7 77 0 38 1 84 6 84 14 51 13 4 9 70 4 75 8 71 2 41 10 74 5 63 12 1 11 47 
10 94 5 74 4 47 1 69 13 5 3 97 11 25 0 6 14 10 6 65 7 33 12 42 2 38 8 80 9 53 
10 76 0 82 2 71 7 49 6 5 14 43 13 90 11 18 5 10 4 38 9 74 8 3 3 76 1 31 12 10 
14 57 10 36 0 36 2 96 11 93 3 93 13 62 12 57 4 90 5 54 1 62 8 34 6 85 7 16 9 4 
8 16 4 88 1 63 2 53 0 41 3 94 7 76 11 87 10 88 6 56 5 31 14 6 12 40 13 98 9 24 
2 71 12 65 8 13 1 33 14 16 13 43 10 90 7 57 4 1 5 75 3 47 0 38 9 71 6 8 11 85 
12 15 3 47 0 59 2 90 7 20 6 83 14 67 4 33 13 16 10 79 8 76 5 14 11 83 1 89 9 40 
6 13 7 72 11 26 12 32 10 74 4 65 0 76 5 85 1 21 2 5 9 93 8 36 14 98 3 46 13 70 
11 85 2 32 0 94 14 5 12 73 10 44 3 29 5 77 8 77 7 23 9 56 13 61 4 99 6 81 1 43 
3 75 2 42 6 19 1 86 11 99 5 22 13 15 0 46 8 46 4 13 12 95 10 81 7 64 14 35 9 73 
7 55 2 44 4 94 3 10 5 99 6 21 11 23 8 71 14 44 13 53 10 60 1 36 9 38 12 34 0 33 
10 4 1 48 9 57 7 15 4 49 14 57 0 4 6 79 13 57 5 25 8 2 11 24 2 71 12 65 3 20 
10 9 1 16 14 79 2 69 9 82 3 34 4 49 11 90 7 37 13 63 5 36 6 37 12 10 8 11 0 62 
13 18 2 85 12 42 8 22 5 82 1 66 3 66 10 57 6 43 0 96 7 82 14 11 11 53 9 30 4 66 
9 2 5 36 3 65 13 34 2 44 1 7 11 6 8 41 7 79 0 33 10 96 6 81 4 2 14 22 12 90 
6 93 0 8 2 16 14 39 7 32 13 7 10 78 8 54 12 59 5 39 1 9 9 5 3 34 4 77 11 51 
12 53 11 34 9 91 14 8 5 42 0 38 8 68 10 26 13 2 2 6 3 15 4 85 1 58 7 71 6 8 
4 10 11 37 12 25 13 82 9 29 10 96 6 59 3 94 7 2 14 96 0 27 1 35 5 29 2 45 8 25 
3 36 0 96 1 7 14 1 13 78 11 35 4 17 10 76 5 16 8 59 7 36 12 61 2 65 6 38 9 81 
9 58 12 7 7 8 13 8 8 85 14 29 10 99 5 11 2 34 6 56 11 29 4 31 3 91 1 31 0 4 
0 56 12 51 13 8 3 56 5 66 14 29 4 76 9 6 11 22 8 27 6 83 2 54 10 68 1 81 7 41 
10 43 8 47 6 35 11 16 2 91 4 84 12 42 14 66 5 71 13 1 0 69 3 46 9 54 7 42 1 79 
8 27 9 3 10 41 3 13 13 32 14 11 7 11 5 95 2 70 12 70 6 99 1 78 0 52 11 48 4 77 
10 79 2 72 5 71 6 42 12 54 3 68 0 27 14 98 9 32 1 27 13 72 11 82 8 61 4 93 7 33 
9 94 3 92 2 28 11 92 7 74 1 21 6 53 0 43 12 20 14 28 4 9 5 76 10 9 13 16 8 93 
8 37 6 46 2 20 13 94 11 68 9 81 0 17 7 53 1 74 14 33 3 60 5 6 12 47 4 77 10 79 
9 80 8 2 2 23 4 72 13 19 12 65 0 66 10 15 11 67 7 44 1 17 3 74 6 64 5 97 14 48 
10 69 5 73 4 90 7 58 11 52 1 47 0 61 6 49 3 57 8 25 13 57 12 63 14 34 9 18 2 64 
11 58 6 65 0 33 1 64 10 77 4 98 3 37 2 89 5 95 8 57 14 85 9 5 13 50 12 72 7 27 
12 48 6 74 3 88 5 1 10 38 2 50 8 82 1 6 11 88 0 38 4 64 9 74 13 86 14 81 7 33 
10 88 4 27 1 34 8 53 6 70 13 86 7 72 2 45 9 23 3 4 11 60 0 37 14 60 5 67 12 46 
9 51 4 93 7 75 2 2 0 51 12 19 10 47 11 78 1 33 8 6 14 91 6 26 3 75 5 27 13 26 
3 46 6 78 12 69 10 56 13 23 5 69 11 83 0 52 7 21 14 49 4 24 2 38 8 42 9 10 1 26 
11 99 5 8 2 64 1 97 9 90 13 73 7 58 14 55 4 23 8 46 0 46 10 31 3 8 12 84 6 99 
4 90 6 2 10 86 5 16 3 97 9 76 14 95 1 87 8 16 13 41 12 59 11 39 7 90 2 81 0 68 
6 27 12 80 11 41 8 70 10 68 1 89 13 9 7 38 2 96 3 83 14 82 0 3 5 12 9 98 4 11 
2 39 9 67 7 71 5 26 3 61 13 94 4 22 12 70 1 44 6 10 0 91 8 21 11 27 14 69 10 44 
13 93 4 73 0 39 10 67 12 45 5 57 6 25 2 82 1 44 7 8 3 27 8 79 9 73 11 79 14 54 
0 12 14 58 3 89 6 28 13 58 10 15 5 1 2 10 1 15 12 94 7 53 8 48 11 91 9 40 4 12 
7 86 14 76 8 81 0 61 13 86 3 15 11 57 1 89 5 51 12 13 2 8 9 13 10 23 4 98 6 54 
2 68 9 71 10 3 8 1 0 48 14 24 6 80 5 62 12 17 7 26 1 69 3 18 4 21 11 55 13 82 
13 89 11 36 3 21 4 2 1 86 8 59 0 81 14 5 9 79 6 48 12 10 2 43 10 63 7 50 5 35 
8 86 10 23 13 84 3 60 9 22 1 47 2 87 12 44 4 58 5 36 0 52 11 83 14 89 6 38 7 62 
13 43 5 26 14 59 8 1 0 8 10 35 11 64 12 81 9 15 1 9 2 99 6 10 4 37 7 4 3 42 
10 52 0 73 7 69 5 11 4 33 11 65 14 7 2 58 12 22 3 33 6 19 8 42 9 87 13 74 1 62 
7 68 0 60 9 88 3 58 10 25 11 79 2 30 5 91 6 93 14 7 12 50 8 36 4 42 1 49 13 23 
10 53 3 51 9 56 4 56 13 53 5 86 0 78 1 34 8 21 7 2 2 94 14 60 6 98 11 25 12 71 
8 43 1 32 11 74 4 83 12 90 3 56 6 42 7 34 2 62 5 54 14 40 9 92 0 81 13 81 10 29 
5 78 6 46 3 42 2 14 7 45 12 99 4 17 10 92 0 89 11 30 9 83 13 44 14 88 1 6 8 42 
6 50 12 38 9 10 11 23 8 54 14 91 1 38 2 48 4 4 5 61 0 90 10 94 13 20 3 96 7 89 
2 94 8 73 7 25 13 50 12 11 10 8 11 37 14 40 4 79 9 99 1 83 5 34 0 64 3 25 6 50 
12 62 7 58 9 87 2 87 4 80 1 79 5 55 0 19 8 43 3 70 13 52 14 58 10 26 6 91 11 57 
3 41 9 98 10 87 12 4 1 34 5 97 13 89 6 67 14 37 7 14 0 92 4 77 8 72 2 37 11 54 
9 62 12 46 2 6 3 31 4 58 8 71 5 11 13 25 10 62 6 57 1 33 0 93 14 48 11 33 7 39 
8 19 6 70 14 56 10 23 1 60 2 6 7 85 0 73 3 19 5 40 4 4 12 63 11 1 13 45 9 19 
4 1 7 59 8 62 13 79 11 8 5 38 3 7 12 28 1 44 6 93 0 88 10 85 9 87 2 18 14 12 
13 36 4 17 2 12 8 95 1 97 6 33 0 40 10 48 14 65 9 37 7 80 3 69 5 49 12 92 11 12 
12 79 1 55 3 62 14 79 2 58 13 92 5 31 10 26 4 26 9 13 11 83 7 24 6 56 8 49 0 44 
13 48 14 58 4 55 0 62 11 83 9 39 2 80 10 55 12 65 3 71 6 11 5 31 7 89 1 20 8 73 
5 75 7 48 8 66 2 7 13 83 4 41 14 51 6 92 12 91 0 26 10 62 9 51 11 4 3 93 1 19 
6 96 13 46 3 44 0 42 4 59 8 43 9 42 1 33 14 32 11 13 10 52 12 20 7 47 5 63 2 64 
13 97 3 9 8 96 1 31 7 39 6 63 10 66 14 10 0 36 9 18 11 4 12 67 4 68 2 93 5 86 
4 67 8 88 14 31 2 80 10 91 12 85 0 71 1 4 5 22 7 31 6 17 9 15 3 85 13 55 11 68 
14 26 4 24 5 58 13 59 11 36 12 90 9 51 7 94 0 78 3 31 1 8 8 30 2 94 10 30 6 55 
5 89 2 11 9 70 10 26 1 72 0 72 14 49 11 69 3 5 4 14 12 49 7 73 6 32 13 51 8 26 
3 74 4 51 1 21 7 80 8 75 13 90 9 49 11 79 10 72 12 10 14 34 5 36 2 85 6 21 0 32 
7 64 1 61 3 52 9 24 8 79 5 34 10 2 4 69 14 53 12 80 6 34 13 44 0 14 2 28 11 4 
5 12 4 13 14 50 2 96 6 59 3 94 8 77 13 2 11 40 10 64 0 57 7 71 1 37 12 19 9 92 
9 16 5 81 14 14 6 29 7 37 11 37 4 72 13 85 12 84 2 36 1 49 10 38 3 9 0 16 8 28 
5 16 7 54 14 26 13 52 3 81 10 9 11 35 1 71 6 47 12 53 0 32 4 92 8 13 2 29 9 71 
10 6 0 99 13 97 9 75 8 55 14 69 7 25 12 94 1 88 5 30 11 16 3 41 4 45 2 80 6 67 
5 47 11 43 2 56 10 16 13 56 12 70 8 13 4 86 14 28 0 52 1 49 7 10 9 5 6 91 3 72 
11 72 0 69 5 93 10 56 6 67 14 71 9 45 7 61 4 35 2 66 8 94 12 41 1 15 13 30 3 94 
14 99 9 64 12 88 4 37 0 69 7 21 2 95 6 83 10 71 11 57 13 91 3 17 8 31 1 86 5 85 
3 84 5 27 10 19 1 29 4 55 0 96 7 49 9 79 13 87 6 99 11 27 8 29 14 74 2 81 12 78 
0 50 11 71 5 56 2 96 10 23 9 77 4 21 12 76 3 90 6 92 14 20 13 63 1 33 8 30 7 16 
1 40 11 49 14 60 2 47 3 82 0 31 4 30 12 10 5 48 10 69 9 39 8 20 6 82 13 93 7 36 
3 16 11 52 12 83 1 21 5 53 13 56 4 89 7 43 0 84 9 28 14 48 8 74 10 91 2 43 6 25 
2 73 14 52 0 82 9 49 12 4 13 91 7 10 11 13 1 21 10 27 5 81 4 86 6 37 3 48 8 24 
3 50 11 74 0 37 14 62 12 39 10 60 7 64 6 13 5 11 9 24 8 69 13 18 1 85 4 58 2 56 
0 72 10 87 9 27 5 87 7 5 8 71 11 92 14 39 12 12 6 45 1 19 2 56 13 22 3 48 4 15 
10 11 12 72 7 27 2 83 8 4 6 21 11 42 1 18 5 92 0 35 9 32 14 8 3 24 4 30 13 56 
7 48 9 95 2 21 0 11 5 75 8 85 11 60 1 32 3 12 14 55 10 36 12 18 6 6 13 53 4 10 
3 50 12 75 0 22 14 91 4 34 5 31 11 65 8 11 1 11 9 91 10 54 13 74 2 25 7 72 6 15 
9 93 6 8 12 56 7 99 3 40 0 77 5 28 14 96 10 64 2 44 13 6 4 72 11 32 8 99 1 72 
12 97 10 69 14 54 3 30 2 16 6 49 4 16 5 93 13 30 7 80 1 49 9 49 0 78 8 31 11 41 
13 19 2 10 8 43 4 92 9 67 10 14 1 81 12 14 6 28 0 26 7 67 5 54 3 41 14 36 11 77 
8 47 3 39 5 96 6 43 12 55 1 68 13 96 11 55 4 25 9 4 2 32 14 99 10 21 7 37 0 49 
0 75 2 42 1 59 12 37 9 5 10 36 3 98 14 28 7 16 11 78 8 53 6 7 13 22 4 59 5 92 
10 73 13 87 2 5 9 22 6 14 1 23 5 80 8 95 14 27 0 3 3 12 12 24 4 16 11 99 7 26 
3 86 10 50 11 36 1 41 13 22 2 46 8 13 4 89 6 69 5 30 9 41 7 29 12 78 14 1 0 21 
3 52 0 72 4 3 7 88 9 83 6 20 10 66 1 84 5 77 13 7 14 73 11 50 2 40 12 64 8 12 
12 95 14 13 9 81 8 78 0 50 6 56 2 94 13 19 3 78 5 99 4 89 11 12 10 65 7 13 1 34 
12 40 4 12 0 88 13 77 10 42 5 43 7 63 6 57 14 16 3 86 8 69 1 71 11 18 2 74 9 84 
3 54 7 33 5 44 0 84 12 22 8 41 9 50 10 89 4 18 14 55 6 10 13 68 1 96 2 61 11 47 
6 9 5 45 2 67 13 70 0 67 1 94 4 11 11 95 10 37 9 53 12 12 3 65 8 45 7 57 14 91 
7 84 8 17 4 65 3 66 6 38 9 75 0 71 10 79 13 79 11 71 12 19 5 85 2 28 14 98 1 74 
3 94 14 72 6 99 1 20 2 1 8 58 4 9 0 63 10 41 5 20 11 48 7 21 9 51 12 64 13 71 
14 52 13 67 3 85 7 86 2 4 12 25 0 90 8 44 10 62 1 93 4 48 11 73 5 53 9 10 6 34 
9 29 2 69 4 78 13 21 8 66 3 73 7 48 6 83 1 9 14 46 0 36 5 30 10 26 11 14 12 47 
6 89 10 21 9 71 14 46 8 34 7 93 0 83 5 92 12 42 1 35 2 17 13 61 11 36 4 73 3 66 
11 25 8 17 9 91 6 37 10 33 3 6 1 96 5 84 2 54 13 91 12 58 4 3 14 93 7 77 0 44 
3 84 7 13 13 6 8 20 11 29 12 89 2 17 14 83 0 62 9 62 5 19 4 24 1 92 10 72 6 18 
8 46 6 4 5 58 12 55 1 9 11 97 0 7 9 32 10 18 2 49 7 11 3 81 13 41 4 69 14 54 
12 23 9 88 4 67 0 50 5 65 1 85 14 33 6 94 8 30 11 7 10 14 13 41 7 64 2 77 3 41 
4 72 12 41 9 59 0 34 2 63 14 87 8 8 7 36 3 21 11 68 1 52 13 53 6 7 5 46 10 39 
11 19 1 95 10 44 9 88 4 6 2 99 6 33 5 99 12 19 3 9 0 31 8 4 14 46 7 39 13 7 
3 36 10 6 11 80 13 9 7 67 8 50 12 96 5 78 1 26 4 23 9 63 14 47 0 16 6 83 2 85 
5 65 0 1 6 85 10 60 13 12 1 55 3 12 9 75 4 32 2 41 7 64 11 54 14 43 8 11 12 40 
3 79 9 52 11 85 4 98 1 75 2 81 8 64 14 26 10 73 13 4 0 78 7 54 5 12 12 42 6 25 
14 4 6 61 2 97 3 68 7 20 12 45 4 66 1 64 8 11 0 12 13 66 11 7 5 41 9 60 10 64 
5 85 8 39 6 85 0 66 14 14 13 81 11 96 7 66 3 79 1 36 9 32 2 8 4 58 12 14 10 78 
9 92 4 62 12 47 5 45 10 40 2 59 8 75 3 32 14 66 1 3 13 90 0 38 7 81 11 21 6 35 
10 3 13 98 0 76 5 90 9 41 11 18 3 48 1 6 6 3 7 2 2 44 8 32 12 96 4 6 14 81 
5 54 1 74 11 98 0 81 2 84 7 35 4 9 6 75 3 96 9 85 10 3 12 85 8 50 13 16 14 32 
14 20 12 82 7 83 13 19 6 80 3 30 5 13 2 13 1 14 11 34 9 87 4 66 8 46 10 88 0 31 
4 27 5 70 1 30 7 8 0 86 14 53 12 90 6 10 11 52 3 9 8 2 13 56 9 4 2 87 10 61 
5 9 4 81 8 23 13 71 3 30 10 7 14 87 7 71 9 19 6 70 1 55 12 9 2 91 11 89 0 82 
5 52 14 95 0 57 13 79 2 85 6 16 7 28 8 10 4 24 10 24 3 85 12 19 9 97 1 64 11 98 
7 42 5 7 4 40 3 39 1 71 13 32 14 70 6 99 8 55 2 55 12 11 0 80 9 15 11 60 10 84 
12 30 4 9 8 14 11 48 0 76 10 88 13 16 9 64 7 94 3 38 6 32 14 18 5 68 1 19 2 96 
4 72 0 46 3 73 10 57 2 2 8 46 5 51 11 30 1 68 6 8 9 6 12 11 14 49 13 85 7 51 
3 68 6 40 13 41 9 65 7 50 12 83 5 2 8 33 14 95 0 49 4 32 2 87 1 95 10 97 11 21 
0 41 3 11 4 5 14 26 1 77 2 25 6 88 9 86 11 21 12 82 13 42 5 99 10 4 8 5 7 50 
8 57 9 13 12 31 0 36 14 74 7 25 10 17 1 36 5 7 6 73 3 41 4 91 13 28 2 20 11 37 
12 28 9 62 14 46 6 92 11 70 2 18 13 82 4 39 8 32 0 80 7 5 5 67 3 8 1 87 10 56 
1 46 13 98 3 99 8 93 14 34 0 65 11 15 9 70 10 90 2 2 6 88 7 25 4 13 12 2 5 87 
6 97 4 98 12 13 3 6 7 85 5 1 13 69 0 16 2 48 11 74 8 71 14 97 1 10 9 96 10 34 
6 59 12 70 13 57 8 64 1 81 4 73 7 69 11 12 9 11 5 20 2 53 3 92 14 80 0 52 10 50 
11 85 5 18 10 91 7 91 3 43 2 63 13 49 6 34 0 81 1 49 9 39 12 24 8 23 14 8 4 48 
9 76 12 27 3 47 14 39 10 80 6 79 5 89 0 21 11 16 7 24 13 54 4 76 1 83 8 32 2 22 
0 8 11 35 9 48 3 89 5 65 10 94 7 15 1 38 13 32 6 47 12 89 2 85 8 13 4 21 14 72 
12 86 11 88 9 61 2 73 13 79 7 22 5 50 10 2 14 28 4 46 3 56 6 9 8 42 1 55 0 32 
1 42 8 76 14 52 5 38 13 57 2 29 7 49 12 47 3 38 11 28 0 24 6 11 4 93 9 83 10 67 
4 45 2 28 7 51 11 66 14 64 9 3 12 20 10 48 3 73 13 37 1 57 6 18 0 75 8 47 5 27 
0 86 5 77 6 70 10 50 9 25 8 73 7 99 13 83 12 58 3 39 11 30 14 15 2 96 4 28 1 87 
14 16 7 52 6 44 1 91 8 86 11 46 9 9 4 56 3 54 0 45 10 48 2 35 12 61 5 10 13 68 
13 47 11 45 2 35 5 28 3 4 10 95 8 6 0 42 12 9 14 79 9 77 6 44 1 24 7 83 4 87 
14 95 13 19 4 28 12 49 8 93 5 9 7 66 10 33 11 30 6 10 3 82 2 9 0 71 1 66 9 49 
11 74 10 74 6 28 9 4 0 28 12 16 13 33 7 70 2 93 3 11 8 69 4 64 1 95 14 5 5 29 
7 34 13 75 4 83 11 60 10 70 6 98 8 69 9 14 12 59 3 84 5 19 1 82 2 16 0 96 14 79 
14 23 6 56 5 16 9 63 8 47 10 7 3 33 2 68 7 34 4 32 13 78 11 85 12 49 1 62 0 47 
0 42 2 17 6 39 13 5 8 96 7 64 11 60 5 32 10 94 14 51 12 70 4 87 9 19 3 75 1 2 
7 63 5 44 0 90 2 72 1 49 13 63 6 3 3 99 10 97 9 85 14 89 12 55 11 51 8 37 4 22 
5 25 10 78 14 63 0 23 2 41 12 73 4 22 11 40 7 4 1 13 3 93 6 28 13 66 8 1 9 88 
1 45 0 44 7 7 10 1 11 71 6 78 3 54 5 17 14 35 8 77 2 6 13 30 12 62 9 72 4 72 
10 54 1 11 14 42 2 48 6 42 9 75 8 21 11 89 7 1 3 70 12 92 5 94 0 70 13 4 4 84 
4 80 10 95 13 45 9 52 1 30 12 32 7 70 2 13 3 30 0 64 8 47 14 86 6 10 11 29 5 96 
7 81 6 20 4 68 14 43 10 15 9 29 5 62 8 41 1 80 3 61 2 91 12 20 13 47 0 6 11 53 
12 98 14 22 7 82 11 62 9 29 5 58 6 86 8 28 10 79 3 57 1 86 2 6 4 46 13 32 0 88 
8 16 2 24 3 5 14 2 12 47 10 50 5 33 13 73 0 85 1 65 11 30 7 15 6 89 9 95 4 13 
4 43 14 44 8 4 6 74 5 17 1 68 3 62 2 52 7 46 9 58 0 5 10 30 11 33 13 79 12 46 
2 53 8 99 14 36 10 46 13 81 1 11 6 11 9 58 5 80 0 94 3 19 11 12 7 28 4 4 12 83 
11 2 0 99 1 42 13 11 8 69 3 14 2 85 6 18 5 2 12 14 10 25 7 62 14 47 4 16 9 77 
10 8 1 18 11 65 12 6 0 47 7 38 13 99 2 53 9 82 4 84 3 26 5 93 14 78 6 5 8 37 
9 86 1 7 12 32 0 24 11 42 8 7 3 17 14 37 4 13 5 41 7 86 2 80 6 67 13 25 10 18 
4 84 0 20 10 64 5 89 13 94 3 41 9 62 8 68 1 70 2 50 7 98 11 91 6 39 12 69 14 61 
11 42 13 66 12 96 8 7 4 28 0 64 1 92 7 91 2 47 10 26 5 89 6 91 9 64 14 3 3 93 
1 56 9 61 14 4 8 17 3 14 4 38 10 18 11 56 0 85 13 89 7 90 5 54 6 24 12 20 2 2 
14 94 3 23 6 1 0 3 11 69 7 10 10 3 2 90 5 37 13 38 1 60 4 40 12 80 9 3 8 86 
13 63 2 44 3 26 7 86 11 89 1 45 12 2 14 37 8 69 5 24 9 58 10 65 0 6 6 9 4 93 
11 82 12 74 0 19 2 3 3 14 5 61 9 61 1 39 7 69 4 65 13 62 14 69 8 95 6 24 10 41 
9 55 4 64 0 49 14 82 1 75 2 56 3 40 8 13 11 87 13 44 12 28 6 97 7 69 10 84 5 24 
1 48 2 64 5 53 0 52 11 74 6 61 7 26 3 74 8 56 13 4 14 56 4 34 9 68 12 7 10 17 
4 17 14 89 11 72 3 11 9 23 1 93 10 40 2 59 6 68 7 79 13 14 12 97 0 29 5 78 8 22 
0 29 1 43 13 35 11 71 8 88 2 37 9 69 10 71 7 37 12 36 14 83 5 33 3 57 6 51 4 42 
10 56 12 72 6 13 4 5 11 1 1 98 3 15 0 49 13 78 9 54 5 17 14 79 7 25 8 1 2 88 
