200 15 
12 76 7 55 5 53 2 29 6 73 8 68 9 41 1 2 4 79 3 43 11 33 0 7 14 1 10 35 13 56 
4 4 8 30 9 37 12 33 1 78 6 41 5 29 14 65 2 94 11 71 3 19 10 77 13 29 0 96 7 81 
7 44 0 68 6 32 12 93 2 36 1 67 8 39 5 71 14 78 3 92 13 13 10 64 11 35 9 29 4 36 
13 5 7 94 11 80 14 65 0 2 5 77 8 94 6 88 2 64 4 35 9 72 1 93 3 13 12 71 10 67 
12 33 3 20 0 22 4 97 11 47 1 77 9 75 13 54 2 17 10 60 7 78 8 15 14 53 5 51 6 28 
14 84 5 50 10 67 12 76 3 17 13 45 4 83 6 60 8 24 0 56 2 75 11 7 1 71 7 18 9 57 
11 54 5 86 0 98 14 62 2 45 1 67 13 61 8 85 7 58 3 88 9 45 12 11 10 54 6 91 4 30 
4 37 8 46 0 66 11 25 5 99 14 48 6 99 1 84 9 70 7 37 13 18 12 33 2 39 3 37 10 87 
12 12 14 93 5 45 13 98 11 84 10 81 9 11 3 18 0 88 8 85 6 64 7 46 1 39 2 79 4 99 
11 13 0 64 12 61 10 63 2 12 9 26 5 24 13 78 3 64 6 68 1 69 4 63 7 2 8 80 14 57 
2 60 9 39 3 64 1 30 5 75 11 18 4 73 6 24 12 21 0 89 13 21 14 87 7 3 10 49 8 14 
0 86 9 10 10 38 5 3 4 18 3 16 11 93 13 49 7 49 2 25 1 4 6 10 8 11 14 69 12 38 
12 5 11 37 0 42 2 89 1 23 3 33 14 93 8 35 9 90 10 42 13 2 6 1 4 33 5 16 7 62 
11 38 13 78 6 24 8 83 14 50 1 55 3 56 0 2 5 17 4 75 9 66 10 23 2 75 7 83 12 83 
2 43 7 64 0 73 4 40 13 69 1 98 5 69 8 58 11 30 9 35 6 19 14 60 12 62 10 91 3 23 
8 81 5 70 3 26 0 4 4 47 12 92 14 9 13 76 1 54 11 40 2 90 9 39 6 75 10 7 7 32 
2 14 13 77 11 16 3 70 4 19 14 46 10 36 7 88 12 64 6 69 8 32 0 23 9 37 5 60 1 74 
3 92 0 18 1 23 2 31 13 44 12 7 9 42 8 94 4 36 11 24 10 47 6 54 14 33 5 54 7 77 
11 70 14 47 4 10 2 61 9 58 0 95 7 83 6 20 3 78 8 71 13 58 10 56 12 78 5 69 1 77 
11 25 13 47 3 20 6 91 0 12 1 49 2 65 10 19 8 99 7 29 12 95 4 40 9 2 5 42 14 64 
8 57 1 81 0 76 14 93 5 7 10 73 3 99 9 97 12 19 7 75 4 42 2 46 13 41 6 36 11 12 
0 89 6 15 14 81 12 33 9 1 11 4 8 22 1 72 5 25 4 46 2 62 10 55 3 61 13 90 7 83 
2 77 8 88 12 6 5 89 9 15 3 20 6 1 1 22 0 39 4 72 7 69 11 6 14 70 13 32 10 83 
1 53 2 72 0 8 6 37 5 84 7 10 10 33 12 60 9 94 4 18 11 44 14 75 8 95 3 52 13 33 
6 94 7 12 5 30 4 5 13 13 9 23 12 62 10 54 14 11 1 90 3 52 0 17 8 91 2 97 11 13 
5 18 3 8 1 83 0 37 9 35 4 38 2 36 10 37 13 72 14 50 6 76 11 12 8 63 7 84 12 42 
5 70 2 66 4 8 6 38 10 52 0 22 11 96 13 68 9 19 1 25 3 74 8 52 7 53 12 93 14 24 
7 60 8 49 9 27 3 99 10 65 12 86 0 37 5 63 13 65 2 25 6 8 4 32 1 96 11 6 14 91 
7 24 11 86 2 13 9 55 8 82 6 95 4 51 10 56 14 30 13 33 5 53 12 58 3 60 0 60 1 46 
11 83 9 85 4 59 0 90 8 46 13 60 1 99 5 44 7 58 2 9 3 96 12 98 10 14 14 54 6 64 
2 45 13 7 1 7 4 4 5 80 7 47 10 4 3 66 6 81 9 96 12 85 8 79 0 62 11 49 14 30 
14 46 6 21 0 22 10 19 11 85 4 24 12 27 2 98 8 64 9 30 3 1 7 75 13 25 5 92 1 63 
1 57 6 39 3 94 10 75 0 28 14 25 2 30 12 79 5 43 7 31 13 70 11 87 4 18 8 3 9 35 
7 56 13 57 1 57 11 2 0 32 10 87 12 64 4 30 5 58 8 17 3 91 14 85 9 50 6 38 2 27 
13 96 7 99 9 51 10 81 1 25 2 10 8 12 11 16 12 35 6 91 4 57 5 1 0 99 14 22 3 14 
10 34 6 89 14 8 7 76 4 1 11 76 0 77 12 78 5 75 2 51 13 98 3 89 9 33 1 32 8 69 
5 61 4 36 8 54 0 49 12 65 7 54 14 14 13 47 9 80 2 77 11 87 10 86 1 68 3 34 6 91 
8 38 13 87 10 5 14 64 12 69 0 22 11 33 6 80 9 87 3 38 5 60 4 54 2 40 7 81 1 54 
9 72 12 10 4 64 0 29 1 91 13 25 3 27 5 33 14 22 2 93 6 24 7 4 11 28 10 60 8 25 
7 82 6 29 1 44 12 13 5 51 8 53 13 69 3 43 0 15 2 27 14 82 4 41 10 15 9 50 11 35 
4 49 8 10 9 30 0 6 1 56 14 14 3 17 7 38 13 23 5 56 10 50 6 37 2 39 12 18 11 95 
1 11 6 86 9 99 8 33 13 42 7 31 12 24 14 98 2 98 11 8 5 53 0 21 3 56 10 34 4 34 
10 12 13 16 3 64 9 66 8 84 14 37 4 28 6 91 0 14 1 88 11 53 5 14 7 48 12 21 2 17 
11 27 6 73 12 29 10 50 5 57 7 28 13 88 3 20 8 80 14 42 0 43 4 91 9 63 1 62 2 98 
6 47 7 5 13 23 4 13 2 52 14 39 12 34 8 10 1 24 0 46 10 7 9 25 3 44 5 7 11 89 
12 64 10 89 5 96 14 99 2 22 3 3 6 95 11 40 13 84 1 9 9 12 7 93 8 59 4 53 0 10 
12 7 10 64 7 95 13 27 6 84 14 2 4 88 11 13 9 6 5 67 0 91 8 66 3 58 2 40 1 97 
3 3 2 38 11 6 10 75 7 39 1 26 14 13 12 11 13 85 0 76 6 27 4 40 9 10 8 76 5 26 
11 17 6 81 3 54 13 17 14 91 9 86 8 85 2 25 10 69 7 65 5 14 12 46 4 17 1 4 0 83 
9 21 12 39 13 93 4 12 14 42 1 27 0 4 6 52 3 85 5 94 7 11 2 17 8 68 11 71 10 60 
11 43 14 15 9 46 8 50 3 37 7 71 6 80 13 23 4 7 2 23 0 70 12 88 10 90 1 86 5 93 
14 12 0 9 13 82 10 32 12 59 8 2 6 40 1 38 2 21 4 97 3 69 5 52 9 62 7 69 11 62 
1 74 8 8 4 23 0 7 3 36 5 47 6 79 9 44 14 38 10 42 7 86 2 36 11 38 12 18 13 87 
13 78 11 76 8 88 1 17 6 31 10 66 2 96 3 18 7 6 14 28 9 89 4 56 12 3 0 14 5 60 
1 85 12 84 2 90 14 94 9 74 3 31 11 95 5 77 8 38 10 66 4 19 13 92 7 10 0 44 6 30 
14 87 10 50 7 31 13 84 5 45 3 72 1 50 6 43 12 13 4 6 0 88 2 27 11 10 8 97 9 52 
7 70 2 3 1 83 13 7 11 84 5 55 10 36 3 94 4 6 12 29 9 40 6 15 0 83 14 60 8 53 
3 99 8 31 12 33 13 75 5 84 1 1 7 35 4 12 10 15 2 77 0 78 11 26 9 77 14 58 6 92 
6 35 11 49 12 88 2 68 8 25 3 80 4 12 9 98 14 36 1 64 7 5 10 67 13 89 5 23 0 20 
1 6 12 19 9 73 5 15 14 55 10 63 13 69 4 8 0 57 11 89 8 89 3 42 6 36 7 49 2 12 
2 61 3 80 13 36 12 54 10 45 6 32 5 71 0 94 11 29 8 33 4 12 7 64 9 79 1 80 14 94 
13 31 10 11 0 23 14 88 1 48 5 11 6 56 9 47 7 87 12 53 3 33 2 25 8 40 11 41 4 18 
4 56 3 90 1 20 12 54 14 45 6 27 10 16 0 31 5 93 2 4 8 19 11 45 7 19 9 59 13 49 
6 94 9 6 0 45 4 28 13 49 8 10 2 49 12 93 10 44 5 4 7 14 3 41 11 6 1 20 14 11 
10 46 2 10 11 17 3 1 0 75 14 58 1 71 7 26 8 95 13 17 6 4 9 96 4 55 5 51 12 99 
0 18 13 46 11 21 6 36 12 59 9 42 4 92 10 53 1 48 3 7 5 30 2 56 7 18 14 24 8 55 
12 2 11 1 5 75 3 76 14 47 13 13 10 56 9 27 4 2 8 31 2 68 1 16 7 7 6 43 0 63 
1 1 5 12 8 80 2 15 7 65 3 80 4 30 6 27 9 41 14 87 0 49 11 18 13 62 10 18 12 2 
11 26 13 46 0 76 8 73 4 7 7 5 3 60 12 64 5 1 10 92 2 52 6 43 1 13 14 19 9 63 
8 22 4 63 2 61 14 72 6 60 0 64 10 20 5 21 12 1 11 15 7 86 13 72 9 67 1 93 3 71 
7 83 13 13 6 37 2 80 8 32 0 64 14 52 10 91 4 98 5 83 11 21 9 46 1 1 3 92 12 83 
10 57 11 2 0 17 8 59 2 88 3 17 5 2 1 6 13 44 4 82 14 6 6 79 9 95 7 86 12 19 
11 54 7 77 2 42 0 82 8 81 3 91 1 67 4 49 13 37 10 7 12 31 9 92 6 68 14 17 5 99 
9 66 10 15 13 75 5 54 2 16 8 29 3 88 7 93 0 99 14 37 1 23 12 24 11 52 6 11 4 33 
14 33 0 71 5 22 10 84 6 22 12 53 7 74 11 64 9 92 3 33 8 14 13 16 4 63 1 11 2 19 
6 53 12 97 3 78 14 72 10 67 5 54 2 97 1 81 8 2 4 64 9 40 7 57 11 18 13 77 0 41 
7 1 2 10 13 63 10 42 9 89 4 16 1 12 0 46 12 56 14 47 6 10 5 4 11 97 3 79 8 97 
0 59 8 20 13 12 2 78 7 79 6 59 1 27 4 62 9 25 3 22 10 43 12 87 5 38 11 98 14 42 
3 41 6 28 12 99 4 8 5 53 0 37 14 65 7 89 11 93 10 37 8 75 1 83 2 20 13 40 9 66 
7 57 2 73 11 99 6 26 0 78 12 64 14 35 8 12 1 34 5 37 10 23 13 8 3 10 9 59 4 93 
8 25 10 30 14 7 9 84 3 17 6 69 12 63 1 80 13 26 4 80 11 84 2 40 7 44 5 80 0 97 
6 14 1 94 4 14 9 3 3 82 14 42 13 25 8 61 11 31 7 6 2 28 5 84 10 38 12 52 0 31 
5 70 6 35 4 97 9 24 1 97 13 27 11 88 8 77 10 55 0 4 3 94 7 35 12 47 14 2 2 40 
10 53 3 61 1 28 7 42 0 6 9 66 4 35 5 32 2 98 8 30 14 55 11 96 13 86 6 46 12 47 
10 80 3 56 7 39 6 84 0 76 14 92 1 36 5 55 4 68 12 75 8 38 13 27 11 16 9 77 2 35 
10 20 4 3 0 74 12 86 5 4 1 97 14 1 7 98 8 46 2 24 3 68 9 12 13 96 11 26 6 92 
8 19 13 49 11 37 1 15 5 80 6 10 2 27 7 95 0 7 9 85 10 69 4 12 14 99 12 98 3 79 
11 96 5 35 13 31 14 22 10 35 0 54 3 57 12 5 8 27 4 48 6 99 2 15 9 50 7 9 1 80 
4 51 3 60 13 10 6 78 0 31 12 98 1 47 7 9 14 40 5 5 10 62 2 9 9 90 11 4 8 92 
2 98 9 48 0 47 3 37 5 14 8 80 7 61 14 51 1 67 10 94 12 76 4 87 13 45 6 65 11 97 
3 60 10 83 5 73 9 74 7 14 4 21 6 30 2 61 0 88 11 51 12 23 14 27 13 93 1 75 8 99 
5 6 1 60 10 67 13 11 7 40 6 55 3 19 9 66 11 82 0 83 4 59 12 22 2 35 14 55 8 66 
6 82 8 92 7 86 10 49 2 21 9 98 4 86 5 85 14 25 13 21 11 65 1 68 0 37 12 19 3 83 
4 98 1 76 10 66 0 40 13 78 9 72 5 70 7 98 12 27 3 72 2 98 14 22 8 68 11 73 6 23 
6 85 4 73 9 49 11 11 8 92 3 67 1 57 12 35 2 48 14 52 5 44 7 42 0 99 13 51 10 52 
8 74 11 89 6 29 12 71 3 54 7 69 1 48 10 32 14 1 13 7 9 39 4 95 5 31 2 81 0 31 
0 61 8 37 2 72 12 7 5 12 1 70 13 15 7 17 10 84 4 27 9 48 6 63 11 33 14 50 3 45 
12 53 7 17 10 29 1 61 9 56 11 42 2 80 5 90 14 81 0 45 13 41 4 95 3 14 6 93 8 39 
4 99 1 10 2 35 6 90 8 5 13 82 9 67 10 85 12 27 0 32 3 47 11 6 5 10 14 11 7 58 
10 5 9 3 8 33 11 99 3 82 4 76 2 96 13 64 0 5 12 38 14 15 7 59 6 4 1 25 5 33 
12 56 4 8 6 71 3 54 13 77 10 97 7 57 14 3 8 4 2 6 1 89 0 92 9 82 5 79 11 51 
9 17 14 86 13 37 8 47 3 55 11 86 12 40 1 43 7 44 2 74 5 51 4 70 10 36 6 40 0 82 
5 50 0 8 8 38 7 98 14 87 6 87 3 35 13 56 10 91 1 7 4 89 9 50 2 18 12 28 11 12 
2 38 9 23 14 35 1 19 10 99 13 47 4 85 5 45 6 41 11 43 3 83 0 20 7 1 12 63 8 49 
11 45 6 14 0 40 8 98 5 10 14 46 1 83 10 83 2 30 13 45 12 18 7 64 9 97 4 17 3 5 
3 60 6 6 14 47 10 5 8 18 12 56 11 5 2 81 5 97 1 14 0 56 4 10 7 85 13 32 9 98 
10 8 3 64 8 21 12 91 2 35 9 34 6 51 11 16 1 65 14 45 7 92 13 98 5 10 4 5 0 76 
8 58 11 70 2 46 1 98 6 27 13 46 14 89 7 71 12 39 0 19 4 99 5 44 9 58 10 16 3 25 
1 66 12 49 14 92 2 67 5 56 3 55 10 44 0 91 13 45 7 13 8 44 9 25 6 38 11 96 4 16 
4 3 0 46 9 54 8 56 5 19 7 70 12 94 2 46 13 4 3 39 11 75 1 62 10 70 6 33 14 11 
10 76 4 4 14 76 2 91 3 25 8 35 5 22 9 62 7 29 1 94 0 48 12 13 13 71 6 36 11 53 
2 91 6 97 1 63 0 84 7 92 11 37 4 18 14 98 5 88 10 33 8 94 12 35 3 47 13 26 9 21 
9 50 12 59 6 10 5 6 10 13 0 28 4 24 1 64 8 91 7 37 11 83 13 26 3 68 14 73 2 66 
2 19 11 89 3 26 4 69 8 69 9 87 6 57 5 36 0 64 12 80 10 9 13 43 14 89 7 85 1 50 
12 15 3 97 2 42 4 34 6 80 14 24 9 17 7 81 0 26 11 6 1 24 13 96 5 60 8 40 10 47 
7 58 1 14 12 94 8 87 4 91 14 54 10 36 3 85 9 57 6 23 2 14 0 71 11 29 5 85 13 72 
0 92 11 18 10 42 4 3 12 99 8 85 9 6 7 88 3 52 2 11 5 9 13 66 6 89 14 95 1 20 
7 65 10 37 12 15 1 15 9 44 5 38 3 11 6 76 11 84 8 6 2 41 4 94 0 77 13 67 14 71 
0 73 5 80 2 51 10 69 7 33 1 54 11 62 4 92 9 19 13 97 14 89 3 46 12 23 8 98 6 72 
7 21 9 35 10 5 12 38 1 27 4 65 11 74 13 32 2 79 3 43 8 60 14 88 6 81 5 86 0 3 
0 77 9 48 1 84 2 71 11 65 6 92 3 43 8 4 14 6 10 32 7 10 12 33 13 80 5 47 4 47 
3 42 4 44 6 78 0 42 2 34 12 91 11 83 13 12 1 79 5 7 10 36 14 73 8 19 7 18 9 89 
1 83 14 68 12 61 0 41 5 83 7 37 4 63 11 11 8 57 10 75 13 30 3 52 2 43 6 18 9 64 
4 19 0 28 14 72 5 49 6 81 11 66 8 40 13 22 9 3 7 76 1 49 3 67 12 41 10 16 2 89 
12 61 3 21 6 45 11 37 9 9 1 43 14 52 4 8 7 20 10 92 2 49 5 22 8 37 13 80 0 95 
13 21 1 48 7 36 10 67 12 26 2 19 5 99 0 96 6 3 8 43 11 52 14 30 4 68 9 65 3 45 
5 95 4 77 12 17 11 77 6 51 7 15 14 94 0 87 9 83 10 72 13 21 2 99 3 60 1 91 8 6 
2 53 0 57 8 16 5 15 12 1 11 84 7 1 13 42 6 73 1 35 4 17 9 32 3 49 14 70 10 63 
13 79 5 94 10 71 6 85 12 16 7 65 8 43 9 48 2 84 1 20 14 2 3 9 0 74 4 8 11 82 
12 67 3 61 6 27 1 59 7 86 11 41 4 54 13 10 0 23 14 83 8 4 10 63 5 59 9 10 2 67 
9 53 0 3 10 1 3 49 2 82 7 44 11 8 14 60 13 11 4 17 12 28 6 32 5 92 8 97 1 9 
12 50 11 69 5 29 1 59 8 15 9 70 0 18 4 9 14 45 2 90 3 66 7 15 10 20 6 9 13 98 
1 88 4 5 2 42 0 43 11 12 10 11 8 1 6 54 7 84 5 24 9 31 14 3 12 3 3 86 13 3 
13 13 5 31 6 87 9 30 3 29 7 1 8 33 11 41 14 4 0 20 10 63 4 77 2 10 1 94 12 89 
1 65 14 31 11 7 2 82 9 23 4 34 5 51 3 22 7 16 6 8 0 72 12 7 13 11 10 16 8 96 
3 13 12 10 14 48 10 76 9 91 7 76 2 41 8 41 6 16 11 51 0 42 4 93 13 15 5 45 1 60 
13 74 5 69 4 82 12 44 2 52 10 9 9 29 8 43 1 33 11 15 14 97 3 14 7 23 6 2 0 52 
3 86 9 28 10 53 2 64 4 93 0 35 13 58 11 86 7 81 12 9 1 78 6 13 5 10 8 19 14 15 
6 48 11 81 0 70 12 53 7 27 5 6 8 44 13 64 1 3 9 98 2 35 10 83 4 66 3 58 14 21 
0 5 5 91 6 54 14 54 10 8 4 6 9 34 1 73 3 88 8 44 13 4 7 94 12 75 2 92 11 33 
10 44 3 14 12 69 9 25 4 77 14 39 6 28 8 51 5 91 11 68 1 87 2 86 13 98 0 56 7 74 
12 50 14 35 0 60 3 90 5 1 9 74 8 75 7 94 4 39 6 68 11 17 2 35 1 98 13 64 10 63 
12 8 9 40 6 57 14 92 8 94 7 32 13 45 3 81 0 9 10 96 11 35 2 35 4 25 5 79 1 66 
6 96 5 40 12 61 11 32 7 15 8 3 9 18 3 68 14 42 13 54 1 25 0 35 10 64 4 52 2 37 
8 4 4 50 1 54 12 70 14 3 13 65 2 75 10 7 6 53 3 78 9 45 7 95 11 22 0 41 5 98 
4 13 13 37 11 76 5 42 1 16 7 5 6 13 2 42 3 78 0 9 10 40 8 18 14 12 12 21 9 95 
14 90 13 11 4 33 12 58 10 54 9 1 11 15 8 86 1 30 2 21 5 79 6 15 3 9 0 70 7 39 
11 38 9 70 3 36 10 67 6 41 7 30 2 17 5 2 12 25 13 7 1 54 8 12 14 62 4 62 0 12 
10 68 3 43 8 78 6 54 0 18 1 21 4 60 7 15 5 52 2 2 11 14 13 52 12 37 9 28 14 49 
2 18 1 36 11 63 4 40 12 49 14 39 6 10 8 21 9 89 5 2 13 52 10 73 7 34 3 1 0 61 
14 67 12 87 9 68 7 78 2 71 13 29 0 67 5 71 10 55 8 2 6 56 1 58 3 85 4 91 11 5 
8 95 3 95 14 72 11 28 2 2 1 64 9 35 13 48 10 4 5 29 6 21 7 98 0 52 12 97 4 25 
0 94 8 90 9 9 2 18 13 61 10 76 1 18 12 22 6 48 5 69 3 98 11 18 7 29 4 97 14 19 
7 25 3 50 5 46 12 16 2 72 0 53 11 63 8 20 13 81 4 5 14 64 1 20 6 71 10 28 9 86 
3 89 8 8 4 25 13 33 10 82 9 30 14 5 1 28 6 81 11 69 7 18 12 96 5 36 2 40 0 68 
6 50 4 9 14 97 7 27 8 71 2 54 10 39 9 26 13 92 5 45 3 64 0 53 12 52 11 19 1 19 
11 74 13 36 9 76 1 23 8 7 4 97 5 58 10 60 7 99 2 5 12 95 6 85 3 28 0 62 14 38 
14 5 8 55 6 27 9 29 7 92 13 59 4 39 12 78 11 89 3 55 10 1 0 1 1 97 2 19 5 16 
4 97 2 63 12 69 5 52 14 78 0 7 11 32 9 95 1 89 13 27 3 22 10 50 7 77 8 68 6 62 
0 75 1 39 10 5 5 9 2 22 13 68 3 43 14 18 7 94 6 41 8 30 9 36 4 76 12 23 11 31 
11 70 0 12 10 91 2 8 5 36 12 90 6 4 4 30 9 17 8 20 14 70 7 67 1 39 3 78 13 43 
10 51 0 70 13 65 6 74 3 11 11 6 1 8 12 40 2 85 7 79 8 35 4 85 5 29 9 78 14 64 
1 79 5 43 2 74 7 95 14 91 12 7 13 76 6 67 3 24 4 70 9 10 0 33 8 74 10 39 11 2 
1 75 3 1 13 15 10 8 12 97 14 12 5 43 4 6 8 38 9 11 0 64 11 62 7 57 6 71 2 51 
4 86 5 26 13 71 14 55 2 59 12 13 1 77 11 23 0 85 8 74 3 41 6 84 9 84 10 77 7 66 
5 81 0 96 4 74 8 21 11 43 2 46 6 50 14 70 3 55 9 36 12 33 10 38 1 18 7 67 13 70 
12 92 11 53 4 48 8 56 2 17 1 64 13 15 6 18 10 33 5 56 3 35 9 40 14 13 0 42 7 98 
3 87 9 30 12 79 13 54 2 66 5 97 14 7 4 43 7 8 10 9 6 58 11 40 0 64 8 30 1 67 
7 92 5 37 11 74 3 26 14 12 8 49 9 73 12 28 6 60 4 56 2 66 13 99 0 97 1 30 10 87 
11 54 5 47 8 34 6 46 13 50 7 87 14 60 2 97 4 9 10 18 0 43 9 97 1 57 12 8 3 73 
11 38 1 1 0 45 9 24 14 11 12 89 7 98 13 13 6 4 8 53 5 11 3 89 10 9 4 80 2 71 
13 67 7 12 0 53 8 22 6 74 3 48 5 78 2 35 11 39 4 13 12 48 10 71 9 84 1 33 14 23 
14 2 2 18 11 38 6 73 7 51 10 32 0 57 13 74 4 22 12 86 9 71 8 70 3 51 5 84 1 73 
13 35 2 12 5 70 1 1 10 51 4 21 8 59 14 91 7 22 6 48 9 60 3 86 0 56 12 28 11 60 
1 26 9 38 4 60 2 8 3 9 6 13 8 45 13 94 0 63 10 66 7 18 12 93 14 5 11 83 5 40 
9 63 3 9 6 98 4 18 14 69 12 4 0 1 8 85 2 12 11 38 10 39 7 72 5 35 13 11 1 81 
14 8 8 62 1 54 10 38 11 54 0 71 9 21 13 37 3 12 7 82 5 92 4 39 12 46 2 35 6 53 
1 7 6 60 13 89 3 74 9 41 0 15 7 61 14 2 10 14 12 34 11 16 8 90 2 82 5 23 4 42 
9 34 11 58 5 59 14 48 4 72 12 76 8 78 0 52 3 34 6 68 10 7 7 14 1 11 13 94 2 99 
13 50 5 98 14 22 6 61 4 53 0 11 10 20 8 78 12 30 2 46 11 10 1 65 7 49 3 47 9 90 
8 91 6 72 3 92 2 76 5 4 14 75 13 90 10 78 11 46 7 21 9 97 1 37 4 74 0 61 12 34 
3 50 2 26 9 66 0 14 10 3 13 26 12 76 7 85 11 62 8 15 14 56 6 47 1 57 4 44 5 82 
2 79 14 65 5 21 6 42 4 21 3 83 9 34 8 87 0 97 11 19 7 19 13 33 12 39 10 57 1 98 
6 68 12 54 4 92 11 42 3 8 2 85 0 40 8 67 10 93 1 61 14 68 5 67 9 87 13 86 7 33 
8 74 13 50 14 31 11 59 3 98 5 26 0 74 10 48 2 3 9 2 1 49 12 97 6 50 4 78 7 63 
2 7 14 78 4 3 1 27 10 75 3 8 5 4 0 30 6 1 11 78 12 69 13 39 7 67 9 27 8 19 
8 86 14 10 4 26 6 4 10 48 1 24 3 58 9 50 0 34 11 95 7 11 13 35 2 33 12 40 5 59 
13 61 4 45 9 26 14 50 8 6 7 52 12 33 2 37 10 58 0 14 5 53 6 31 11 99 3 99 1 44 
1 37 3 51 12 29 13 49 2 42 8 99 4 42 0 55 7 52 9 19 11 52 14 59 6 13 5 94 10 39 
12 91 1 29 13 93 11 70 3 84 8 59 14 97 2 53 5 16 9 54 0 92 4 77 7 27 6 97 10 74 
9 97 12 71 2 3 5 83 13 37 11 11 7 28 4 92 0 16 10 27 3 57 8 50 1 19 6 6 14 27 
0 90 12 55 14 24 13 1 2 42 4 98 8 84 1 52 6 66 11 79 7 98 9 70 10 30 5 89 3 10 
8 56 13 32 5 67 7 13 14 92 1 42 0 33 3 20 9 80 10 61 6 9 11 66 2 20 4 59 12 38 
7 19 4 22 1 9 6 71 8 84 11 97 5 9 2 30 12 81 0 36 10 27 13 29 14 82 3 77 9 92 
12 6 14 11 5 86 1 98 8 91 2 73 11 10 10 21 0 78 4 2 6 31 3 72 13 61 9 71 7 52 
11 2 10 73 9 89 1 61 14 36 13 73 6 74 8 17 2 53 0 11 4 59 7 37 12 1 5 62 3 59 
1 79 6 81 3 64 5 76 10 10 7 87 4 5 0 17 8 12 14 80 2 3 13 32 11 47 12 40 9 39 
7 56 10 80 6 71 9 64 3 17 4 34 14 50 1 82 0 36 12 52 5 89 13 63 11 40 2 34 8 37 
8 74 1 32 12 16 3 64 13 17 5 20 10 41 2 6 0 35 9 55 6 81 4 12 7 93 11 25 14 25 
10 82 9 75 12 30 11 12 2 56 7 32 14 30 4 16 5 15 0 28 8 69 13 88 3 51 6 86 1 85 
