200 15 
11 15 3 51 2 33 1 34 14 65 12 76 13 42 9 61 4 74 6 81 0 79 8 12 5 85 10 12 7 81 
6 34 13 70 14 17 1 20 9 78 11 12 10 66 5 29 2 7 3 67 8 1 0 8 7 4 12 37 4 61 
2 13 14 33 3 25 12 75 1 5 11 4 4 66 13 41 10 91 6 2 0 90 5 95 7 26 9 32 8 98 
0 63 9 36 4 52 1 62 2 66 8 74 14 69 13 27 11 16 5 16 6 72 7 3 10 19 12 32 3 39 
14 19 13 36 10 20 7 66 9 17 6 29 3 68 2 67 11 27 4 29 5 77 1 51 0 49 12 56 8 5 
3 15 7 94 5 12 12 94 0 11 10 14 11 80 13 8 6 27 9 25 14 91 8 24 2 26 1 17 4 58 
0 8 8 89 11 83 14 1 5 17 7 69 1 42 10 27 9 29 13 64 6 38 3 45 12 49 4 15 2 1 
14 87 0 7 3 66 5 32 8 62 2 43 7 83 11 53 12 92 4 94 1 52 13 20 10 17 6 30 9 48 
8 19 5 13 12 97 10 1 0 67 13 45 1 51 11 60 14 2 4 60 2 22 3 97 6 88 7 45 9 18 
10 58 14 68 12 13 4 90 1 78 5 72 2 74 6 25 11 16 13 45 8 45 3 73 0 39 7 25 9 22 
10 28 14 72 2 90 9 61 13 31 6 93 0 52 1 2 4 46 7 53 12 21 5 84 8 40 11 86 3 54 
9 55 4 18 10 21 3 61 13 19 1 39 0 2 5 34 7 47 2 40 14 16 12 6 6 60 11 69 8 37 
7 51 12 98 8 18 10 50 13 21 0 51 1 28 4 2 3 69 5 92 2 84 11 61 14 21 6 13 9 39 
7 48 3 49 0 41 1 62 8 50 9 35 4 14 5 38 11 45 12 2 6 38 13 6 10 9 2 65 14 73 
9 7 5 91 4 99 0 73 10 78 14 81 3 40 2 99 11 27 13 43 6 54 1 95 12 1 8 68 7 98 
9 10 3 27 2 45 14 51 0 27 1 65 4 72 12 27 6 39 10 29 7 67 5 30 8 65 13 29 11 51 
12 65 14 39 4 50 5 19 2 45 0 19 7 83 11 74 6 19 3 89 8 7 10 89 13 24 9 17 1 74 
12 70 3 17 2 90 11 7 1 45 6 46 10 8 0 83 4 96 14 3 8 95 7 6 9 29 13 79 5 54 
11 39 1 59 4 3 6 15 3 75 10 99 5 12 7 65 12 97 8 58 13 98 2 3 9 57 0 27 14 88 
8 27 1 89 5 44 13 73 10 32 6 13 11 71 12 6 0 45 14 53 7 17 9 97 3 52 2 30 4 37 
1 75 9 10 11 77 12 62 7 18 10 64 14 37 2 48 6 82 5 93 4 42 3 52 0 35 8 7 13 64 
9 20 7 33 0 45 10 81 2 61 1 41 14 29 12 50 11 30 4 59 13 79 5 28 6 86 8 9 3 34 
12 28 13 14 2 31 0 49 14 89 3 92 8 40 4 26 6 95 1 36 11 9 5 18 9 65 10 14 7 10 
12 68 2 5 0 16 9 3 11 65 14 98 7 91 3 5 8 7 6 42 5 78 4 86 10 22 1 83 13 73 
7 44 11 17 9 4 8 61 14 27 3 37 12 63 1 73 13 23 2 10 10 42 0 43 6 38 5 19 4 88 
9 30 12 15 7 69 14 56 11 96 2 91 0 65 3 20 13 1 10 41 6 86 5 14 4 77 1 51 8 82 
4 14 10 48 7 53 11 7 6 93 8 25 3 82 12 49 13 66 5 5 0 29 14 42 2 20 9 2 1 14 
3 63 10 86 14 60 4 78 11 42 9 14 1 52 13 1 0 33 6 69 2 91 12 7 5 41 8 15 7 10 
8 67 12 11 14 81 9 76 3 20 6 29 13 16 5 73 10 26 11 28 4 47 1 67 2 20 7 46 0 75 
5 96 10 14 4 73 3 13 11 61 2 83 12 64 0 88 8 12 6 25 7 54 14 30 9 92 1 96 13 8 
4 86 8 90 10 86 7 71 5 36 2 90 14 85 13 5 1 46 12 13 3 54 0 6 9 43 6 52 11 22 
0 19 13 46 12 34 5 34 11 36 10 73 14 37 1 49 7 20 4 16 3 89 2 24 8 46 9 90 6 2 
3 89 13 45 10 9 6 17 12 74 14 78 1 8 4 6 7 76 9 82 2 91 8 47 0 31 5 71 11 1 
3 40 14 12 5 88 8 97 0 37 7 75 13 37 9 45 6 5 12 68 1 26 10 29 11 45 4 71 2 40 
10 2 5 38 8 96 11 35 3 78 6 94 12 13 7 26 4 53 1 76 9 79 0 96 13 77 14 74 2 81 
13 8 5 10 12 78 0 73 8 68 9 79 4 42 7 87 3 26 2 40 1 40 11 64 6 72 14 41 10 15 
8 85 3 87 0 92 11 22 10 20 4 11 13 87 1 54 5 83 7 89 14 89 12 51 6 38 9 60 2 44 
9 97 3 72 13 14 14 53 2 90 8 40 12 11 5 91 11 9 1 12 0 63 6 2 4 80 10 41 7 71 
5 99 7 28 14 24 12 88 4 49 13 58 11 23 9 38 2 63 8 35 3 21 6 77 0 44 10 97 1 79 
11 99 0 1 12 25 7 68 5 15 9 35 6 50 13 50 8 63 1 37 14 75 10 63 3 49 4 14 2 90 
11 23 4 63 9 78 8 95 10 3 12 48 3 21 14 57 13 55 7 65 2 14 0 43 1 74 5 38 6 7 
12 5 6 86 1 68 0 96 2 53 10 55 4 26 3 48 9 23 14 45 7 40 5 29 11 31 13 30 8 32 
8 14 3 21 11 94 5 7 10 98 7 39 0 69 1 34 14 83 9 31 6 47 2 3 4 60 13 74 12 16 
10 56 8 19 6 80 14 50 2 8 5 87 4 33 3 66 11 66 7 19 13 47 12 56 9 92 0 72 1 93 
12 67 11 86 9 30 13 4 14 64 0 25 3 65 10 8 6 24 1 20 5 80 2 75 7 2 8 71 4 75 
12 6 9 75 2 74 11 54 10 14 5 21 14 82 1 61 0 54 4 99 13 2 8 27 7 27 3 30 6 7 
14 17 2 77 13 54 7 97 12 28 6 21 11 73 3 86 0 42 8 15 4 17 5 67 9 23 10 97 1 79 
11 5 8 27 3 22 0 28 2 2 9 56 5 80 12 63 7 69 4 51 10 56 1 65 14 27 13 85 6 7 
4 1 13 46 9 71 2 80 12 8 8 32 1 20 10 44 7 28 0 5 5 57 14 40 3 58 11 78 6 23 
5 35 4 65 1 45 7 57 13 52 3 50 9 6 2 68 0 77 6 59 11 19 12 88 10 68 8 86 14 18 
6 12 13 42 5 54 11 50 8 43 10 29 1 52 0 66 3 73 7 44 4 29 12 45 14 38 9 89 2 19 
13 31 3 72 1 70 6 86 11 79 9 61 0 27 4 50 8 33 12 44 14 43 10 6 5 73 7 39 2 82 
12 71 8 33 4 9 2 30 1 19 13 32 9 97 10 97 14 5 7 48 5 49 6 46 11 8 3 63 0 85 
1 75 8 84 14 78 3 88 7 58 2 58 5 67 10 3 11 3 12 95 6 3 9 66 0 90 13 97 4 58 
9 71 11 26 8 72 2 26 3 8 13 40 1 22 0 20 14 48 5 50 6 32 10 9 4 66 12 1 7 37 
11 98 3 28 14 11 6 54 4 42 8 53 2 77 1 99 0 49 13 47 9 58 5 86 12 69 10 93 7 70 
10 17 9 96 13 4 5 9 3 39 12 69 8 61 7 7 0 22 14 65 6 15 1 79 11 13 2 5 4 64 
4 48 12 37 14 94 5 66 6 13 8 92 1 22 3 1 2 24 13 81 0 4 7 10 10 73 11 90 9 53 
1 49 4 67 12 13 9 71 0 8 6 75 11 90 7 24 14 52 8 47 10 7 3 63 13 83 5 91 2 81 
13 74 5 1 10 32 0 47 1 2 9 33 11 74 7 48 14 57 4 2 2 6 12 43 8 96 6 33 3 55 
12 36 0 23 6 1 14 99 7 48 8 58 2 86 10 20 9 73 5 29 3 51 13 33 11 72 1 51 4 84 
8 91 4 39 12 21 10 13 9 13 3 1 7 47 2 13 1 79 14 17 5 17 13 45 0 53 6 35 11 48 
9 64 14 31 10 17 5 60 11 88 3 78 12 26 8 18 0 43 13 94 6 72 2 97 1 18 7 52 4 93 
10 43 3 29 7 58 8 2 2 65 0 3 11 99 14 85 4 13 9 55 5 35 13 4 6 3 12 54 1 86 
0 30 1 30 9 60 3 28 4 57 14 86 2 36 11 99 10 98 13 45 12 99 7 19 8 78 6 86 5 98 
4 12 2 70 5 11 1 58 6 22 14 74 10 39 3 15 7 10 12 71 11 28 9 32 8 53 13 19 0 84 
0 95 11 2 8 72 9 93 1 1 12 25 3 23 13 11 2 77 6 50 7 10 4 96 5 45 14 2 10 29 
0 7 11 44 1 25 9 67 2 45 10 73 8 44 5 62 3 90 7 15 14 10 13 96 12 79 6 96 4 17 
4 32 14 76 12 34 13 56 10 24 5 40 0 89 7 57 8 51 11 37 6 16 1 71 9 99 2 35 3 8 
0 42 2 48 7 6 13 83 9 68 14 23 10 18 6 48 5 37 8 91 4 66 12 80 1 66 11 24 3 86 
1 4 6 20 7 20 4 46 9 62 12 74 3 41 11 92 14 22 5 83 13 88 8 9 10 98 0 37 2 83 
9 28 2 54 5 24 11 59 14 35 8 49 7 99 12 90 4 46 0 42 1 18 13 29 6 52 3 69 10 37 
6 40 4 10 14 74 7 2 3 23 13 19 11 41 1 56 9 74 12 10 2 92 10 50 0 59 5 16 8 1 
13 55 5 92 3 82 10 96 0 87 9 59 12 23 14 36 6 13 4 54 1 92 2 45 8 99 7 7 11 27 
14 17 3 69 11 15 2 25 9 17 4 27 8 80 1 3 0 56 7 17 6 83 12 66 13 83 10 93 5 23 
2 50 6 17 8 87 0 1 12 86 1 68 13 98 4 28 5 8 10 29 7 84 9 26 11 60 3 33 14 43 
2 8 3 71 4 48 12 1 6 16 7 45 13 82 5 20 8 73 0 39 14 23 1 20 9 48 10 38 11 2 
12 45 1 37 4 17 10 10 5 27 7 37 11 69 2 7 8 8 6 88 3 74 0 64 14 29 13 56 9 7 
14 40 6 19 3 59 13 69 4 68 7 86 5 42 2 77 0 71 8 64 12 66 11 26 9 93 1 56 10 7 
2 82 10 65 9 26 11 57 12 8 6 46 13 67 5 33 14 12 1 26 3 63 4 91 8 94 0 46 7 29 
9 34 7 86 3 42 8 11 2 11 10 75 0 14 5 1 4 67 6 49 12 41 13 44 14 69 1 65 11 64 
5 39 0 65 13 75 14 29 3 80 9 73 4 86 6 2 2 37 10 58 8 31 12 36 1 83 7 74 11 25 
5 35 13 50 1 81 0 31 2 82 14 41 8 68 9 48 12 65 7 77 10 36 3 77 4 55 11 96 6 43 
5 78 14 3 9 3 0 94 4 41 13 38 6 27 8 35 10 88 11 81 2 16 1 9 12 87 3 55 7 79 
8 29 7 94 13 47 2 47 0 67 9 17 4 10 12 52 14 83 5 64 1 9 6 38 3 39 10 32 11 81 
3 88 6 42 7 46 9 9 4 97 10 38 8 10 2 72 13 91 5 81 12 77 0 12 1 54 11 16 14 25 
10 5 13 60 12 66 7 2 4 51 1 94 6 16 8 26 11 16 14 34 5 12 2 14 9 36 0 25 3 54 
10 16 12 42 0 40 14 40 3 20 6 22 8 16 4 9 2 59 1 80 5 36 7 74 13 37 11 54 9 18 
10 52 8 75 12 9 7 83 4 89 11 10 3 77 6 62 13 20 2 27 1 32 5 72 9 7 14 56 0 54 
5 95 0 43 11 28 9 91 14 15 3 66 2 81 12 23 10 78 7 81 6 30 13 52 1 13 8 36 4 78 
0 22 7 49 2 91 11 19 1 23 13 39 9 62 12 35 3 87 5 57 4 72 10 94 6 89 14 89 8 95 
12 10 11 36 0 68 1 36 9 54 13 98 14 84 6 12 3 76 2 41 5 2 10 84 4 56 7 51 8 66 
1 36 3 50 2 33 14 39 9 32 8 20 13 2 11 69 7 7 12 91 0 92 6 10 4 20 5 51 10 47 
12 60 1 7 5 84 6 14 7 68 13 23 11 73 3 64 8 65 9 19 10 86 14 96 0 53 4 17 2 35 
6 37 10 13 14 40 2 24 0 25 9 49 5 19 8 21 3 43 11 97 4 67 13 69 12 84 7 80 1 76 
13 50 9 57 2 68 6 58 5 96 14 45 10 38 3 56 12 31 11 47 7 9 0 98 1 25 8 65 4 48 
10 7 7 69 14 94 0 97 5 78 2 91 6 72 13 12 11 22 4 89 12 99 9 2 8 14 3 55 1 75 
14 55 1 74 13 67 0 62 3 58 11 31 12 56 9 15 2 33 5 38 8 73 10 21 7 71 6 99 4 19 
6 68 14 2 4 91 3 91 5 42 11 31 1 43 2 41 7 11 12 36 8 50 9 98 0 25 13 69 10 91 
13 44 9 95 12 42 10 89 7 34 1 75 0 42 2 83 5 87 3 50 4 35 14 32 6 15 11 65 8 27 
7 11 0 89 3 13 9 95 4 32 1 4 10 67 12 9 8 82 14 26 5 95 11 4 13 7 2 37 6 50 
2 41 13 53 4 77 8 20 10 77 3 6 6 1 0 52 9 65 5 35 14 85 12 57 7 83 1 49 11 8 
8 50 2 90 1 30 9 19 5 49 4 22 11 25 13 26 14 64 12 26 0 36 6 37 3 21 10 50 7 62 
3 18 2 23 10 58 13 81 5 95 4 95 9 71 14 73 8 89 12 74 7 92 6 34 11 24 1 53 0 98 
14 24 10 56 1 55 9 52 7 71 11 63 6 47 3 71 12 79 13 44 5 44 8 22 2 50 4 17 0 22 
11 29 7 6 0 70 3 94 10 25 2 96 13 9 1 67 5 99 4 3 14 43 6 80 9 86 8 34 12 59 
2 72 1 68 5 40 10 74 7 51 13 66 3 12 0 88 6 45 8 82 12 7 11 74 9 32 4 84 14 48 
0 53 2 8 9 15 4 65 7 63 3 40 8 21 13 68 11 78 10 43 12 64 6 13 5 14 14 88 1 82 
3 9 12 9 2 7 6 58 10 60 5 46 11 5 7 93 13 13 9 93 8 10 14 90 4 70 1 86 0 66 
11 21 10 46 2 96 5 50 14 43 13 60 9 44 12 90 4 74 1 43 0 61 7 32 3 35 6 56 8 85 
12 24 1 85 2 84 9 7 6 90 14 44 4 78 8 86 0 37 7 81 13 30 11 64 5 60 10 46 3 46 
13 98 9 47 14 22 10 10 5 36 7 7 11 8 8 41 4 93 12 61 1 15 0 37 6 18 2 55 3 52 
12 1 5 80 14 97 0 44 11 56 6 29 9 81 13 33 4 5 8 82 7 44 10 74 3 98 2 96 1 55 
4 43 14 21 8 30 9 10 7 32 1 13 13 47 12 74 11 30 2 14 10 83 0 4 6 68 3 45 5 77 
1 92 9 95 8 6 6 70 5 83 0 7 12 60 10 20 11 15 13 10 2 38 7 81 14 33 4 32 3 38 
12 86 1 72 0 25 5 32 2 68 13 39 6 42 14 25 9 11 4 74 3 86 7 41 10 52 8 54 11 56 
7 31 6 97 0 41 2 86 4 17 14 75 3 12 8 18 10 92 9 32 11 11 5 75 12 28 13 95 1 35 
11 12 3 41 7 65 5 6 12 36 0 81 14 6 1 37 13 62 6 46 10 85 4 83 8 90 9 42 2 79 
14 12 4 67 12 31 1 27 2 6 7 99 11 29 5 12 9 68 13 95 3 53 10 25 8 84 6 29 0 31 
14 47 7 79 5 68 1 72 6 32 2 35 9 50 11 27 0 94 13 99 3 92 12 35 8 10 4 73 10 21 
10 30 4 30 5 75 14 15 9 63 8 12 7 38 11 16 12 22 3 75 2 37 6 10 0 15 1 24 13 71 
4 64 13 96 1 98 5 88 0 13 10 22 9 22 12 76 3 78 14 73 2 85 11 61 6 14 7 37 8 39 
7 40 4 6 14 50 11 31 2 43 3 36 8 1 5 10 1 15 6 70 13 90 12 70 9 89 0 7 10 61 
10 72 2 80 8 28 11 6 0 53 6 52 4 46 9 47 1 83 7 42 12 11 3 61 14 34 13 64 5 45 
13 39 5 70 10 60 3 36 12 33 2 39 6 58 7 88 14 38 1 84 0 77 9 18 11 52 8 32 4 5 
11 3 5 52 7 95 9 30 4 79 6 23 0 27 1 60 3 92 2 27 13 5 10 20 8 52 12 99 14 52 
2 76 4 24 0 79 12 7 6 72 7 43 14 94 11 50 5 42 1 52 3 35 9 43 13 39 8 89 10 42 
10 29 1 73 7 4 5 50 2 68 8 69 11 91 9 6 6 16 0 81 13 24 4 97 14 48 12 14 3 26 
12 10 10 84 7 75 6 40 1 55 14 91 2 71 0 55 3 83 4 70 8 60 9 65 13 74 11 9 5 60 
7 87 10 45 0 86 8 35 13 35 14 54 1 62 4 44 6 72 12 55 9 69 5 62 3 36 2 94 11 57 
10 43 0 2 12 29 8 2 2 15 4 79 7 75 9 53 13 33 5 92 14 79 11 79 1 1 3 95 6 10 
11 79 5 68 12 1 1 29 7 55 6 41 0 81 4 15 13 25 14 73 8 55 10 36 2 4 9 54 3 33 
3 12 6 66 13 7 7 36 8 68 9 88 12 29 4 93 5 32 11 39 10 25 1 49 0 35 2 34 14 31 
11 74 5 69 3 8 4 23 12 41 1 98 14 60 7 21 8 34 13 19 0 95 10 33 9 89 2 10 6 32 
7 97 13 6 2 37 6 69 10 3 5 4 11 86 9 62 8 28 14 21 1 67 12 13 4 39 0 7 3 70 
0 73 9 20 2 55 11 98 8 39 12 13 4 23 3 28 1 65 10 96 7 57 13 38 5 25 6 48 14 55 
4 77 8 32 3 61 12 32 1 67 13 94 2 95 6 52 5 24 7 60 10 22 14 40 0 50 9 59 11 93 
2 87 8 79 1 8 3 57 0 78 4 61 13 18 14 29 6 4 11 45 10 72 12 34 7 4 5 87 9 30 
13 92 14 76 5 55 1 97 3 98 10 81 11 79 0 5 2 23 6 45 4 91 12 67 7 63 9 47 8 13 
4 81 14 80 6 8 0 12 9 58 3 24 1 35 13 17 2 30 11 29 8 78 7 60 12 38 10 34 5 71 
9 34 0 77 10 36 5 88 2 48 3 33 14 18 7 93 12 89 8 5 11 99 6 59 1 70 4 26 13 66 
9 94 7 25 14 18 0 70 2 79 11 29 3 98 6 70 10 79 1 25 12 84 4 97 8 71 13 9 5 28 
10 46 14 62 6 41 4 72 5 20 7 86 8 89 3 99 2 84 12 54 1 66 13 24 11 70 0 73 9 67 
10 41 2 42 11 31 12 18 5 92 1 97 6 99 0 13 3 53 7 6 9 95 8 24 4 10 13 89 14 57 
12 86 11 72 10 99 14 93 4 14 3 78 1 88 5 63 13 83 9 57 8 66 2 48 7 92 0 14 6 64 
4 65 5 90 8 69 11 33 14 19 10 17 0 61 9 49 12 93 2 46 6 39 7 99 3 87 1 11 13 80 
7 61 4 52 3 27 1 71 9 76 11 23 2 23 10 44 5 8 0 54 14 4 6 74 13 83 12 63 8 44 
10 64 7 45 0 92 11 2 14 6 8 49 6 23 5 51 13 86 1 29 2 32 9 70 3 13 4 81 12 99 
12 62 8 70 13 70 5 54 9 74 2 71 14 93 11 92 4 13 7 94 0 17 1 33 6 18 3 76 10 22 
0 3 4 57 11 32 12 91 14 84 6 4 10 55 7 2 1 15 2 13 3 17 5 53 13 30 9 37 8 89 
5 4 10 46 0 43 11 2 12 18 14 97 8 27 2 52 9 41 6 75 3 47 13 54 7 86 4 6 1 69 
1 6 13 90 14 17 3 29 11 60 10 10 6 6 5 55 2 28 12 23 8 63 9 84 4 50 0 90 7 12 
11 91 4 81 10 67 1 41 3 96 12 2 13 86 9 69 8 15 2 24 6 66 0 69 5 59 14 83 7 65 
8 99 1 22 6 52 3 66 13 67 4 51 10 55 5 37 2 5 0 49 12 14 11 29 7 85 14 98 9 51 
0 80 11 26 3 56 6 89 10 22 8 17 1 98 4 67 5 53 7 96 12 77 9 42 14 84 2 99 13 2 
2 83 7 91 3 53 12 94 6 42 10 43 1 88 9 34 5 98 8 32 0 61 14 78 13 15 4 49 11 53 
3 36 2 56 4 10 0 25 1 72 8 98 12 73 7 73 9 53 13 66 10 49 5 55 6 12 14 51 11 40 
11 26 7 72 2 23 3 77 4 60 12 67 8 49 10 97 1 35 6 64 9 55 14 24 5 10 13 5 0 30 
7 41 10 32 3 36 4 15 0 16 9 35 1 59 8 46 12 49 13 24 6 46 2 55 5 42 11 79 14 11 
8 44 9 1 10 66 2 12 1 5 4 47 3 58 13 26 14 89 6 10 7 27 0 73 12 84 5 11 11 81 
10 79 13 71 4 3 11 37 2 95 1 83 9 96 3 97 12 30 14 98 5 14 7 68 8 42 0 25 6 68 
11 11 0 39 7 63 9 20 12 58 13 35 3 91 1 19 14 55 5 89 6 19 8 13 2 44 4 16 10 58 
11 23 12 31 9 48 13 16 8 95 14 13 4 9 0 71 5 96 6 86 10 10 1 3 3 44 2 25 7 52 
6 41 2 86 7 35 13 58 0 33 11 12 1 9 9 70 12 53 10 93 3 35 5 52 14 21 8 98 4 40 
11 90 0 70 7 4 4 2 5 45 1 18 13 17 2 86 8 91 14 28 6 59 12 4 9 77 10 43 3 75 
1 23 2 27 11 7 5 81 10 13 14 66 0 5 8 89 13 59 9 16 4 14 6 43 12 16 7 32 3 7 
12 92 9 70 2 40 14 68 13 86 0 59 8 81 3 33 7 42 5 34 10 79 11 62 4 77 1 56 6 82 
14 70 2 10 5 68 13 42 11 36 3 3 10 57 9 17 7 69 8 62 4 56 1 7 0 34 6 9 12 57 
4 20 0 25 3 78 9 37 14 24 5 55 11 12 12 60 7 72 2 63 1 61 13 62 6 77 8 20 10 31 
7 38 0 36 8 24 9 73 3 19 14 21 5 92 6 9 13 63 1 22 11 36 2 3 12 40 4 4 10 1 
2 63 5 83 13 48 8 34 11 38 3 73 6 56 1 14 9 32 0 3 7 65 4 98 12 60 14 98 10 55 
8 6 1 49 10 76 9 91 5 60 2 72 11 33 14 89 7 21 4 34 13 37 6 14 3 21 0 20 12 44 
3 41 7 42 14 44 9 78 1 73 8 9 12 86 4 66 6 8 11 2 10 23 5 3 0 83 13 57 2 2 
13 24 4 33 2 99 6 47 8 8 10 27 14 39 11 86 1 95 7 18 5 90 12 3 0 14 9 92 3 76 
12 84 7 38 0 43 6 56 4 38 3 90 2 73 14 10 8 56 13 72 9 23 1 1 11 50 10 29 5 30 
5 52 11 76 4 9 1 87 10 6 9 81 7 7 12 66 8 65 13 33 14 60 6 7 3 29 0 59 2 81 
2 34 13 79 1 50 6 53 14 26 3 36 9 12 8 97 10 76 7 1 4 20 11 26 12 31 0 4 5 96 
2 44 0 30 10 50 11 19 7 50 1 18 14 33 6 90 4 37 8 35 5 25 9 68 13 81 12 76 3 13 
2 98 0 74 10 69 1 17 7 72 12 95 6 4 9 74 13 86 4 12 8 62 14 95 3 40 5 97 11 91 
8 76 1 59 4 43 10 38 0 39 11 90 7 88 6 74 5 44 9 86 13 39 14 9 12 73 3 88 2 40 
10 58 13 28 6 84 5 55 11 96 14 71 3 69 0 14 7 7 1 19 4 43 2 32 12 99 8 44 9 50 
10 83 12 20 8 61 2 78 7 41 3 88 13 75 1 43 9 83 11 70 6 45 4 64 14 65 0 2 5 48 
2 12 7 47 11 80 8 32 14 99 4 44 3 18 10 6 13 99 5 86 6 62 9 25 12 58 1 90 0 55 
7 40 6 4 13 22 0 78 4 88 3 47 5 75 11 62 1 96 2 53 8 28 10 56 14 10 12 51 9 98 
0 86 12 73 9 55 6 38 2 24 7 27 4 9 8 62 13 69 11 99 1 99 10 71 5 38 3 43 14 5 
3 10 13 86 0 92 7 34 10 35 5 44 6 35 4 50 14 54 12 17 8 86 9 50 1 52 2 15 11 30 
12 72 10 81 7 45 14 49 4 98 8 23 13 96 1 71 9 42 5 24 0 85 11 92 6 4 2 64 3 11 
7 3 3 85 14 82 2 51 8 66 9 71 4 85 11 58 1 34 6 58 10 12 13 89 5 12 12 71 0 52 
11 64 12 19 10 56 2 79 6 36 7 48 9 22 1 11 0 36 8 49 5 44 13 18 3 42 14 88 4 95 
3 84 4 76 9 34 12 34 6 98 0 31 5 88 8 31 10 86 7 67 2 14 11 42 1 42 13 37 14 53 
8 65 1 54 2 89 3 76 10 64 4 82 9 94 5 27 14 24 11 65 0 17 12 86 6 88 7 32 13 16 
8 1 14 30 11 2 2 31 3 3 5 65 6 3 9 42 4 61 0 71 13 33 1 18 10 32 12 32 7 95 
11 78 1 23 2 4 9 8 3 39 10 53 8 19 12 19 0 15 13 7 5 95 7 91 6 87 4 90 14 87 
10 36 13 40 14 98 4 47 8 44 2 73 7 44 5 49 3 70 6 84 9 16 11 26 12 96 1 59 0 20 
13 18 7 77 14 93 12 36 9 32 2 85 1 33 6 58 11 45 3 96 5 10 10 43 0 11 4 24 8 67 
13 29 3 43 5 18 2 76 9 52 7 44 0 54 1 66 4 7 11 86 8 28 6 24 12 85 14 42 10 43 
4 36 6 32 0 56 7 91 13 46 2 28 5 6 1 10 11 2 9 85 10 21 8 51 3 52 14 44 12 3 
0 48 8 52 2 6 11 80 9 39 10 52 14 55 5 54 1 12 3 77 6 78 13 80 12 20 7 68 4 28 
2 32 3 68 14 7 4 98 13 30 10 5 5 41 12 75 8 99 7 5 0 34 1 74 11 75 9 99 6 10 
1 43 13 77 5 19 14 16 7 61 12 60 9 98 8 40 2 67 3 4 6 82 0 62 11 12 10 68 4 42 
