200 15 
5 14 14 22 12 12 8 31 1 77 6 15 4 80 0 74 3 39 11 18 7 2 13 98 10 45 2 16 9 20 
2 68 8 56 6 6 4 70 11 18 9 41 12 83 5 39 3 7 7 46 0 85 1 66 14 28 13 72 10 24 
14 80 5 66 3 57 1 67 11 74 7 68 4 8 6 58 13 81 2 29 10 26 8 14 12 85 0 4 9 85 
13 94 5 45 10 62 7 70 11 73 8 6 0 46 6 62 12 3 2 51 1 19 9 44 3 48 14 19 4 68 
13 50 3 30 12 63 10 10 1 82 0 6 6 90 4 84 9 63 8 14 7 47 2 42 14 10 11 86 5 24 
0 24 5 87 8 56 9 19 7 81 13 66 1 82 12 43 10 96 14 40 4 82 3 16 6 46 2 66 11 29 
0 66 6 69 10 33 7 8 4 20 13 77 3 90 11 3 8 76 5 95 9 15 12 23 14 76 1 39 2 10 
6 46 4 76 1 45 14 58 12 51 7 42 10 41 2 35 0 84 13 35 8 35 3 36 9 46 5 62 11 33 
10 71 13 68 3 76 8 4 14 91 4 94 6 37 1 70 0 32 2 55 11 49 5 99 7 56 12 51 9 19 
12 94 10 65 11 24 0 32 4 88 5 9 13 5 7 4 2 37 3 65 1 99 8 33 9 98 14 54 6 63 
1 57 4 54 0 43 10 59 2 19 12 69 6 58 11 99 14 63 3 82 9 13 8 45 5 60 13 83 7 20 
9 84 8 73 4 50 5 66 3 33 14 54 7 73 11 68 12 36 6 82 1 52 2 10 13 44 10 62 0 81 
1 36 14 80 3 81 0 73 11 80 5 7 9 37 2 50 4 21 8 34 6 20 12 14 7 90 13 35 10 12 
13 21 4 93 9 49 6 80 1 15 2 52 12 42 7 47 8 62 0 5 5 13 3 7 14 60 11 8 10 44 
13 78 6 58 7 43 4 61 10 15 11 2 1 70 12 73 3 83 14 72 9 37 8 70 0 80 5 13 2 38 
8 62 1 37 13 98 12 49 9 76 3 39 7 35 4 51 14 99 11 98 0 72 10 76 6 41 2 76 5 43 
0 7 1 97 6 39 10 77 7 57 8 82 4 8 13 86 2 80 14 13 11 3 3 99 12 82 5 68 9 55 
7 7 5 60 4 90 1 89 14 68 11 84 10 71 8 48 0 22 3 73 13 6 12 41 6 5 9 53 2 22 
11 51 8 81 2 23 3 82 1 72 0 95 6 12 5 82 10 84 7 12 9 96 12 64 13 62 4 53 14 26 
6 87 4 66 12 30 1 15 8 44 13 13 7 9 14 89 5 51 11 99 9 92 2 67 3 69 0 65 10 52 
8 30 10 13 6 82 1 11 5 10 7 24 14 74 9 89 0 1 4 98 3 14 13 78 2 14 11 80 12 55 
12 94 6 27 0 98 7 37 2 58 11 29 13 11 5 24 10 5 14 33 3 21 9 73 1 52 8 73 4 20 
14 77 11 40 4 11 2 53 8 71 1 14 5 98 10 94 12 11 9 61 7 56 0 83 3 99 13 89 6 23 
11 70 14 23 4 29 9 96 8 78 0 56 13 78 6 44 10 58 7 55 3 38 2 53 5 38 1 41 12 96 
0 92 4 34 3 30 11 61 13 81 2 80 1 51 7 69 6 27 9 31 14 41 5 8 12 28 8 64 10 16 
13 70 11 87 2 64 12 25 10 57 5 85 7 27 14 68 3 90 0 39 9 5 4 79 1 71 6 19 8 61 
5 47 6 47 0 37 1 66 9 18 10 49 3 16 2 80 4 78 13 22 8 73 14 73 11 91 12 41 7 33 
13 16 12 49 8 61 9 15 3 38 1 58 10 83 6 49 5 46 2 99 0 69 7 53 14 81 4 16 11 54 
13 22 8 93 9 28 1 98 12 88 3 85 4 88 7 96 11 70 6 80 14 14 5 99 2 36 10 30 0 14 
3 75 11 35 4 47 5 11 12 9 14 1 6 50 9 86 0 70 1 41 2 23 10 39 8 47 7 25 13 91 
8 83 0 67 9 94 13 31 11 55 7 76 3 51 12 36 4 56 6 61 14 82 2 74 5 5 10 23 1 31 
1 54 7 45 3 50 10 60 4 78 0 19 5 10 8 70 11 14 14 40 6 90 13 32 2 92 9 30 12 33 
9 99 11 95 3 75 4 64 5 3 0 99 2 74 8 42 14 10 1 25 10 32 13 5 6 96 12 44 7 30 
3 71 9 34 7 85 14 23 5 38 2 38 4 68 10 47 11 96 1 54 12 65 0 99 13 17 8 71 6 66 
11 53 0 81 12 4 2 47 14 28 13 44 5 93 9 2 7 59 10 60 4 65 6 99 8 95 1 70 3 87 
14 26 7 12 11 58 12 45 13 31 1 76 9 41 3 45 0 12 4 39 2 34 8 39 6 72 5 23 10 34 
10 9 4 54 0 34 6 9 2 70 14 37 12 36 13 9 5 33 11 61 8 32 1 92 3 25 9 55 7 95 
3 66 9 3 12 4 4 55 11 26 13 76 14 42 1 79 8 68 2 48 0 59 10 26 7 20 5 2 6 9 
12 69 1 74 7 81 8 44 10 91 2 14 0 7 5 4 14 50 13 69 3 70 6 9 11 71 9 34 4 43 
6 9 8 68 11 87 1 53 7 68 9 97 3 6 2 9 5 5 13 47 10 85 14 98 0 54 12 39 4 80 
8 63 7 65 13 83 14 63 4 78 0 23 5 47 11 46 2 81 1 97 6 84 9 28 10 25 3 67 12 20 
3 31 11 32 7 17 14 35 10 87 6 95 0 3 1 86 4 75 12 75 5 58 9 99 8 25 13 87 2 13 
1 14 12 9 2 13 0 57 3 19 5 57 7 69 11 20 6 61 10 80 8 82 14 54 13 51 9 34 4 86 
3 52 14 26 12 45 10 94 4 2 9 67 7 45 11 66 8 76 6 3 1 83 0 88 5 70 13 94 2 7 
4 60 2 42 0 87 10 48 3 15 9 69 1 2 13 70 8 84 12 8 11 3 14 93 7 91 6 86 5 5 
4 7 0 14 7 32 14 36 9 55 2 35 6 25 5 85 11 12 12 19 10 85 3 22 8 16 13 89 1 37 
10 54 7 51 9 68 6 30 14 27 0 26 1 84 3 3 12 6 13 26 4 61 8 66 2 34 5 64 11 96 
6 88 11 89 5 72 14 49 1 38 9 57 4 41 2 80 10 30 3 18 0 88 12 89 7 49 13 16 8 11 
7 33 12 39 14 88 0 9 8 51 9 94 3 40 10 46 4 41 13 60 1 19 6 14 2 87 11 54 5 69 
2 79 10 67 5 12 8 23 13 6 14 71 12 48 6 64 0 23 4 33 1 48 9 16 3 29 11 8 7 18 
0 47 11 70 9 51 13 95 2 74 5 87 4 73 6 64 1 16 14 18 3 28 7 60 8 25 12 62 10 22 
7 34 0 23 2 40 6 66 13 36 9 9 1 15 11 5 8 73 12 92 10 99 4 65 3 71 14 96 5 40 
13 96 2 51 6 80 9 10 3 13 1 40 12 52 10 74 7 31 8 81 11 85 5 2 4 64 0 91 14 77 
3 17 14 87 10 25 12 64 9 75 8 76 11 77 0 56 5 3 7 78 1 80 6 48 2 76 13 61 4 54 
8 58 3 4 4 74 6 16 14 86 0 16 1 94 13 65 10 27 5 52 12 73 2 83 7 8 11 39 9 39 
8 62 2 10 1 79 5 98 6 23 0 6 13 27 3 46 11 78 14 67 10 8 12 14 9 1 4 95 7 85 
6 79 2 69 13 69 7 78 14 51 9 61 10 50 3 39 11 74 12 91 5 33 4 88 0 89 1 78 8 88 
14 72 0 39 8 1 3 3 10 17 9 80 6 36 2 68 1 90 5 81 13 26 11 87 4 59 12 72 7 11 
4 17 3 87 10 91 7 29 11 82 12 89 5 69 13 82 2 10 1 18 8 57 14 79 6 30 0 59 9 51 
13 60 12 69 11 63 0 23 14 43 4 52 7 39 10 32 3 11 2 91 1 72 6 42 8 46 9 56 5 66 
2 47 3 63 8 50 5 96 9 15 1 96 12 38 11 95 4 88 7 6 0 96 10 24 14 91 6 65 13 49 
1 75 13 63 9 55 4 63 12 87 6 89 2 73 7 8 14 68 3 98 0 33 5 30 11 80 10 42 8 3 
5 25 3 6 9 36 11 13 10 59 1 54 14 45 8 19 6 50 4 87 12 9 7 89 2 25 0 55 13 95 
11 2 6 17 13 5 8 33 9 67 14 13 0 75 10 29 5 97 3 49 2 53 12 66 7 27 1 3 4 27 
8 17 6 52 0 86 4 19 13 92 5 23 14 67 10 10 7 28 9 43 11 83 12 2 2 94 1 8 3 55 
1 9 9 46 2 1 8 47 0 11 7 58 5 91 14 21 4 16 10 51 12 61 13 9 6 33 3 73 11 59 
10 62 14 90 9 3 0 6 12 29 4 85 8 25 5 20 1 18 3 35 2 75 13 17 6 24 11 53 7 72 
8 41 14 12 7 4 4 88 2 16 5 29 9 83 0 50 3 29 11 70 6 27 1 66 12 2 13 51 10 50 
3 89 11 96 0 54 9 40 6 91 10 60 5 57 13 70 14 21 7 38 4 13 1 8 12 45 8 13 2 75 
0 52 9 81 13 79 6 48 5 6 7 75 8 54 4 42 1 47 3 12 14 97 10 53 11 84 12 57 2 86 
0 40 12 65 10 73 6 41 5 34 14 72 9 12 8 91 11 8 3 33 1 54 2 9 13 39 4 96 7 91 
8 36 5 73 11 2 9 16 13 22 2 46 10 30 4 39 12 43 14 18 1 53 3 77 7 81 0 13 6 85 
13 67 0 18 3 43 14 72 10 26 4 55 7 29 1 69 9 23 6 69 8 46 2 14 5 2 11 10 12 34 
7 91 9 22 14 51 0 23 1 32 10 39 5 10 6 7 3 51 12 39 13 92 2 93 8 34 4 87 11 88 
8 97 3 48 5 58 4 66 10 66 11 55 6 13 7 49 0 68 9 13 13 85 1 26 14 72 2 39 12 48 
4 57 2 18 10 14 3 74 14 23 7 31 0 88 6 63 5 99 1 1 13 45 12 73 11 97 9 11 8 73 
0 90 1 77 4 27 2 68 8 86 11 17 10 39 12 18 14 72 6 91 9 79 3 10 13 30 7 90 5 83 
1 94 6 11 14 79 5 96 3 71 8 72 2 15 13 21 9 58 11 39 12 88 10 19 4 37 0 74 7 86 
13 27 1 55 14 20 4 15 6 95 5 75 11 58 8 97 2 27 7 99 10 52 12 39 9 11 0 74 3 1 
1 33 7 2 8 77 12 19 0 98 5 49 13 90 6 70 10 78 3 98 2 68 9 29 11 29 14 82 4 23 
6 27 9 86 3 35 2 40 1 36 4 59 8 66 12 87 7 44 5 70 0 81 14 78 13 63 10 70 11 47 
12 38 7 52 9 24 5 42 2 80 6 36 11 26 10 25 8 80 0 74 13 55 3 31 14 26 1 48 4 39 
4 43 12 2 6 85 11 20 9 39 3 22 1 28 10 23 14 70 5 34 2 48 13 5 7 34 8 26 0 23 
14 6 3 89 1 73 4 93 6 85 2 34 9 39 5 68 12 48 0 48 7 76 10 42 13 54 8 21 11 91 
2 87 5 60 0 3 13 85 9 25 11 98 1 74 14 57 7 62 10 92 12 27 4 98 8 51 3 63 6 24 
7 7 0 17 12 25 8 84 2 60 13 93 6 31 5 82 11 46 10 69 14 60 9 58 4 73 1 75 3 70 
11 60 14 26 10 67 3 78 7 47 12 46 4 32 0 58 13 44 8 43 6 28 2 41 5 85 9 13 1 70 
10 22 1 62 13 63 11 25 2 97 9 75 0 19 12 81 4 73 8 62 5 43 6 6 7 83 14 37 3 16 
2 22 0 74 8 19 5 25 1 79 13 86 9 10 11 99 10 21 4 98 3 38 14 21 7 3 12 79 6 49 
11 87 12 17 9 88 7 82 14 30 4 50 1 66 10 23 0 26 5 83 2 89 6 86 13 83 3 68 8 85 
1 51 5 36 6 48 10 50 13 38 8 69 12 14 0 17 7 98 11 39 2 77 4 16 9 87 3 95 14 86 
2 57 6 85 12 73 4 99 1 53 10 9 14 99 0 55 5 76 13 58 3 96 9 38 7 56 8 23 11 79 
12 66 9 35 6 90 1 7 10 57 3 13 11 51 8 64 13 67 0 82 14 26 2 55 4 29 7 59 5 54 
3 30 11 17 10 20 7 72 1 63 4 76 2 39 6 41 12 72 5 55 0 95 13 37 14 89 8 36 9 68 
13 74 14 32 1 33 9 16 3 22 10 77 12 55 7 59 0 57 4 7 11 35 2 92 6 45 8 5 5 40 
11 77 9 91 2 86 4 41 5 91 7 12 1 85 10 39 12 58 3 22 0 1 14 90 13 24 6 69 8 44 
8 2 2 90 13 24 12 52 1 67 11 76 5 72 3 2 6 91 4 43 9 4 0 91 7 27 10 56 14 45 
9 51 5 98 13 71 4 70 10 8 3 96 12 1 11 36 0 34 8 30 6 98 14 26 2 67 7 39 1 91 
13 60 12 53 9 20 10 66 8 22 3 66 0 11 5 66 11 23 6 40 7 77 1 35 14 51 2 79 4 96 
0 85 9 18 3 22 6 44 11 38 8 75 12 99 4 25 1 70 7 40 5 65 14 48 2 9 13 99 10 32 
8 32 12 88 5 16 13 99 9 90 7 94 11 28 3 87 6 9 0 41 1 7 2 86 10 45 14 53 4 80 
3 65 13 37 14 23 8 14 5 66 4 39 0 53 6 32 11 93 10 64 9 11 12 73 7 63 1 99 2 76 
0 90 13 10 7 63 6 18 11 26 2 66 14 37 10 98 9 42 3 1 5 97 12 80 1 10 4 5 8 94 
7 29 14 87 1 90 11 80 6 18 2 77 9 57 10 60 5 94 3 7 4 66 0 67 13 15 12 63 8 77 
4 11 13 98 12 98 1 12 3 45 11 60 10 47 2 46 6 93 0 83 9 61 7 34 14 98 5 90 8 2 
5 54 0 54 13 88 12 74 3 68 11 59 8 54 4 91 10 38 6 20 14 55 1 71 9 63 2 54 7 31 
8 81 0 54 11 57 10 90 14 54 7 72 12 59 2 22 6 39 13 91 5 75 9 16 1 48 3 71 4 76 
10 17 13 52 14 44 0 92 4 30 8 82 6 92 5 45 2 64 9 98 7 72 3 38 12 92 11 85 1 92 
5 41 8 22 11 94 10 16 3 74 2 84 9 71 0 11 12 56 14 30 1 84 7 77 6 40 13 37 4 71 
11 62 6 65 1 94 12 17 2 83 0 5 7 92 14 31 8 9 13 58 10 13 5 45 9 53 3 21 4 67 
9 59 1 70 12 73 6 1 3 10 7 10 0 37 2 35 10 16 5 21 14 32 13 27 11 7 4 59 8 10 
9 28 7 22 1 3 13 66 3 17 11 98 2 17 8 71 5 99 0 69 6 13 14 3 12 15 10 16 4 37 
2 12 3 93 13 63 14 76 11 60 4 62 8 90 9 1 1 8 12 84 6 44 0 31 5 27 7 39 10 53 
9 92 3 65 10 74 7 37 0 86 11 70 12 51 8 74 13 50 5 19 1 19 2 91 14 95 4 82 6 95 
4 94 0 72 7 95 6 32 3 84 8 32 11 16 9 76 12 8 1 39 5 14 14 38 2 63 13 70 10 58 
9 83 3 21 4 49 10 30 8 38 11 56 5 7 0 17 7 30 6 52 12 58 14 85 2 86 1 95 13 49 
0 66 7 26 5 70 9 82 11 66 14 41 6 83 1 77 4 84 2 86 8 48 13 78 3 74 12 97 10 59 
8 69 7 27 10 91 14 92 6 46 9 7 5 11 0 16 3 22 2 70 13 73 11 13 4 93 1 32 12 91 
7 2 14 57 8 95 10 68 13 46 4 85 5 35 12 51 9 40 2 58 3 64 1 37 6 63 11 21 0 64 
6 39 2 98 8 25 14 92 4 12 3 44 12 31 13 4 11 52 1 42 0 95 5 95 7 32 9 69 10 83 
13 85 1 3 11 4 9 95 14 4 7 12 2 13 6 43 3 9 0 1 10 11 5 93 8 52 4 32 12 67 
4 44 0 78 2 15 13 50 14 15 7 76 1 49 3 9 8 99 5 55 11 1 9 43 10 68 6 49 12 58 
13 24 2 60 5 28 12 77 8 36 9 64 7 85 1 35 0 46 14 75 11 14 6 22 3 23 4 48 10 32 
14 6 2 40 8 48 0 13 12 67 7 65 4 8 9 43 6 72 10 70 1 67 13 87 11 88 5 37 3 15 
7 11 6 66 4 29 2 42 5 9 14 37 0 82 9 52 10 89 12 10 13 61 3 25 8 36 1 79 11 11 
0 16 7 84 4 4 14 21 8 12 9 81 11 36 2 91 3 43 12 54 1 78 6 85 13 78 10 56 5 4 
3 34 4 58 0 22 1 56 12 60 2 39 13 2 5 67 11 97 10 58 9 54 14 86 8 1 7 49 6 85 
1 76 4 83 2 52 12 81 9 58 6 44 0 28 10 22 14 70 3 8 11 12 5 45 7 33 8 23 13 3 
0 83 10 46 3 70 4 75 13 71 1 26 2 23 8 23 5 70 11 55 9 96 14 63 7 38 6 83 12 79 
8 82 7 69 4 44 11 83 0 5 1 60 9 97 2 39 5 85 6 83 13 96 10 18 12 85 3 19 14 31 
7 32 9 8 12 43 1 21 4 86 3 57 5 68 2 21 8 31 10 94 13 54 11 20 6 44 14 57 0 70 
12 83 0 86 10 14 3 54 5 31 2 89 11 96 13 20 8 54 6 67 14 26 1 77 9 54 7 42 4 48 
6 79 5 13 0 9 14 38 7 10 4 45 11 18 10 98 3 76 12 54 13 72 1 73 2 55 8 65 9 78 
9 61 0 18 3 80 7 83 6 13 1 69 12 36 13 5 8 91 4 94 10 7 2 13 11 42 14 2 5 94 
2 60 10 6 7 69 12 26 6 64 13 12 11 41 5 7 9 63 8 73 4 13 0 59 3 26 14 90 1 46 
13 90 0 2 7 9 8 5 12 49 9 61 5 17 11 93 1 92 3 86 2 40 14 65 4 7 6 31 10 73 
9 88 4 85 2 33 7 28 8 61 13 21 0 4 12 27 3 86 1 90 11 44 5 71 14 22 6 92 10 54 
1 82 3 68 2 33 4 75 5 85 7 34 9 10 0 35 6 18 10 79 13 13 11 42 8 34 14 64 12 37 
7 2 1 98 12 47 8 93 3 92 9 22 0 78 13 13 2 42 10 83 6 58 11 76 14 50 5 78 4 29 
2 80 4 86 5 7 0 90 3 91 12 9 11 84 6 14 9 63 1 99 8 66 14 12 10 56 13 26 7 40 
13 92 2 95 7 63 11 35 12 27 1 6 10 53 3 84 9 52 4 89 8 63 5 91 6 1 14 5 0 21 
11 81 1 86 10 59 8 37 0 44 2 84 13 82 7 77 12 80 3 97 6 90 9 50 14 89 5 62 4 66 
14 18 4 45 11 81 5 95 10 25 3 10 13 71 0 33 7 52 12 17 9 92 6 23 2 34 8 25 1 21 
7 29 13 40 9 99 14 50 12 17 5 74 4 13 2 73 8 30 6 65 10 97 3 24 1 42 11 58 0 11 
3 16 12 70 2 24 5 2 1 75 4 29 8 27 13 45 11 21 10 87 0 49 7 55 6 70 14 13 9 9 
3 32 2 14 10 44 0 70 13 41 12 6 8 46 14 64 9 58 1 66 7 87 5 5 11 7 4 95 6 78 
6 97 1 66 3 56 14 9 2 89 4 53 10 53 11 43 9 47 7 3 0 96 5 67 8 28 12 41 13 94 
9 14 1 12 14 39 12 52 6 81 7 85 10 99 8 42 4 51 0 41 5 69 13 85 3 49 2 1 11 15 
1 98 9 11 5 63 7 10 4 72 2 87 13 66 14 55 11 41 12 29 10 31 0 67 3 77 6 82 8 87 
2 65 1 79 10 48 8 82 6 34 4 78 0 60 3 57 11 72 12 15 14 69 9 95 13 79 7 64 5 72 
12 75 4 26 13 58 3 54 5 38 8 79 10 59 0 17 2 5 14 66 6 60 11 49 9 25 7 41 1 1 
1 53 13 34 3 24 7 12 10 10 5 88 0 46 9 7 4 11 12 56 11 81 2 96 14 22 6 68 8 53 
8 78 1 36 0 14 10 15 14 64 2 58 4 15 11 1 9 81 7 5 12 56 5 8 3 56 6 4 13 80 
6 17 9 62 12 24 5 53 14 67 11 59 2 60 13 90 8 4 3 84 10 48 4 2 0 84 1 82 7 85 
0 32 9 82 4 32 1 61 6 7 2 32 3 14 13 24 11 60 5 42 10 82 7 48 14 24 12 75 8 45 
6 75 9 50 12 89 10 45 11 1 1 52 14 66 7 63 2 16 0 38 8 47 3 34 13 95 4 63 5 95 
1 97 9 16 4 85 6 88 11 30 10 81 5 71 12 74 0 80 7 69 8 59 3 48 14 78 2 71 13 49 
10 94 0 72 2 63 6 4 1 33 12 11 14 3 9 50 11 94 13 41 5 87 8 51 4 40 3 68 7 57 
10 92 4 82 5 32 11 35 3 57 6 6 14 90 12 75 13 88 1 26 7 91 8 61 0 83 2 2 9 80 
10 37 3 81 7 52 5 51 0 49 6 62 12 46 2 29 8 69 11 37 1 95 14 61 9 15 13 39 4 71 
7 51 8 60 12 78 0 57 6 3 3 28 11 20 13 31 1 61 2 65 4 91 9 85 5 28 10 33 14 16 
12 69 7 60 0 26 1 53 8 46 14 48 9 42 10 19 6 23 3 17 5 85 2 93 4 84 13 14 11 58 
3 96 8 80 12 25 14 53 4 33 2 19 10 35 9 64 11 44 7 96 13 87 6 76 1 40 0 42 5 83 
14 67 4 48 1 43 8 14 6 41 9 96 2 85 5 58 7 6 12 38 11 98 10 65 13 32 3 27 0 86 
9 15 11 39 1 67 10 86 0 53 7 45 2 93 5 34 3 53 8 86 4 61 14 24 13 26 6 52 12 35 
4 17 10 64 8 66 6 72 7 60 0 98 9 73 1 84 3 13 11 67 12 67 14 57 5 84 13 80 2 1 
2 28 11 87 7 85 10 17 13 42 3 18 9 99 14 8 6 29 5 70 0 56 12 61 4 8 8 42 1 29 
3 42 12 89 14 34 13 24 1 21 8 75 9 52 4 32 11 82 10 14 2 10 5 28 7 4 6 1 0 75 
1 2 2 90 4 16 13 74 12 91 3 92 6 37 5 33 9 89 14 64 8 27 10 65 0 79 7 56 11 3 
8 23 4 8 5 68 0 75 9 66 12 58 14 79 3 7 11 31 1 72 7 3 10 49 2 87 6 35 13 13 
14 34 7 77 3 54 8 61 2 59 4 46 10 99 6 69 5 71 11 19 13 50 9 48 0 16 1 25 12 49 
0 50 10 16 2 84 5 75 11 81 6 27 8 22 13 81 12 2 1 38 4 17 7 30 14 36 3 30 9 60 
14 51 1 27 2 29 10 22 9 17 12 14 0 27 3 27 6 25 4 67 8 83 13 83 11 47 7 45 5 12 
10 17 12 82 13 25 5 53 6 75 0 71 9 84 11 23 8 22 1 7 3 87 4 21 2 43 14 44 7 89 
10 79 3 93 0 84 1 66 7 58 2 83 13 71 8 16 12 19 4 93 14 48 9 82 11 91 6 7 5 29 
3 97 2 56 4 70 10 72 0 98 13 39 12 15 6 10 9 63 11 40 7 98 8 64 5 59 1 5 14 7 
12 93 13 4 3 9 0 34 9 94 11 85 4 89 14 31 5 87 8 87 7 69 2 32 6 58 1 21 10 31 
9 48 6 8 0 31 11 86 14 74 2 76 7 12 3 43 8 71 12 14 10 72 13 36 4 11 5 58 1 60 
1 8 5 56 14 62 11 96 6 35 2 28 12 21 9 36 10 13 8 37 3 58 4 88 13 1 7 85 0 84 
4 59 9 65 14 54 5 84 11 2 6 33 8 58 3 5 1 15 7 48 0 29 10 92 13 11 12 65 2 9 
9 45 12 28 8 95 5 80 1 15 7 14 4 39 14 66 11 28 0 18 3 6 6 23 13 14 2 59 10 17 
5 88 7 92 10 29 2 81 14 22 8 4 4 51 9 22 0 28 6 30 3 56 12 59 1 32 13 76 11 86 
11 53 13 20 7 81 14 48 1 88 4 14 2 24 12 36 3 10 8 52 0 42 9 52 6 80 5 83 10 9 
8 57 2 30 12 39 10 90 7 52 9 82 6 22 11 14 14 82 5 63 3 83 13 19 4 52 1 77 0 26 
2 27 13 30 9 94 12 87 5 87 10 9 4 53 3 65 7 8 1 98 0 55 8 53 14 62 11 41 6 5 
14 16 8 6 9 68 7 28 4 28 0 15 10 67 2 39 13 43 11 65 5 79 3 33 6 51 12 82 1 33 
13 22 0 56 10 33 9 23 7 38 3 76 12 4 4 14 11 52 5 50 14 78 1 15 2 71 6 2 8 13 
6 69 11 37 14 52 5 7 10 36 8 96 7 83 0 6 2 7 3 96 13 50 12 34 9 29 4 52 1 48 
2 31 10 30 6 81 14 96 12 92 4 99 9 96 8 41 1 25 7 32 11 75 0 30 5 81 13 30 3 53 
2 82 12 45 9 31 14 14 8 2 10 78 13 14 5 95 11 27 6 5 4 72 3 2 0 17 7 79 1 13 
1 75 7 27 11 53 2 29 14 94 6 51 9 46 12 43 8 45 5 11 0 46 10 15 4 44 3 83 13 71 
0 73 13 23 7 9 6 32 2 87 1 34 11 82 14 61 8 97 10 58 9 36 4 34 5 78 12 12 3 97 
2 31 12 24 4 71 11 26 13 50 10 40 8 67 3 50 9 10 5 22 1 40 6 22 0 24 7 16 14 7 
14 87 8 50 9 4 0 41 6 16 11 36 5 66 10 2 12 50 4 32 7 31 1 70 13 71 2 34 3 67 
3 42 12 2 10 32 1 24 5 75 8 38 0 45 2 93 14 78 6 47 11 85 4 2 13 79 9 5 7 93 
10 85 6 92 14 47 11 92 4 59 1 91 3 94 2 7 0 87 9 43 12 61 5 62 8 43 13 13 7 64 
13 97 9 67 11 55 0 1 2 62 14 42 6 69 5 83 7 1 10 94 8 1 12 54 3 16 4 25 1 55 
10 97 11 72 3 61 2 55 9 40 6 26 1 17 14 76 7 61 12 23 4 19 8 5 0 66 13 35 5 84 
11 17 0 18 9 34 6 98 10 71 5 1 8 95 12 17 7 68 13 42 14 2 1 54 4 91 3 56 2 11 
4 20 11 76 9 76 3 24 1 24 13 54 14 71 7 93 8 19 10 14 12 98 0 97 5 10 6 97 2 82 
