200 15 
12 77 14 67 10 53 4 33 0 20 13 27 8 71 3 94 6 50 5 3 7 75 9 7 11 21 1 58 2 74 
13 76 3 45 5 84 7 19 10 88 14 93 11 20 12 16 2 29 4 64 9 64 1 91 6 39 0 61 8 78 
10 15 2 82 7 29 6 53 9 15 8 19 12 59 13 37 5 40 4 10 3 44 14 70 11 19 0 44 1 64 
2 58 5 90 10 36 8 7 6 72 14 75 4 28 7 19 11 72 13 73 9 81 1 60 12 3 3 47 0 46 
0 35 14 38 9 25 3 49 7 48 5 33 4 40 11 8 13 26 12 28 2 2 6 41 10 46 1 52 8 99 
7 84 14 82 2 7 1 62 6 22 3 92 8 2 0 50 11 23 9 91 4 36 12 65 5 4 10 10 13 96 
3 56 5 29 1 28 6 39 7 83 4 99 13 90 8 78 11 53 10 80 0 21 12 30 14 95 2 66 9 21 
1 93 5 98 13 50 0 75 11 10 3 43 14 59 6 73 4 97 12 91 9 62 8 9 2 67 7 25 10 88 
1 7 9 22 5 12 11 24 14 15 7 22 2 81 3 23 4 53 13 63 0 81 12 15 8 67 6 14 10 26 
3 78 11 17 8 2 10 90 13 18 4 8 6 2 12 12 0 11 1 34 5 37 2 7 7 93 14 97 9 48 
10 17 11 85 2 53 7 50 3 48 13 79 4 6 1 54 8 4 6 23 5 53 12 21 14 21 9 57 0 88 
1 52 4 56 11 8 0 6 13 69 14 59 7 67 9 21 10 78 12 92 8 79 2 66 3 44 6 53 5 71 
10 82 9 4 7 6 13 96 5 78 4 91 8 30 12 30 14 95 11 45 1 26 2 81 3 34 6 80 0 14 
10 90 0 11 12 32 2 16 14 11 1 54 9 24 6 85 7 75 11 26 8 66 3 35 5 20 13 11 4 6 
9 7 3 30 7 4 0 25 1 73 13 10 14 12 10 21 5 19 8 66 4 75 6 85 2 54 12 39 11 6 
4 81 9 89 6 76 11 32 3 43 13 76 2 95 8 16 0 28 12 78 5 85 14 78 10 34 1 41 7 80 
4 79 7 82 6 50 9 96 12 53 8 3 11 67 2 58 10 94 13 36 14 31 0 50 3 80 5 27 1 62 
11 70 10 11 8 57 4 71 0 78 5 91 6 80 2 99 9 28 3 26 12 65 1 84 7 79 13 81 14 38 
5 13 2 81 1 42 10 54 12 45 13 93 6 89 11 13 14 56 7 43 8 30 4 33 0 94 9 75 3 79 
8 8 14 42 3 18 6 43 1 73 5 20 11 42 0 63 13 17 2 49 10 93 4 27 12 40 9 44 7 17 
4 49 10 32 0 65 5 34 14 95 12 37 9 88 6 66 13 78 8 66 2 41 1 61 7 65 3 68 11 29 
10 47 4 98 6 23 5 12 12 57 3 28 9 83 2 21 1 93 14 68 11 86 8 48 7 73 0 26 13 97 
8 87 5 44 4 25 3 31 6 29 1 8 14 84 2 73 0 6 10 45 12 12 11 3 7 72 13 85 9 14 
3 3 5 85 8 57 9 40 11 51 14 25 10 50 4 1 12 76 13 74 2 69 0 99 7 2 1 98 6 31 
0 89 10 66 3 3 8 4 1 44 9 67 13 96 12 77 4 8 5 82 2 24 11 69 14 75 7 32 6 49 
8 83 4 79 3 9 14 48 5 31 12 96 6 80 0 96 1 9 9 30 13 11 7 55 11 53 10 87 2 71 
14 24 6 93 4 51 12 85 5 73 2 6 8 25 1 51 11 91 0 34 7 74 13 69 10 61 3 4 9 64 
13 36 8 15 4 61 3 4 5 97 1 8 2 80 10 35 12 32 0 87 11 48 6 21 7 58 9 43 14 32 
12 92 5 23 2 69 3 50 13 27 6 89 9 15 7 64 1 53 10 12 14 20 11 48 8 94 0 33 4 48 
10 40 9 29 14 91 2 65 8 17 1 57 13 79 3 2 5 19 4 32 6 5 11 29 7 16 0 52 12 11 
7 68 13 44 11 88 2 24 4 67 9 81 8 48 14 25 1 26 12 84 3 30 5 82 6 60 10 48 0 78 
7 4 0 29 10 54 5 17 13 60 4 38 1 19 14 89 8 24 11 39 3 93 12 39 9 68 2 4 6 16 
13 73 10 47 3 75 14 4 0 75 9 17 6 97 12 31 5 41 2 77 1 45 8 54 7 11 11 49 4 17 
2 91 14 96 8 73 13 1 7 40 1 49 9 84 10 23 5 61 11 26 3 10 12 6 0 11 6 88 4 17 
3 14 9 16 5 77 2 47 8 15 7 14 6 67 13 85 0 62 1 1 11 49 10 20 14 62 4 54 12 44 
6 43 11 36 3 85 2 33 5 34 10 51 4 90 12 22 7 80 8 57 14 27 13 13 0 74 9 67 1 64 
9 57 10 96 7 99 13 95 0 15 1 82 2 40 4 19 11 57 3 45 8 9 12 64 14 78 6 22 5 13 
12 64 14 92 5 95 2 24 6 27 4 4 8 19 1 99 3 35 0 67 7 48 13 18 11 29 10 14 9 48 
4 4 13 18 8 95 14 46 10 72 6 22 1 53 2 87 12 50 0 43 11 39 9 58 3 31 5 21 7 52 
6 26 10 55 5 78 8 72 11 74 3 76 0 39 13 28 9 45 7 77 2 82 4 57 1 55 14 51 12 46 
3 48 13 94 9 41 11 14 4 91 5 61 2 37 10 95 14 98 8 68 6 75 0 81 7 4 12 66 1 31 
9 84 2 6 6 27 1 73 8 46 4 69 14 20 5 96 7 91 3 28 10 80 12 6 13 38 0 35 11 21 
1 63 7 82 14 41 5 91 11 53 6 47 8 96 9 76 10 99 0 76 3 67 13 23 4 44 12 11 2 44 
5 98 9 47 0 25 4 97 10 72 11 5 13 16 7 37 14 25 3 48 8 94 1 70 2 84 12 93 6 99 
12 78 0 33 2 59 9 34 10 94 4 78 1 76 6 82 14 44 13 47 8 13 11 88 5 88 3 57 7 33 
5 17 1 85 7 33 11 15 14 57 6 62 2 94 13 61 0 96 10 72 9 84 12 6 3 82 4 51 8 14 
4 30 10 96 3 68 2 38 7 36 9 99 12 14 14 43 11 56 6 86 5 19 13 90 1 49 0 11 8 25 
4 20 11 17 2 71 5 53 7 54 12 39 1 19 14 17 3 22 13 95 0 71 10 38 6 80 8 39 9 35 
0 73 13 90 5 87 6 90 11 23 3 98 12 1 1 58 7 42 10 34 14 12 4 82 8 64 9 16 2 17 
12 27 2 16 3 60 5 34 7 57 1 30 13 48 9 61 0 77 4 94 6 42 14 75 8 66 10 61 11 89 
8 58 14 2 6 26 4 44 3 85 9 5 2 30 12 74 11 44 1 57 0 16 10 41 5 39 7 57 13 53 
1 14 12 32 11 77 7 25 9 87 8 99 13 33 4 95 5 37 2 53 6 61 14 70 10 91 0 30 3 30 
8 90 5 25 11 18 3 73 7 93 2 18 4 22 14 7 0 17 10 29 12 21 9 92 6 67 13 17 1 42 
13 49 5 27 9 3 10 54 3 27 4 43 12 55 2 41 11 84 7 75 14 71 1 11 8 89 6 60 0 6 
8 59 10 41 3 41 5 5 12 28 14 70 0 97 9 51 7 21 4 21 13 95 11 75 6 87 2 34 1 12 
14 14 2 20 12 84 9 21 6 98 3 59 10 85 4 13 5 24 1 32 11 91 0 89 7 74 13 20 8 8 
12 27 13 2 7 97 11 58 5 48 1 35 0 51 14 68 2 88 6 69 10 31 3 50 8 53 9 20 4 68 
9 50 12 70 14 43 6 36 4 47 8 3 5 49 1 71 2 53 11 80 7 55 0 79 3 62 13 87 10 18 
2 88 6 56 5 1 11 36 1 88 4 32 9 75 7 78 13 59 12 76 0 83 14 67 8 34 10 70 3 68 
6 66 3 74 11 94 1 95 14 62 2 19 13 98 10 17 4 32 7 4 5 40 8 83 0 88 12 97 9 48 
14 8 10 62 0 46 2 25 6 21 11 54 12 55 4 54 8 4 13 17 1 71 9 5 7 84 3 51 5 17 
2 42 4 15 11 29 14 72 7 80 1 35 3 22 9 90 13 21 6 46 12 33 0 4 8 72 5 41 10 21 
4 92 10 88 7 26 6 27 11 73 8 55 0 15 1 89 13 39 3 25 9 49 2 41 14 3 5 4 12 43 
2 29 14 44 13 86 12 61 7 59 1 31 6 63 10 9 3 94 11 39 8 75 4 2 0 38 5 53 9 77 
7 65 9 43 14 43 1 77 0 77 6 28 12 75 4 15 5 3 13 47 11 16 3 30 8 54 10 18 2 33 
4 55 3 90 10 2 14 31 1 15 11 13 6 59 2 73 13 71 0 44 9 44 7 98 8 4 5 20 12 72 
10 82 11 8 3 19 2 47 14 21 7 23 0 21 12 96 5 44 13 50 8 29 1 44 9 35 6 98 4 10 
14 57 3 10 8 56 12 8 11 62 10 5 7 63 9 11 0 90 1 52 5 84 4 82 6 82 13 63 2 27 
3 97 2 14 13 93 5 46 12 31 4 9 10 16 1 24 11 40 14 73 9 86 6 99 8 93 7 26 0 4 
1 55 3 21 2 98 7 19 6 7 9 85 14 37 11 34 0 14 4 21 13 21 10 80 8 17 12 5 5 96 
0 42 8 46 6 55 4 11 5 31 11 99 2 19 14 40 3 78 12 67 9 7 13 55 7 74 10 36 1 21 
4 53 3 79 8 73 1 72 9 75 10 56 14 40 7 37 6 11 11 56 13 23 0 51 2 66 5 18 12 81 
10 13 4 48 0 28 8 23 13 30 6 85 1 1 7 53 14 94 11 76 9 30 5 18 12 32 3 8 2 22 
8 49 11 53 2 72 13 9 7 81 14 97 1 50 4 95 0 14 6 14 10 71 9 89 3 97 12 41 5 49 
14 6 5 49 7 39 11 64 13 98 8 66 1 51 9 84 4 41 2 22 10 15 0 12 3 48 6 97 12 48 
1 5 8 54 13 71 3 90 9 21 4 65 14 88 12 69 7 27 0 15 11 48 6 86 10 5 2 76 5 89 
4 90 6 87 2 58 10 72 1 41 11 64 5 74 0 22 8 63 3 50 13 37 14 86 7 75 12 21 9 93 
9 98 4 24 3 55 5 60 0 96 11 77 10 44 13 66 8 65 14 94 12 36 6 12 1 17 2 46 7 41 
14 65 4 30 8 93 11 52 13 50 10 65 1 22 0 21 12 71 6 12 7 36 3 47 2 67 5 84 9 4 
7 31 2 72 12 29 11 65 13 36 0 27 4 69 6 28 10 89 1 60 8 28 9 40 5 65 3 37 14 91 
5 39 2 97 10 38 14 39 9 68 13 85 7 24 12 25 4 49 0 95 3 26 11 57 6 34 8 71 1 17 
9 35 13 89 2 51 8 31 5 20 10 63 14 49 1 55 12 51 3 57 4 77 11 48 6 67 7 79 0 98 
11 4 7 31 1 57 3 57 4 32 2 63 9 25 8 92 0 76 5 52 6 9 14 59 13 45 12 71 10 92 
0 36 6 96 8 40 5 49 9 93 10 53 11 94 4 45 14 25 1 34 3 4 12 8 2 89 7 72 13 91 
1 6 12 92 14 57 5 41 2 31 4 44 11 95 0 90 7 44 6 80 13 33 9 94 8 87 3 68 10 35 
12 89 6 41 3 69 13 78 0 44 8 66 14 80 1 4 2 70 10 4 9 57 4 83 7 44 5 16 11 3 
4 71 11 2 5 30 1 5 12 26 7 84 3 44 8 21 6 34 14 43 10 76 2 73 9 46 13 6 0 59 
8 46 7 6 10 97 5 58 13 18 0 95 14 30 1 74 6 15 2 36 12 81 4 17 11 45 3 38 9 69 
14 96 3 38 1 3 6 86 9 91 13 75 7 60 0 80 8 39 11 55 2 41 12 86 10 69 4 32 5 24 
11 74 0 79 6 77 3 55 12 44 1 22 7 12 2 32 9 98 13 85 8 47 4 99 14 76 5 75 10 48 
8 68 13 9 3 71 5 51 10 11 2 27 6 49 11 75 14 14 4 68 12 18 0 80 1 13 9 67 7 34 
13 41 14 80 4 49 6 35 2 36 8 27 0 51 10 74 5 79 12 91 3 74 7 93 11 78 1 81 9 43 
8 10 7 60 9 47 1 82 11 66 0 80 12 96 6 26 14 98 4 9 2 54 10 94 3 95 5 18 13 53 
9 51 5 39 8 15 4 9 1 96 2 73 11 36 13 44 7 19 6 15 12 54 3 54 14 36 10 32 0 56 
7 32 13 15 14 74 11 33 12 1 6 46 4 44 3 40 1 31 10 19 9 36 5 87 2 14 0 67 8 38 
1 56 12 45 10 57 3 52 14 33 9 29 7 10 6 95 2 54 13 74 8 23 11 68 4 15 0 60 5 88 
0 92 14 17 8 32 11 73 3 59 9 16 1 3 10 91 7 52 5 90 4 17 13 48 2 79 6 70 12 84 
2 40 6 44 12 49 11 35 7 34 4 30 3 25 1 11 0 70 8 11 13 96 5 71 9 11 14 30 10 96 
7 89 10 9 6 57 8 44 12 37 4 80 14 86 13 21 2 64 5 88 3 12 11 45 0 58 9 3 1 59 
12 80 11 38 6 29 9 9 5 4 7 66 1 38 13 78 10 16 4 52 14 34 8 90 3 44 0 61 2 47 
0 93 9 27 3 43 8 68 13 65 10 55 12 89 5 88 1 88 7 61 6 19 11 97 2 14 4 5 14 29 
6 11 14 94 10 26 11 79 2 83 5 90 9 79 0 44 7 88 8 62 13 84 4 82 3 13 12 20 1 41 
2 51 14 94 13 87 1 48 3 2 11 98 10 17 8 21 4 23 6 58 5 63 0 52 9 9 12 22 7 34 
7 8 10 32 6 65 11 14 12 58 13 44 2 84 14 36 8 14 9 3 5 26 0 66 3 99 4 81 1 87 
2 24 11 25 10 40 6 63 0 11 4 31 7 24 13 48 12 25 8 98 9 54 5 32 3 25 14 90 1 73 
0 86 12 95 7 87 6 59 13 25 2 4 9 70 1 23 4 4 10 98 3 34 8 77 5 92 11 5 14 77 
1 2 12 98 10 23 14 10 13 11 9 72 6 42 5 16 8 85 7 53 2 41 3 44 4 53 11 80 0 95 
5 27 10 45 11 85 0 96 2 85 13 8 12 41 3 21 4 84 1 82 14 74 7 27 9 57 8 78 6 32 
11 76 12 86 3 45 8 2 14 51 0 10 9 10 1 1 10 92 7 88 4 37 2 26 6 21 13 65 5 63 
11 19 14 68 1 74 0 49 3 76 12 10 7 71 13 63 8 31 2 77 9 2 6 88 5 26 4 27 10 3 
1 59 13 10 5 58 4 23 10 59 9 30 3 63 8 61 2 81 0 74 7 14 6 23 14 75 11 90 12 88 
11 15 6 33 12 95 7 59 3 6 10 12 1 55 14 53 0 67 2 73 8 96 13 57 5 14 9 35 4 1 
14 74 7 42 10 47 8 28 5 93 0 26 13 96 11 40 12 8 6 89 2 43 3 67 1 90 9 38 4 29 
4 60 3 92 1 11 13 30 5 78 11 48 6 52 9 84 7 57 14 69 10 81 2 79 12 42 0 82 8 15 
9 92 2 98 5 45 14 69 10 6 3 10 4 39 13 55 1 46 6 76 12 16 0 65 11 95 8 83 7 74 
3 73 14 37 9 64 11 83 6 92 2 29 13 66 5 47 7 20 0 18 10 14 4 94 1 86 8 37 12 40 
10 93 7 82 9 84 4 12 12 48 8 28 11 76 14 51 0 72 1 18 6 94 2 16 5 7 3 43 13 75 
6 7 14 32 11 48 2 42 3 2 4 49 5 96 10 75 13 23 0 7 7 24 12 32 1 52 9 79 8 38 
9 93 3 48 4 30 10 4 6 72 14 29 5 6 12 68 8 88 2 63 0 38 11 50 7 81 1 65 13 13 
13 66 5 34 1 27 3 62 12 21 7 93 6 85 8 75 14 85 2 89 0 57 11 17 4 22 9 8 10 66 
12 55 8 33 0 9 14 26 4 48 9 12 7 44 6 65 1 59 11 76 5 32 10 39 13 59 3 28 2 58 
13 29 10 31 7 26 14 94 12 59 4 85 11 34 2 56 5 98 1 84 3 66 9 27 8 22 6 20 0 64 
4 94 3 60 10 43 13 8 7 51 6 85 8 37 11 46 2 86 12 74 14 38 9 11 5 62 0 98 1 15 
4 65 8 6 0 98 6 29 12 49 14 57 11 78 5 75 3 78 2 81 7 65 1 14 9 85 10 32 13 38 
13 31 8 60 6 18 9 19 12 63 4 81 11 27 7 82 10 27 14 90 0 47 1 35 2 60 5 56 3 96 
6 13 8 55 0 48 12 20 1 40 3 74 4 34 13 69 5 70 2 7 7 30 11 98 14 33 9 24 10 47 
5 21 4 69 10 10 6 93 7 69 2 80 11 22 1 14 9 95 13 29 12 95 3 61 8 17 0 37 14 49 
0 61 2 52 11 98 4 41 6 49 8 99 5 60 7 31 14 41 3 67 10 71 9 47 1 35 12 66 13 71 
6 55 1 98 12 57 9 59 8 13 5 41 11 60 3 54 7 55 14 83 2 93 4 88 13 40 10 32 0 73 
5 34 9 61 13 77 11 23 3 99 10 42 14 68 7 40 0 23 6 68 4 53 8 50 12 74 1 3 2 71 
8 23 4 33 7 91 13 85 9 37 10 8 14 58 0 17 1 23 5 65 3 71 12 57 6 49 2 22 11 21 
7 22 4 15 3 24 5 3 12 46 9 63 10 48 1 5 11 26 8 84 6 33 2 56 14 70 13 34 0 38 
11 45 12 60 14 56 10 31 4 79 2 57 9 9 1 18 8 77 7 39 0 81 13 78 3 88 6 66 5 30 
0 33 11 55 14 1 6 93 4 81 13 9 10 51 7 10 8 44 2 19 12 97 3 22 1 24 9 25 5 70 
11 72 4 86 0 56 1 30 2 50 13 79 10 51 9 84 7 31 12 19 6 27 14 75 8 55 3 31 5 92 
11 66 3 95 7 15 8 71 0 99 9 84 10 8 14 18 13 80 12 86 6 88 5 59 2 66 1 50 4 61 
2 25 12 72 11 15 0 37 8 76 4 2 14 28 3 4 7 31 9 28 6 86 5 41 1 17 10 7 13 89 
7 29 3 79 13 2 4 28 12 80 6 15 14 95 2 9 10 56 9 6 0 11 11 83 1 58 8 40 5 21 
7 12 5 68 10 27 14 37 6 38 4 50 3 75 12 68 9 78 0 29 2 6 8 23 11 52 1 43 13 49 
12 4 13 26 3 39 10 36 14 2 11 42 1 68 2 91 8 61 7 44 6 65 5 3 4 66 9 16 0 6 
14 89 0 31 8 21 12 26 6 42 4 19 7 88 9 11 10 17 11 82 3 33 1 73 5 7 13 3 2 33 
4 89 7 42 10 66 1 65 3 6 5 62 11 93 0 3 8 19 9 41 6 55 13 91 14 22 2 24 12 63 
3 5 9 64 10 33 11 51 8 92 7 67 6 26 4 16 0 20 12 52 13 57 5 10 1 69 14 79 2 28 
7 33 11 64 4 86 1 49 13 72 2 81 8 74 9 59 0 93 3 43 5 11 10 44 12 94 14 1 6 42 
1 40 9 66 13 97 11 12 12 38 7 16 5 98 3 19 0 52 10 7 6 1 2 49 4 1 14 34 8 16 
4 40 5 14 6 84 13 19 7 62 8 55 0 7 11 81 10 72 14 76 3 76 9 47 12 80 2 24 1 6 
0 52 4 97 13 69 6 37 8 89 12 99 11 4 7 70 5 86 1 53 3 86 2 42 10 79 14 54 9 19 
11 49 10 87 0 28 12 29 5 28 13 49 6 31 8 96 1 77 4 76 3 94 7 33 9 61 14 5 2 56 
14 77 8 97 7 31 3 7 0 6 2 76 11 4 10 59 4 7 12 43 1 92 13 93 6 60 9 96 5 79 
11 13 5 24 1 63 2 34 7 30 9 83 10 60 0 75 14 11 12 58 8 43 6 45 13 57 4 33 3 5 
11 63 13 29 1 76 4 8 5 93 10 12 7 88 0 18 12 78 2 51 9 77 14 29 6 90 3 10 8 74 
14 47 6 23 13 37 10 8 5 26 1 79 11 8 3 20 12 70 7 95 4 97 0 40 2 26 8 57 9 35 
9 98 14 73 4 45 13 14 11 95 5 22 2 65 10 31 8 5 6 16 3 58 12 58 7 10 1 22 0 12 
13 10 3 7 7 91 11 29 0 65 4 23 9 98 2 15 10 28 14 49 12 23 5 78 1 44 6 43 8 90 
2 98 13 92 6 81 14 92 3 95 11 73 5 8 4 56 12 37 0 44 1 75 7 9 8 22 9 42 10 69 
4 14 11 33 3 9 12 77 9 69 10 84 2 27 8 70 5 15 14 79 13 92 7 90 1 88 0 65 6 97 
8 62 11 39 1 94 13 83 12 72 10 13 5 43 6 86 4 92 9 82 2 6 3 65 14 95 0 25 7 80 
2 63 5 98 11 8 13 91 10 24 1 22 8 64 12 56 6 88 0 37 4 39 7 50 9 99 3 23 14 49 
2 18 8 49 10 96 13 64 14 60 11 53 6 7 3 75 9 44 7 64 1 7 5 45 12 56 0 82 4 89 
11 59 8 6 10 85 13 56 0 36 7 66 1 11 12 11 6 41 14 64 5 58 2 92 3 51 4 66 9 9 
0 85 13 93 14 55 8 96 7 59 11 94 5 21 6 3 9 63 4 83 2 31 1 62 3 7 12 12 10 47 
11 27 5 3 6 50 1 92 3 25 13 95 10 87 12 12 9 1 7 55 0 75 2 39 14 75 8 16 4 60 
8 52 4 73 7 36 11 95 3 38 10 26 12 4 9 27 2 97 14 53 1 56 5 52 0 52 6 63 13 71 
10 25 13 2 7 26 9 13 1 24 11 73 2 37 8 85 3 31 14 8 6 84 0 44 4 24 12 88 5 23 
7 16 3 22 2 98 12 14 1 39 5 18 11 8 13 45 10 36 0 15 8 32 6 60 4 89 9 81 14 55 
4 65 5 76 10 95 1 98 6 99 11 31 13 56 9 99 2 89 12 34 7 81 3 18 14 98 8 37 0 84 
1 11 12 47 3 20 7 62 4 78 14 19 13 12 5 1 8 71 2 28 10 25 0 45 6 36 9 88 11 89 
3 92 12 47 2 72 13 17 14 77 9 51 1 86 11 3 8 95 5 1 7 53 10 13 6 44 4 83 0 13 
13 15 5 39 7 68 2 43 12 76 4 26 8 36 0 62 6 79 1 15 11 84 3 9 9 27 10 69 14 19 
13 98 5 53 0 77 1 49 14 58 10 15 3 6 8 2 4 4 7 42 12 70 11 1 6 52 9 11 2 59 
12 22 1 97 6 39 14 36 11 51 0 76 5 94 13 40 7 1 4 35 8 84 2 39 10 33 3 52 9 64 
13 36 0 48 4 4 1 3 12 42 2 22 3 31 10 52 11 18 8 8 9 47 14 77 7 22 5 49 6 58 
14 77 9 99 1 68 10 97 12 91 3 58 13 46 6 67 8 92 7 65 4 62 2 38 5 10 0 29 11 61 
7 62 2 11 5 16 0 86 11 7 13 63 6 91 4 44 14 88 8 58 10 26 9 53 1 14 12 72 3 60 
5 38 3 31 4 44 8 97 14 97 9 88 12 15 0 93 6 61 2 84 13 37 1 48 11 66 10 81 7 62 
3 98 12 80 1 88 6 66 9 62 10 37 13 98 8 73 14 60 2 72 7 72 11 68 4 15 5 62 0 4 
4 29 11 83 3 92 0 74 10 5 14 94 8 79 1 93 2 51 12 7 5 84 7 96 6 25 9 69 13 98 
11 62 4 62 13 68 8 91 12 51 5 70 2 80 1 43 14 87 9 52 6 34 3 86 10 69 7 21 0 93 
4 44 12 37 5 33 7 58 0 50 6 84 3 49 14 19 1 73 13 44 9 84 2 91 11 75 10 12 8 33 
9 98 10 69 5 62 8 55 1 57 14 16 13 14 4 39 6 25 11 22 0 49 7 18 12 47 3 33 2 73 
6 83 1 26 9 10 10 85 12 17 11 99 4 87 8 31 2 4 5 91 14 97 3 94 0 9 7 76 13 40 
2 86 5 84 4 6 1 21 8 76 13 96 7 3 9 66 11 30 14 95 12 56 3 23 0 93 10 20 6 16 
5 45 12 48 14 81 9 55 7 28 8 90 6 48 1 9 11 44 10 56 13 5 0 92 4 36 3 24 2 14 
5 59 4 81 9 13 1 86 11 69 8 61 13 61 2 27 10 31 3 83 14 50 7 28 12 21 6 3 0 97 
6 38 12 27 1 22 2 98 10 99 4 79 11 86 13 93 5 58 7 67 3 25 0 84 9 28 14 39 8 88 
6 76 0 2 2 28 5 83 13 41 10 64 14 10 3 1 4 61 1 25 11 91 8 12 9 16 12 45 7 55 
6 47 2 94 7 37 12 97 1 31 3 93 11 79 8 55 0 11 4 88 10 12 14 75 13 7 5 80 9 29 
0 5 13 70 12 93 5 77 11 75 3 4 2 37 10 39 8 35 9 35 4 92 6 52 1 60 7 63 14 90 
4 77 1 57 6 43 0 33 7 16 2 33 3 4 12 1 13 98 10 96 11 73 5 76 8 85 9 88 14 88 
14 35 13 95 7 80 2 89 8 75 1 68 3 83 12 16 6 32 10 54 11 73 9 65 4 38 0 16 5 22 
12 81 4 72 10 14 14 64 1 20 3 39 7 50 0 86 13 46 6 76 11 52 2 34 8 1 5 59 9 13 
14 87 13 31 12 28 10 18 9 20 0 93 8 57 1 54 3 28 4 10 7 31 5 25 6 45 11 81 2 44 
7 20 1 11 0 38 14 57 4 35 10 53 2 21 13 43 8 80 5 95 12 29 9 22 6 23 11 8 3 42 
13 88 6 86 5 45 3 87 12 97 0 78 2 87 1 90 8 83 11 52 10 87 9 28 14 1 7 50 4 32 
3 2 11 1 0 76 10 96 13 62 12 85 1 82 6 15 4 11 14 62 7 11 5 76 8 65 2 97 9 32 
8 20 3 48 7 12 6 81 11 38 12 14 10 46 14 65 2 83 0 93 1 32 5 40 13 88 4 43 9 14 
9 78 10 44 2 4 6 36 12 54 0 43 13 67 5 42 1 9 4 33 7 82 14 45 8 17 3 58 11 81 
13 58 8 4 9 98 3 42 2 95 5 16 1 20 4 99 7 29 6 99 14 59 0 68 11 10 12 36 10 13 
10 64 12 21 14 24 9 25 2 65 11 55 3 41 13 24 7 39 6 75 4 71 5 58 0 30 8 78 1 96 
8 61 10 99 1 74 14 58 3 39 5 5 6 90 2 26 0 3 4 54 11 5 12 85 7 43 9 5 13 52 
