20 20 
0 17 17 58 19 43 7 54 3 99 6 46 8 40 18 28 5 32 14 62 2 57 16 16 15 31 10 89 9 99 1 35 13 72 12 36 11 88 4 20 
16 46 17 37 1 74 11 20 8 99 5 56 3 25 0 77 4 94 18 22 9 69 19 98 14 8 15 30 13 78 12 46 10 63 6 95 2 15 7 46 
19 28 5 17 12 42 18 88 2 30 17 25 13 26 0 37 10 17 4 3 3 20 1 76 11 91 16 38 6 57 7 37 15 22 14 24 8 84 9 99 
2 79 7 23 14 22 18 56 12 72 3 4 8 39 17 19 5 60 11 2 4 71 10 92 9 2 16 97 19 26 6 75 13 67 1 6 0 25 15 40 
9 3 14 87 1 22 10 5 11 11 13 89 5 33 12 16 0 9 7 66 3 35 16 8 8 94 2 58 6 88 4 13 18 54 17 44 19 64 15 42 
13 36 16 50 6 99 17 74 14 36 18 41 7 67 4 24 2 41 19 67 11 50 0 83 9 45 1 34 10 33 3 97 12 16 8 77 5 30 15 24 
17 63 5 77 11 69 3 19 2 93 7 86 10 66 16 71 0 41 18 80 8 49 4 13 14 99 9 21 13 80 12 54 6 67 19 28 15 90 1 32 
17 90 14 42 7 86 2 60 9 94 11 68 0 47 3 27 16 71 19 53 15 65 6 40 1 66 10 14 8 36 4 57 13 14 12 14 5 88 18 24 
4 81 0 49 8 72 11 91 2 48 9 47 13 15 19 77 5 11 16 65 10 67 6 76 7 44 3 81 17 54 15 79 18 84 1 86 12 23 14 39 
0 46 7 5 12 25 17 90 3 81 8 29 10 84 11 1 19 12 4 79 1 36 5 22 9 33 16 12 6 30 18 40 2 80 14 84 15 12 13 22 
19 32 10 75 1 66 8 37 13 56 4 82 3 71 2 55 12 77 5 99 16 45 17 70 18 70 11 67 7 21 15 43 14 67 9 37 6 94 0 92 
2 41 6 59 13 5 1 12 4 42 14 49 12 15 18 53 5 36 7 57 19 88 11 17 9 66 0 36 16 72 15 99 3 48 10 99 17 77 8 27 
16 3 18 21 4 52 5 37 9 86 10 25 6 84 15 96 7 60 13 10 8 10 0 66 14 75 12 69 1 34 3 71 19 88 17 7 11 99 2 50 
6 12 9 31 4 36 5 5 3 3 2 75 17 12 12 42 19 42 10 94 8 40 7 88 18 72 0 95 11 36 15 87 16 85 1 73 14 62 13 68 
12 17 3 42 4 48 18 75 0 54 14 11 15 31 10 71 16 56 7 56 9 16 11 22 1 97 19 61 2 4 13 50 8 19 6 90 5 24 17 91 
3 50 2 21 1 70 6 39 13 15 10 82 11 13 7 33 15 5 12 62 18 6 5 62 19 99 4 76 9 41 17 50 8 24 16 53 0 11 14 94 
11 90 15 97 19 84 12 97 13 57 4 40 0 38 9 55 5 75 10 53 16 83 3 47 17 85 8 79 18 5 14 15 2 71 1 43 6 62 7 51 
8 69 1 69 15 81 14 97 16 98 18 9 4 4 13 9 19 87 10 38 7 51 0 55 17 33 2 52 6 96 12 31 9 18 5 37 11 36 3 56 
3 37 19 97 14 37 18 79 13 36 12 82 16 86 0 80 5 99 17 47 15 25 10 85 2 16 8 53 9 59 4 22 7 46 11 70 1 71 6 90 
0 60 17 5 11 32 2 77 4 11 16 81 13 10 18 24 3 26 10 90 9 79 12 49 7 16 6 6 5 82 1 99 8 90 14 47 15 3 19 5 
