20 20 
3 98 14 10 12 52 5 62 18 50 13 49 9 86 19 59 11 92 6 56 10 24 4 49 2 71 7 30 15 32 16 78 8 11 17 15 0 17 1 91 
6 46 7 72 5 47 1 36 12 99 2 37 19 18 14 29 18 50 0 87 11 81 15 21 10 61 17 74 9 5 13 88 8 79 16 98 3 60 4 31 
11 14 14 55 7 37 17 59 9 87 10 60 3 80 2 69 16 27 4 61 1 23 0 16 18 17 8 83 13 55 6 5 5 2 12 38 15 82 19 99 
9 14 15 94 8 8 2 27 6 59 18 7 0 52 12 37 10 90 19 18 13 13 3 69 4 17 7 47 1 87 11 42 5 35 17 97 14 57 16 52 
16 50 3 53 17 97 6 29 0 74 15 63 9 87 10 55 13 49 18 88 1 9 14 27 5 59 19 50 4 87 12 64 2 42 11 87 8 94 7 24 
14 65 18 7 10 58 0 28 17 77 13 94 15 2 3 81 6 57 7 51 9 44 19 72 5 17 4 39 8 56 1 62 11 26 2 5 16 26 12 84 
19 37 17 48 18 55 15 77 2 48 16 61 10 44 9 32 4 68 14 24 12 81 3 60 1 34 11 87 7 76 6 65 13 90 5 15 8 24 0 21 
10 73 17 24 11 93 2 14 12 52 15 46 7 64 18 66 19 65 9 31 16 42 3 62 5 84 8 81 0 91 1 36 4 70 6 80 14 97 13 74 
7 91 16 86 17 4 2 40 4 2 5 58 8 89 0 39 12 58 18 50 6 29 11 33 13 28 15 75 14 64 19 39 1 76 9 29 3 55 10 83 
7 69 0 47 14 90 16 65 11 78 2 56 13 89 15 70 3 61 19 75 6 50 9 94 17 14 1 1 4 39 18 23 5 72 12 24 10 23 8 6 
9 80 17 85 0 53 18 43 3 98 15 24 11 22 5 91 8 34 1 79 4 61 19 68 7 59 2 94 13 49 14 25 6 64 16 13 10 76 12 92 
1 81 17 53 14 15 0 98 18 38 2 44 9 84 5 95 13 79 6 27 16 9 12 89 10 74 11 38 4 74 3 2 15 34 19 57 7 1 8 53 
5 34 8 9 9 35 7 65 10 26 0 99 11 33 14 33 4 25 6 1 12 18 15 73 16 25 19 90 3 53 1 66 13 97 18 12 2 29 17 88 
18 95 10 67 15 37 14 84 9 80 3 32 12 88 6 39 4 16 17 85 16 94 2 87 7 23 5 79 11 14 0 24 8 99 19 41 13 78 1 43 
5 85 8 50 6 70 10 61 2 56 7 94 14 45 17 1 0 82 11 25 3 48 19 49 18 24 12 86 13 88 1 21 4 57 9 13 16 70 15 87 
13 64 18 83 8 88 4 79 16 28 6 75 0 68 10 22 15 58 7 9 9 96 11 30 12 84 17 14 19 30 3 31 1 16 2 73 5 83 14 1 
10 69 17 9 4 60 5 69 12 30 15 49 16 64 1 83 11 83 6 70 18 38 3 40 8 43 9 74 0 26 7 69 19 78 14 30 13 44 2 14 
5 64 7 56 0 26 15 16 3 71 17 58 9 5 2 78 11 78 16 97 8 9 12 48 6 65 19 10 14 62 10 66 4 49 18 72 1 89 13 33 
17 24 4 9 11 15 3 48 16 16 14 17 0 56 7 27 15 25 19 5 9 94 5 14 12 38 18 6 6 78 13 98 10 80 8 60 1 63 2 19 
11 87 8 77 12 33 0 98 18 46 3 28 17 39 2 63 10 80 9 54 13 84 6 36 7 92 15 99 4 79 16 70 14 91 5 49 1 93 19 5 
