20 20 
2 93 8 36 4 67 7 38 5 60 14 40 18 53 3 28 15 70 9 40 10 72 16 6 17 1 6 79 11 82 19 17 1 83 12 52 13 76 0 18 
12 11 4 67 7 7 18 81 11 81 1 18 5 6 8 74 16 17 9 8 15 91 10 4 2 68 6 95 3 96 13 49 19 54 0 14 17 3 14 97 
5 54 1 36 7 78 17 43 12 99 3 15 9 68 15 19 16 74 19 20 10 70 18 96 4 38 14 52 6 99 13 4 11 15 8 60 0 32 2 18 
12 6 18 79 19 21 0 75 6 23 1 30 13 81 8 23 5 89 10 6 15 77 7 70 9 84 14 19 3 54 4 40 16 46 11 96 2 10 17 60 
19 24 6 25 2 51 10 34 11 78 1 99 15 55 13 31 9 89 4 24 0 77 14 18 7 11 3 51 16 71 12 69 5 19 17 14 18 1 8 73 
14 65 2 25 10 42 16 55 18 87 6 82 9 20 7 5 12 98 0 76 11 96 1 63 3 68 4 83 8 93 17 12 15 51 5 41 13 94 19 67 
16 50 14 73 9 98 17 49 19 52 10 87 4 9 7 14 8 60 3 48 0 27 2 53 5 24 15 85 12 5 11 20 18 30 1 9 13 85 6 11 
18 26 11 30 9 48 6 84 16 94 15 47 2 84 0 80 12 62 1 76 5 31 13 12 19 87 3 99 10 20 14 51 7 4 4 34 17 40 8 17 
2 41 12 1 6 78 5 52 17 52 4 5 16 29 11 70 9 59 0 99 1 39 18 6 15 89 8 62 3 20 13 75 10 62 7 21 14 1 19 53 
9 16 17 31 3 22 2 78 10 79 11 91 4 15 12 12 15 49 19 46 8 11 16 9 7 44 14 75 5 69 13 21 0 16 18 57 1 29 6 1 
16 33 7 77 1 76 14 59 13 80 17 76 2 48 18 58 9 16 6 98 12 66 5 53 8 63 0 32 11 99 15 36 3 54 10 7 19 64 4 42 
17 16 13 46 3 69 10 16 9 33 7 58 2 3 4 70 5 25 16 96 1 99 19 28 6 16 11 11 14 96 8 70 18 47 0 9 15 68 12 24 
5 77 3 40 13 85 14 73 2 19 0 35 15 33 6 66 1 45 10 39 8 97 19 4 11 59 16 63 18 34 9 57 17 87 4 45 12 46 7 16 
11 51 6 60 16 88 17 38 4 6 13 24 7 20 12 92 2 72 19 60 1 19 14 5 3 93 5 77 8 83 0 99 18 32 10 57 15 10 9 82 
18 53 2 17 3 47 15 79 1 46 16 15 17 34 19 97 0 69 7 48 9 10 6 73 8 6 13 94 5 93 14 60 11 10 10 9 4 15 12 82 
13 29 18 68 7 40 14 24 2 58 15 31 19 82 1 35 12 3 4 90 0 2 3 3 8 24 5 83 6 15 10 19 17 72 16 98 11 3 9 31 
10 64 5 21 3 53 11 55 8 66 6 65 4 73 15 97 16 26 12 40 0 9 9 40 7 52 19 26 17 24 2 86 18 43 1 14 14 60 13 11 
6 42 9 15 0 13 19 95 10 15 15 33 18 64 4 52 1 89 3 22 13 29 7 4 14 92 16 36 12 48 11 29 17 51 2 13 5 52 8 52 
5 93 17 94 3 53 16 74 1 1 0 80 9 17 11 40 8 43 18 65 4 92 12 32 7 95 15 8 19 82 2 68 6 86 10 26 14 1 13 22 
6 87 18 66 11 85 15 78 14 70 2 18 4 89 7 78 12 5 3 12 19 48 8 28 17 20 13 23 10 29 9 80 5 19 1 44 0 84 16 29 
