20 20 
1 67 11 30 19 54 18 69 8 25 17 82 5 56 3 96 9 25 13 28 0 62 12 82 14 60 16 59 2 61 10 82 7 87 4 5 15 14 6 95 
10 43 5 24 6 71 3 16 4 59 11 43 8 2 16 10 13 5 0 32 2 18 14 54 19 32 15 58 7 71 12 47 18 5 1 7 17 35 9 90 
18 54 1 20 2 58 3 96 4 17 0 82 12 64 14 86 15 61 8 43 6 42 19 92 16 37 11 29 5 2 13 89 7 59 17 48 10 27 9 42 
18 16 11 91 2 54 8 85 19 94 1 39 14 23 0 63 16 60 9 36 10 48 7 32 3 6 13 54 5 47 4 22 12 65 6 23 15 79 17 74 
10 26 7 12 9 89 0 6 12 83 17 82 8 23 3 25 2 43 14 61 1 43 18 16 6 76 11 37 13 72 4 41 16 59 15 57 19 34 5 40 
14 99 15 32 4 26 1 82 7 48 11 44 5 8 17 70 19 39 2 39 13 82 10 43 16 46 3 76 8 43 6 6 12 62 9 84 0 92 18 6 
18 19 11 97 8 19 19 75 10 31 12 16 16 19 3 7 6 96 15 23 0 50 5 52 2 42 14 2 4 77 7 40 17 39 9 12 1 73 13 4 
13 11 14 91 1 2 0 80 9 85 2 85 15 64 6 51 3 3 18 73 19 5 7 80 11 2 4 94 12 20 5 83 16 43 8 28 17 6 10 75 
14 4 1 12 7 65 12 50 4 61 15 29 5 35 2 66 10 54 9 98 0 31 6 5 16 17 8 78 3 35 18 78 13 7 17 2 19 11 11 75 
16 11 1 85 4 38 17 54 8 65 9 18 2 79 11 15 18 34 12 11 0 80 5 9 13 95 19 48 14 22 10 10 6 38 7 91 3 97 15 46 
8 72 7 47 15 74 1 76 6 34 13 36 12 53 10 83 11 96 4 47 3 59 9 25 18 7 17 75 14 26 0 86 2 12 19 24 5 77 16 89 
18 36 11 5 15 55 17 17 14 61 6 18 3 38 2 33 13 57 0 35 7 56 1 36 9 57 4 82 12 80 10 42 16 51 5 71 19 23 8 26 
2 85 7 84 5 37 15 59 14 20 3 56 19 47 4 86 11 66 9 97 10 67 8 26 18 97 16 35 0 60 1 32 6 5 13 22 17 16 12 11 
4 31 16 14 17 34 0 3 11 59 1 78 15 58 7 95 6 10 2 39 14 96 12 25 13 97 18 6 10 8 8 82 3 34 19 20 5 55 9 11 
17 50 16 40 13 33 12 52 4 44 19 11 8 58 10 49 9 89 18 96 14 88 2 20 11 89 7 68 1 96 0 71 5 89 6 63 3 57 15 77 
2 48 0 35 18 84 10 11 9 74 16 40 8 28 7 85 11 21 6 18 17 11 19 37 15 48 5 70 3 94 12 73 4 31 14 89 1 58 13 94 
6 4 0 6 13 77 12 11 4 42 1 72 10 17 14 90 7 73 15 92 9 68 8 44 11 42 5 64 17 9 3 43 2 24 18 34 19 97 16 12 
12 26 2 98 9 70 11 79 13 78 3 8 14 99 10 41 1 48 0 21 16 56 18 69 8 59 7 64 17 82 4 10 5 96 19 60 6 17 15 16 
18 41 13 82 8 63 17 99 5 32 10 3 15 84 14 73 2 87 11 11 7 54 12 38 9 76 4 31 19 82 3 88 16 62 1 5 0 77 6 25 
1 46 15 17 10 16 19 40 12 56 0 61 8 70 6 51 5 96 18 51 11 25 7 39 16 10 3 65 13 18 14 34 9 66 2 78 4 37 17 84 
