20 20 
10 95 14 36 17 69 12 8 1 52 16 52 15 91 3 21 9 21 2 27 13 29 6 37 19 33 18 42 5 71 0 58 7 65 11 68 8 98 4 49 
15 36 18 68 12 88 1 53 8 20 0 26 13 13 10 2 4 30 14 77 19 35 2 46 11 69 3 16 9 70 5 45 16 95 17 36 7 32 6 26 
3 9 0 62 8 86 2 16 4 43 9 76 14 86 12 89 5 63 1 30 7 48 16 96 11 97 6 25 18 90 19 44 13 31 15 47 10 57 17 95 
7 6 12 99 17 38 13 37 4 1 19 64 18 47 5 96 15 37 9 1 3 95 2 20 6 15 11 84 8 99 0 16 16 62 1 72 14 30 10 59 
6 46 7 27 12 72 1 71 18 79 17 17 13 21 11 8 2 39 8 56 9 19 15 17 19 67 16 99 3 49 14 77 10 29 4 44 0 71 5 8 
4 67 17 87 1 31 2 66 16 73 12 88 8 3 19 29 18 85 14 57 0 23 15 63 11 14 9 82 7 94 5 83 10 32 3 67 13 57 6 97 
4 28 0 73 9 33 6 88 8 80 2 19 1 1 13 37 19 80 12 31 16 85 18 85 7 69 17 61 3 60 14 13 10 45 15 78 5 73 11 99 
18 75 5 89 13 98 12 28 8 78 7 61 10 95 11 45 15 80 14 25 17 55 3 87 9 23 19 83 2 60 16 37 6 78 4 42 0 16 1 18 
15 26 17 60 16 78 13 5 6 63 0 23 9 85 11 31 5 10 18 91 3 20 14 65 10 46 4 69 8 18 1 98 19 77 12 5 7 15 2 93 
1 73 3 26 6 21 13 86 5 67 11 5 17 51 19 44 0 16 14 12 10 82 2 56 8 95 9 5 18 9 4 68 16 92 7 40 15 80 12 85 
1 41 5 23 18 75 15 86 8 47 12 77 16 25 17 13 11 48 3 86 19 94 7 91 9 20 13 97 2 25 4 55 0 94 6 2 10 18 14 33 
14 95 2 28 5 1 0 25 19 39 4 8 9 54 16 86 13 14 18 58 11 82 7 22 17 56 10 88 8 14 6 43 15 43 1 15 3 8 12 20 
19 91 3 65 4 30 12 65 13 20 8 71 5 47 7 55 15 53 0 35 18 21 10 89 11 84 1 5 14 81 9 73 6 54 17 96 16 19 2 88 
6 37 4 19 3 17 11 14 14 33 5 29 19 21 7 75 12 45 2 5 16 61 10 3 9 10 15 40 17 58 18 11 8 89 13 57 0 91 1 12 
19 26 18 86 2 74 11 66 8 96 17 2 5 64 4 81 14 25 15 68 1 81 13 17 3 26 6 11 0 37 10 81 7 73 16 97 9 17 12 54 
14 91 4 57 11 62 12 5 16 89 3 13 7 4 5 23 1 95 17 40 9 97 13 98 18 11 6 59 8 40 2 13 19 25 15 19 10 23 0 97 
17 16 18 23 5 21 6 95 0 12 12 31 13 18 8 23 10 88 9 89 7 93 3 75 2 96 1 25 15 23 19 91 11 67 14 51 16 83 4 32 
13 42 2 8 10 45 9 60 3 95 4 90 18 7 1 48 11 16 8 18 7 76 0 46 17 4 6 72 19 60 12 44 15 62 16 54 14 86 5 35 
14 43 7 70 13 79 2 54 1 36 3 37 4 83 17 99 5 49 12 7 8 11 19 85 16 76 0 83 15 95 6 78 18 37 10 76 11 8 9 18 
3 10 17 91 0 35 15 65 16 11 19 91 12 31 8 67 6 33 1 78 13 86 9 9 2 92 4 98 7 59 5 61 10 94 18 9 14 95 11 26 
