20 20 
16 24 2 87 7 45 17 37 10 60 5 16 14 24 15 53 1 20 8 22 3 85 19 23 0 39 6 93 18 96 9 96 11 32 13 69 4 40 12 34 
18 44 6 41 8 58 12 1 13 66 4 62 9 61 1 49 2 38 3 35 5 33 16 62 10 24 0 14 15 50 14 42 19 37 17 76 7 40 11 25 
15 28 16 44 14 85 11 54 6 24 7 59 0 46 3 17 2 72 10 97 12 76 17 18 9 95 19 41 1 33 13 33 5 98 4 54 8 58 18 40 
12 76 7 77 2 76 4 69 16 2 18 52 3 29 15 97 5 3 8 73 14 89 19 78 6 87 10 53 0 27 17 40 9 89 13 8 11 88 1 96 
8 46 4 45 7 63 19 92 12 66 3 68 15 75 18 99 10 76 11 1 16 88 0 61 6 61 2 90 13 76 17 58 5 5 9 66 1 63 14 72 
7 45 6 74 0 75 11 94 18 60 4 4 10 12 14 19 15 41 12 71 8 22 3 80 13 47 17 56 1 20 16 80 2 97 9 8 19 99 5 11 
18 84 19 80 10 13 11 8 9 49 16 29 1 10 14 34 5 34 6 48 3 39 4 1 12 85 0 17 15 10 8 96 2 54 13 90 17 12 7 32 
19 69 15 92 4 67 1 41 11 92 5 4 14 10 7 29 3 78 2 96 16 40 12 15 6 10 8 56 17 54 18 82 0 78 10 21 9 1 13 14 
5 19 10 91 1 54 14 79 15 31 16 30 12 67 18 21 2 77 19 71 8 93 11 26 7 66 13 45 3 35 9 66 6 26 4 64 17 11 0 8 
15 46 4 34 2 42 6 73 19 7 11 2 9 69 16 88 14 18 12 5 3 18 0 21 5 19 18 90 10 78 1 55 8 39 17 28 7 20 13 60 
10 53 1 85 12 4 11 6 17 93 14 8 13 39 18 30 5 95 19 26 0 76 2 1 15 87 16 68 3 1 8 71 4 61 9 39 6 26 7 36 
13 83 5 46 12 37 14 90 10 48 2 2 17 56 11 50 18 30 3 45 16 8 7 17 1 71 0 80 4 99 8 57 15 53 19 74 6 17 9 24 
16 93 3 42 2 61 12 88 17 25 11 23 0 55 9 59 6 17 14 21 4 86 19 38 13 97 1 42 7 52 18 79 10 73 15 22 8 19 5 61 
3 66 16 22 17 27 19 67 8 82 5 75 2 12 6 91 4 83 0 95 11 63 7 40 18 85 12 50 13 53 10 60 15 25 14 81 9 39 1 26 
8 13 13 90 18 33 17 85 5 33 9 55 12 29 19 69 7 49 0 1 3 51 10 66 14 40 6 25 1 22 11 81 15 31 2 17 4 74 16 15 
18 94 13 78 2 33 8 42 15 97 3 90 11 25 12 91 14 46 7 14 16 3 5 40 4 39 9 6 0 99 10 53 6 8 17 52 19 36 1 8 
10 11 15 90 3 83 6 75 5 8 17 34 11 21 13 77 4 22 19 34 16 62 1 19 9 18 0 37 14 33 2 78 18 83 8 58 12 12 7 22 
5 68 7 18 11 88 19 97 6 45 9 11 0 10 16 64 12 62 3 81 18 3 10 46 2 17 15 35 14 95 4 85 1 27 17 48 8 6 13 84 
16 15 3 20 6 15 12 17 19 88 4 97 17 69 13 50 10 95 2 50 8 50 18 26 0 57 1 58 9 55 14 43 15 70 5 97 11 93 7 31 
5 61 8 90 10 40 17 32 0 13 19 8 7 47 13 18 14 7 18 36 4 21 9 73 15 78 3 88 1 7 11 93 2 53 6 13 16 66 12 41 
