20 20 
1 20 3 95 19 94 7 89 2 66 15 90 16 19 4 25 11 92 6 77 12 10 14 96 18 97 8 77 17 69 5 29 9 5 10 84 0 35 13 37 
7 19 0 60 1 23 15 7 18 92 4 53 8 71 14 94 3 6 17 69 19 38 13 29 9 70 6 86 2 81 5 60 12 3 10 26 16 24 11 73 
12 5 15 58 9 75 3 70 6 1 19 66 10 42 5 23 4 57 7 56 13 83 18 63 11 96 14 65 0 35 2 93 1 34 16 73 8 55 17 30 
6 82 13 63 11 75 9 84 14 54 0 2 10 98 8 76 19 28 5 72 1 45 12 29 4 50 3 14 18 86 16 9 2 61 15 8 17 47 7 66 
8 12 2 38 16 61 7 34 3 14 15 96 13 32 10 90 4 78 19 81 12 74 14 23 5 88 17 16 11 13 1 50 0 48 9 90 6 41 18 24 
14 55 0 93 15 48 3 15 16 45 2 27 18 49 13 9 10 27 11 11 9 30 8 96 5 74 17 33 19 2 6 53 1 2 12 97 7 26 4 56 
10 79 13 6 17 68 18 52 8 75 4 70 7 35 2 51 6 7 12 43 5 46 1 73 0 54 11 7 14 34 15 23 19 63 16 70 3 82 9 97 
7 9 11 34 19 73 18 44 13 5 3 46 10 47 2 76 8 48 0 91 17 59 1 92 14 87 16 16 6 54 15 79 4 50 5 27 9 16 12 59 
1 9 17 54 16 68 5 78 14 6 2 64 18 46 19 83 13 10 0 60 7 82 15 94 10 42 12 19 8 83 4 56 9 67 6 56 3 98 11 46 
6 17 17 63 18 86 9 40 1 74 7 16 14 86 4 92 13 26 15 20 16 76 0 60 10 48 12 64 11 52 19 52 5 9 2 71 3 91 8 92 
2 77 11 31 14 23 16 85 12 93 18 31 17 50 15 75 6 92 4 11 10 19 8 60 0 92 7 18 19 94 5 42 1 35 13 93 3 84 9 63 
8 32 14 24 3 4 2 80 4 24 11 63 18 99 9 75 7 69 13 30 5 92 19 45 17 6 10 31 12 17 0 13 15 50 1 63 16 90 6 89 
16 31 2 51 17 61 9 42 4 2 19 60 5 69 13 49 6 24 0 99 10 26 12 50 8 90 11 84 15 21 14 10 3 44 1 87 18 29 7 10 
10 44 5 45 9 77 13 39 6 36 0 30 17 44 15 50 4 1 11 28 16 59 2 72 7 17 14 35 1 50 8 19 19 87 12 18 3 82 18 34 
0 21 13 21 14 46 9 39 16 88 18 57 4 1 19 31 10 23 15 70 6 18 11 30 7 81 2 4 17 49 1 46 5 52 8 6 3 76 12 90 
7 64 18 99 5 26 17 53 14 69 11 21 3 69 1 90 9 53 16 72 19 48 4 30 12 96 6 57 15 89 2 31 0 13 8 93 13 96 10 57 
9 87 11 46 2 30 5 64 8 97 10 41 18 41 0 19 15 65 6 7 4 60 12 57 3 96 17 62 16 64 1 45 13 71 7 75 14 78 19 46 
3 24 9 87 6 62 8 92 10 6 14 89 7 47 5 73 11 24 19 1 18 44 16 32 0 36 15 70 4 91 17 93 2 16 12 43 13 28 1 20 
9 20 13 74 8 21 2 64 7 61 3 38 19 45 17 54 4 59 18 42 6 38 5 42 1 37 14 23 0 1 15 31 10 47 16 87 11 37 12 81 
1 31 2 37 16 34 9 21 4 36 12 75 14 31 11 28 17 94 7 86 6 4 13 39 10 73 19 7 8 25 5 61 18 42 3 19 0 96 15 87 
