50 20 
12 93 8 21 11 51 7 86 6 91 17 17 5 47 13 60 18 82 2 51 3 7 15 20 9 33 4 29 14 45 10 51 0 89 1 8 16 53 19 70 
7 47 5 88 18 64 12 65 9 12 4 7 13 11 8 80 3 84 2 85 11 63 16 24 15 81 10 53 19 13 6 31 1 4 14 5 17 49 0 21 
14 34 9 97 8 75 19 58 12 95 15 26 10 33 16 44 5 85 7 7 18 54 17 9 11 46 0 22 4 13 1 31 3 83 2 70 6 86 13 54 
16 53 15 1 13 36 17 68 7 85 1 47 9 84 4 15 12 56 19 68 14 12 3 78 18 72 8 88 6 73 10 70 2 4 0 94 11 87 5 37 
2 76 1 49 5 5 3 37 12 77 11 5 14 43 10 56 13 38 9 16 7 66 18 28 16 6 8 56 15 18 6 74 19 56 0 19 4 81 17 95 
4 57 7 59 11 71 9 19 3 15 13 22 19 81 2 44 5 17 8 90 17 66 0 87 15 91 14 78 1 73 10 43 18 68 16 41 6 60 12 8 
7 22 13 75 16 32 0 61 18 95 14 16 17 73 2 34 19 37 5 4 12 50 15 31 9 58 4 11 6 32 10 40 3 24 1 63 11 19 8 57 
6 94 12 62 15 96 2 64 10 87 13 89 17 27 3 22 9 11 5 37 7 28 16 46 1 21 14 48 4 36 0 55 19 86 8 26 11 67 18 49 
9 51 15 18 10 12 3 89 4 20 11 10 14 57 12 59 2 89 8 36 5 34 0 64 1 91 7 99 16 52 6 73 18 80 13 20 17 23 19 55 
13 2 18 44 11 34 7 84 0 31 6 81 2 16 3 90 4 17 15 24 19 7 8 39 10 76 16 19 12 62 1 73 14 11 5 15 17 42 9 42 
10 54 7 42 4 35 19 44 18 82 9 12 13 78 15 70 5 44 11 51 16 15 14 10 6 38 2 57 3 12 1 71 8 17 12 13 17 13 0 40 
2 82 4 64 12 5 9 57 11 71 7 51 17 27 16 54 5 38 13 12 10 7 14 59 0 29 8 67 18 33 3 5 1 73 19 37 6 43 15 5 
4 18 0 88 13 92 10 93 19 77 12 45 14 73 16 39 11 80 3 4 7 97 1 82 17 56 2 6 9 5 8 24 5 77 18 46 15 77 6 52 
12 66 1 55 0 89 17 31 18 28 6 71 11 73 19 37 2 89 9 14 3 16 10 47 13 46 15 49 4 41 8 81 7 30 14 7 16 10 5 55 
0 69 17 65 3 8 16 92 8 54 9 41 7 33 15 81 14 37 13 57 19 9 4 25 12 62 5 29 10 68 11 41 2 25 18 49 1 92 6 14 
9 13 15 70 7 18 17 35 3 52 10 24 19 76 1 61 5 48 18 65 2 1 0 60 16 48 4 87 6 46 13 88 8 94 14 80 12 28 11 80 
13 65 6 58 9 51 15 44 10 68 16 56 5 50 4 62 17 16 12 26 2 85 18 14 0 52 19 77 11 13 1 41 14 10 3 46 8 91 7 25 
16 86 1 13 4 5 10 64 5 17 6 88 0 24 3 49 19 43 7 10 12 2 11 66 13 40 15 95 8 19 2 48 14 95 18 84 9 83 17 52 
12 31 16 51 0 24 2 81 6 76 18 44 4 22 1 25 7 35 3 99 11 52 5 6 19 28 13 91 8 10 15 79 17 20 14 30 10 92 9 28 
6 85 13 49 19 22 3 60 8 71 0 66 2 35 4 41 10 7 1 66 7 57 18 64 9 22 14 60 16 89 12 80 17 15 5 53 11 69 15 4 
0 17 17 58 19 43 7 54 3 99 6 46 8 40 18 28 5 32 14 62 2 57 16 16 15 31 10 89 9 99 1 35 13 72 12 36 11 88 4 20 
16 46 17 37 1 74 11 20 8 99 5 56 3 25 0 77 4 94 18 22 9 69 19 98 14 8 15 30 13 78 12 46 10 63 6 95 2 15 7 46 
19 28 5 17 12 42 18 88 2 30 17 25 13 26 0 37 10 17 4 3 3 20 1 76 11 91 16 38 6 57 7 37 15 22 14 24 8 84 9 99 
2 79 7 23 14 22 18 56 12 72 3 4 8 39 17 19 5 60 11 2 4 71 10 92 9 2 16 97 19 26 6 75 13 67 1 6 0 25 15 40 
9 3 14 87 1 22 10 5 11 11 13 89 5 33 12 16 0 9 7 66 3 35 16 8 8 94 2 58 6 88 4 13 18 54 17 44 19 64 15 42 
13 36 16 50 6 99 17 74 14 36 18 41 7 67 4 24 2 41 19 67 11 50 0 83 9 45 1 34 10 33 3 97 12 16 8 77 5 30 15 24 
17 63 5 77 11 69 3 19 2 93 7 86 10 66 16 71 0 41 18 80 8 49 4 13 14 99 9 21 13 80 12 54 6 67 19 28 15 90 1 32 
17 90 14 42 7 86 2 60 9 94 11 68 0 47 3 27 16 71 19 53 15 65 6 40 1 66 10 14 8 36 4 57 13 14 12 14 5 88 18 24 
4 81 0 49 8 72 11 91 2 48 9 47 13 15 19 77 5 11 16 65 10 67 6 76 7 44 3 81 17 54 15 79 18 84 1 86 12 23 14 39 
0 46 7 5 12 25 17 90 3 81 8 29 10 84 11 1 19 12 4 79 1 36 5 22 9 33 16 12 6 30 18 40 2 80 14 84 15 12 13 22 
19 32 10 75 1 66 8 37 13 56 4 82 3 71 2 55 12 77 5 99 16 45 17 70 18 70 11 67 7 21 15 43 14 67 9 37 6 94 0 92 
2 41 6 59 13 5 1 12 4 42 14 49 12 15 18 53 5 36 7 57 19 88 11 17 9 66 0 36 16 72 15 99 3 48 10 99 17 77 8 27 
16 3 18 21 4 52 5 37 9 86 10 25 6 84 15 96 7 60 13 10 8 10 0 66 14 75 12 69 1 34 3 71 19 88 17 7 11 99 2 50 
6 12 9 31 4 36 5 5 3 3 2 75 17 12 12 42 19 42 10 94 8 40 7 88 18 72 0 95 11 36 15 87 16 85 1 73 14 62 13 68 
12 17 3 42 4 48 18 75 0 54 14 11 15 31 10 71 16 56 7 56 9 16 11 22 1 97 19 61 2 4 13 50 8 19 6 90 5 24 17 91 
3 50 2 21 1 70 6 39 13 15 10 82 11 13 7 33 15 5 12 62 18 6 5 62 19 99 4 76 9 41 17 50 8 24 16 53 0 11 14 94 
11 90 15 97 19 84 12 97 13 57 4 40 0 38 9 55 5 75 10 53 16 83 3 47 17 85 8 79 18 5 14 15 2 71 1 43 6 62 7 51 
8 69 1 69 15 81 14 97 16 98 18 9 4 4 13 9 19 87 10 38 7 51 0 55 17 33 2 52 6 96 12 31 9 18 5 37 11 36 3 56 
3 37 19 97 14 37 18 79 13 36 12 82 16 86 0 80 5 99 17 47 15 25 10 85 2 16 8 53 9 59 4 22 7 46 11 70 1 71 6 90 
0 60 17 5 11 32 2 77 4 11 16 81 13 10 18 24 3 26 10 90 9 79 12 49 7 16 6 6 5 82 1 99 8 90 14 47 15 3 19 5 
3 98 14 10 12 52 5 62 18 50 13 49 9 86 19 59 11 92 6 56 10 24 4 49 2 71 7 30 15 32 16 78 8 11 17 15 0 17 1 91 
6 46 7 72 5 47 1 36 12 99 2 37 19 18 14 29 18 50 0 87 11 81 15 21 10 61 17 74 9 5 13 88 8 79 16 98 3 60 4 31 
11 14 14 55 7 37 17 59 9 87 10 60 3 80 2 69 16 27 4 61 1 23 0 16 18 17 8 83 13 55 6 5 5 2 12 38 15 82 19 99 
9 14 15 94 8 8 2 27 6 59 18 7 0 52 12 37 10 90 19 18 13 13 3 69 4 17 7 47 1 87 11 42 5 35 17 97 14 57 16 52 
16 50 3 53 17 97 6 29 0 74 15 63 9 87 10 55 13 49 18 88 1 9 14 27 5 59 19 50 4 87 12 64 2 42 11 87 8 94 7 24 
14 65 18 7 10 58 0 28 17 77 13 94 15 2 3 81 6 57 7 51 9 44 19 72 5 17 4 39 8 56 1 62 11 26 2 5 16 26 12 84 
19 37 17 48 18 55 15 77 2 48 16 61 10 44 9 32 4 68 14 24 12 81 3 60 1 34 11 87 7 76 6 65 13 90 5 15 8 24 0 21 
10 73 17 24 11 93 2 14 12 52 15 46 7 64 18 66 19 65 9 31 16 42 3 62 5 84 8 81 0 91 1 36 4 70 6 80 14 97 13 74 
7 91 16 86 17 4 2 40 4 2 5 58 8 89 0 39 12 58 18 50 6 29 11 33 13 28 15 75 14 64 19 39 1 76 9 29 3 55 10 83 
7 69 0 47 14 90 16 65 11 78 2 56 13 89 15 70 3 61 19 75 6 50 9 94 17 14 1 1 4 39 18 23 5 72 12 24 10 23 8 6 
