50 20 
8 7 18 8 19 73 2 3 1 23 10 61 14 85 16 24 9 64 3 85 5 40 12 3 15 63 6 60 0 79 11 48 4 65 7 3 17 52 13 34 
15 22 4 83 14 97 19 42 9 77 16 47 5 27 3 49 6 87 8 31 0 11 18 10 2 28 12 98 10 6 11 50 7 22 1 18 13 99 17 54 
3 84 9 6 12 56 14 64 10 67 13 84 8 60 15 68 6 54 0 11 18 27 2 38 17 62 5 7 1 45 4 39 7 95 19 84 16 94 11 9 
4 54 1 21 9 22 11 80 13 26 8 47 7 19 16 13 18 63 3 21 2 10 5 90 17 50 19 18 10 17 0 78 15 18 6 2 12 16 14 31 
6 20 7 69 17 57 19 74 10 36 13 80 8 71 9 24 18 7 1 78 3 29 0 65 11 46 14 25 15 97 16 35 5 23 2 89 12 53 4 89 
15 44 10 70 9 37 14 46 16 50 8 90 18 66 2 6 17 10 6 52 13 98 19 45 1 62 0 39 5 62 11 13 3 96 7 51 4 56 12 60 
0 37 19 99 7 64 13 81 14 24 2 75 5 61 18 26 16 60 11 97 1 32 3 57 15 88 6 73 4 76 9 78 12 11 17 89 8 31 10 44 
11 62 17 84 4 96 3 64 15 58 16 91 8 31 10 25 6 41 13 28 14 72 18 15 1 54 9 16 0 25 5 72 7 31 12 68 2 13 19 30 
13 87 14 6 18 62 10 1 11 36 6 39 17 3 9 85 16 68 5 65 1 62 3 20 8 85 0 8 12 58 2 77 4 45 7 69 19 72 15 84 
16 39 12 81 11 53 0 36 2 74 7 36 18 5 1 44 13 25 15 49 8 78 6 43 17 22 4 86 5 32 9 26 19 64 3 5 14 63 10 53 
3 91 6 18 10 25 16 87 15 57 18 61 2 63 17 19 11 6 0 59 13 84 12 17 9 29 14 71 19 29 1 25 8 25 7 88 5 65 4 98 
2 18 0 69 18 64 9 13 10 66 14 97 19 3 13 71 7 31 8 41 16 57 6 18 3 97 15 88 5 4 11 5 12 31 17 30 1 19 4 36 
14 30 6 29 12 24 5 20 9 55 3 36 16 52 19 90 7 28 2 58 18 97 8 1 1 2 15 36 13 81 4 22 11 73 0 86 10 63 17 78 
1 76 8 6 4 36 16 62 19 50 10 43 12 1 7 85 9 6 5 68 6 49 14 97 13 45 18 46 15 60 17 98 3 83 0 59 2 26 11 90 
5 11 14 58 15 62 12 57 11 45 10 76 7 63 2 4 1 33 19 15 18 37 4 49 13 42 17 13 0 27 3 26 9 56 8 80 16 84 6 92 
13 50 19 88 12 61 6 3 10 14 9 9 14 41 15 75 7 75 17 54 4 15 2 63 1 73 3 42 5 52 8 47 16 26 11 40 18 11 0 26 
8 37 11 94 9 49 15 37 0 16 10 58 3 33 19 10 4 70 2 26 12 13 6 87 1 69 17 19 7 82 13 24 18 88 5 97 14 90 16 8 
4 40 10 33 12 88 18 76 14 31 8 90 17 69 3 30 5 64 19 48 1 38 15 46 0 62 11 14 9 19 2 81 16 96 6 16 13 77 7 53 
9 62 10 71 15 92 7 11 0 82 2 64 12 48 1 37 6 70 8 50 4 62 19 25 13 67 16 26 14 26 5 18 3 80 11 11 17 13 18 14 
10 78 19 36 5 54 18 80 11 57 17 60 3 31 12 65 16 92 4 25 7 35 6 5 14 82 9 84 1 87 2 1 8 19 0 46 13 32 15 40 
10 95 14 36 17 69 12 8 1 52 16 52 15 91 3 21 9 21 2 27 13 29 6 37 19 33 18 42 5 71 0 58 7 65 11 68 8 98 4 49 
15 36 18 68 12 88 1 53 8 20 0 26 13 13 10 2 4 30 14 77 19 35 2 46 11 69 3 16 9 70 5 45 16 95 17 36 7 32 6 26 
3 9 0 62 8 86 2 16 4 43 9 76 14 86 12 89 5 63 1 30 7 48 16 96 11 97 6 25 18 90 19 44 13 31 15 47 10 57 17 95 
7 6 12 99 17 38 13 37 4 1 19 64 18 47 5 96 15 37 9 1 3 95 2 20 6 15 11 84 8 99 0 16 16 62 1 72 14 30 10 59 
6 46 7 27 12 72 1 71 18 79 17 17 13 21 11 8 2 39 8 56 9 19 15 17 19 67 16 99 3 49 14 77 10 29 4 44 0 71 5 8 
4 67 17 87 1 31 2 66 16 73 12 88 8 3 19 29 18 85 14 57 0 23 15 63 11 14 9 82 7 94 5 83 10 32 3 67 13 57 6 97 
4 28 0 73 9 33 6 88 8 80 2 19 1 1 13 37 19 80 12 31 16 85 18 85 7 69 17 61 3 60 14 13 10 45 15 78 5 73 11 99 
18 75 5 89 13 98 12 28 8 78 7 61 10 95 11 45 15 80 14 25 17 55 3 87 9 23 19 83 2 60 16 37 6 78 4 42 0 16 1 18 
15 26 17 60 16 78 13 5 6 63 0 23 9 85 11 31 5 10 18 91 3 20 14 65 10 46 4 69 8 18 1 98 19 77 12 5 7 15 2 93 
1 73 3 26 6 21 13 86 5 67 11 5 17 51 19 44 0 16 14 12 10 82 2 56 8 95 9 5 18 9 4 68 16 92 7 40 15 80 12 85 
1 41 5 23 18 75 15 86 8 47 12 77 16 25 17 13 11 48 3 86 19 94 7 91 9 20 13 97 2 25 4 55 0 94 6 2 10 18 14 33 
14 95 2 28 5 1 0 25 19 39 4 8 9 54 16 86 13 14 18 58 11 82 7 22 17 56 10 88 8 14 6 43 15 43 1 15 3 8 12 20 
19 91 3 65 4 30 12 65 13 20 8 71 5 47 7 55 15 53 0 35 18 21 10 89 11 84 1 5 14 81 9 73 6 54 17 96 16 19 2 88 
6 37 4 19 3 17 11 14 14 33 5 29 19 21 7 75 12 45 2 5 16 61 10 3 9 10 15 40 17 58 18 11 8 89 13 57 0 91 1 12 
19 26 18 86 2 74 11 66 8 96 17 2 5 64 4 81 14 25 15 68 1 81 13 17 3 26 6 11 0 37 10 81 7 73 16 97 9 17 12 54 
14 91 4 57 11 62 12 5 16 89 3 13 7 4 5 23 1 95 17 40 9 97 13 98 18 11 6 59 8 40 2 13 19 25 15 19 10 23 0 97 
17 16 18 23 5 21 6 95 0 12 12 31 13 18 8 23 10 88 9 89 7 93 3 75 2 96 1 25 15 23 19 91 11 67 14 51 16 83 4 32 
13 42 2 8 10 45 9 60 3 95 4 90 18 7 1 48 11 16 8 18 7 76 0 46 17 4 6 72 19 60 12 44 15 62 16 54 14 86 5 35 
14 43 7 70 13 79 2 54 1 36 3 37 4 83 17 99 5 49 12 7 8 11 19 85 16 76 0 83 15 95 6 78 18 37 10 76 11 8 9 18 
3 10 17 91 0 35 15 65 16 11 19 91 12 31 8 67 6 33 1 78 13 86 9 9 2 92 4 98 7 59 5 61 10 94 18 9 14 95 11 26 
16 24 2 87 7 45 17 37 10 60 5 16 14 24 15 53 1 20 8 22 3 85 19 23 0 39 6 93 18 96 9 96 11 32 13 69 4 40 12 34 
18 44 6 41 8 58 12 1 13 66 4 62 9 61 1 49 2 38 3 35 5 33 16 62 10 24 0 14 15 50 14 42 19 37 17 76 7 40 11 25 
15 28 16 44 14 85 11 54 6 24 7 59 0 46 3 17 2 72 10 97 12 76 17 18 9 95 19 41 1 33 13 33 5 98 4 54 8 58 18 40 
12 76 7 77 2 76 4 69 16 2 18 52 3 29 15 97 5 3 8 73 14 89 19 78 6 87 10 53 0 27 17 40 9 89 13 8 11 88 1 96 
8 46 4 45 7 63 19 92 12 66 3 68 15 75 18 99 10 76 11 1 16 88 0 61 6 61 2 90 13 76 17 58 5 5 9 66 1 63 14 72 
7 45 6 74 0 75 11 94 18 60 4 4 10 12 14 19 15 41 12 71 8 22 3 80 13 47 17 56 1 20 16 80 2 97 9 8 19 99 5 11 
18 84 19 80 10 13 11 8 9 49 16 29 1 10 14 34 5 34 6 48 3 39 4 1 12 85 0 17 15 10 8 96 2 54 13 90 17 12 7 32 
19 69 15 92 4 67 1 41 11 92 5 4 14 10 7 29 3 78 2 96 16 40 12 15 6 10 8 56 17 54 18 82 0 78 10 21 9 1 13 14 
5 19 10 91 1 54 14 79 15 31 16 30 12 67 18 21 2 77 19 71 8 93 11 26 7 66 13 45 3 35 9 66 6 26 4 64 17 11 0 8 
15 46 4 34 2 42 6 73 19 7 11 2 9 69 16 88 14 18 12 5 3 18 0 21 5 19 18 90 10 78 1 55 8 39 17 28 7 20 13 60 
