50 20 
10 53 1 85 12 4 11 6 17 93 14 8 13 39 18 30 5 95 19 26 0 76 2 1 15 87 16 68 3 1 8 71 4 61 9 39 6 26 7 36 
13 83 5 46 12 37 14 90 10 48 2 2 17 56 11 50 18 30 3 45 16 8 7 17 1 71 0 80 4 99 8 57 15 53 19 74 6 17 9 24 
16 93 3 42 2 61 12 88 17 25 11 23 0 55 9 59 6 17 14 21 4 86 19 38 13 97 1 42 7 52 18 79 10 73 15 22 8 19 5 61 
3 66 16 22 17 27 19 67 8 82 5 75 2 12 6 91 4 83 0 95 11 63 7 40 18 85 12 50 13 53 10 60 15 25 14 81 9 39 1 26 
8 13 13 90 18 33 17 85 5 33 9 55 12 29 19 69 7 49 0 1 3 51 10 66 14 40 6 25 1 22 11 81 15 31 2 17 4 74 16 15 
18 94 13 78 2 33 8 42 15 97 3 90 11 25 12 91 14 46 7 14 16 3 5 40 4 39 9 6 0 99 10 53 6 8 17 52 19 36 1 8 
10 11 15 90 3 83 6 75 5 8 17 34 11 21 13 77 4 22 19 34 16 62 1 19 9 18 0 37 14 33 2 78 18 83 8 58 12 12 7 22 
5 68 7 18 11 88 19 97 6 45 9 11 0 10 16 64 12 62 3 81 18 3 10 46 2 17 15 35 14 95 4 85 1 27 17 48 8 6 13 84 
16 15 3 20 6 15 12 17 19 88 4 97 17 69 13 50 10 95 2 50 8 50 18 26 0 57 1 58 9 55 14 43 15 70 5 97 11 93 7 31 
5 61 8 90 10 40 17 32 0 13 19 8 7 47 13 18 14 7 18 36 4 21 9 73 15 78 3 88 1 7 11 93 2 53 6 13 16 66 12 41 
5 30 0 28 14 68 9 17 16 42 15 30 4 69 7 91 18 70 19 66 11 71 17 49 1 29 6 22 12 65 8 58 3 68 13 58 2 8 10 21 
12 34 17 24 6 23 3 68 11 50 18 60 8 89 15 22 4 16 1 37 13 24 10 23 2 81 19 56 14 84 0 41 5 16 9 20 7 7 16 44 
19 40 6 44 11 57 4 52 16 78 8 74 17 37 18 66 7 37 14 64 9 26 2 87 15 81 5 57 3 3 0 80 1 71 10 60 12 69 13 51 
7 1 5 92 18 52 6 32 8 45 10 56 2 85 19 18 14 41 4 87 13 51 17 3 3 52 0 27 9 92 16 65 15 33 12 25 1 70 11 10 
13 58 10 82 7 74 12 19 9 11 2 14 5 74 14 5 11 24 15 47 4 12 16 8 18 43 1 51 17 56 3 6 6 70 19 53 8 99 0 15 
16 22 18 10 2 73 14 41 5 57 12 94 13 73 4 53 7 6 6 77 9 19 1 50 0 70 10 11 8 28 3 73 15 82 11 66 17 14 19 95 
8 43 10 93 13 28 2 34 16 90 17 77 1 10 4 78 9 11 19 62 5 27 7 64 14 93 0 58 6 49 18 33 12 42 15 18 3 41 11 61 
10 31 6 91 1 56 9 58 15 60 11 6 4 5 13 11 16 58 8 38 14 73 5 40 3 26 0 15 2 13 18 69 12 35 19 49 7 24 17 50 
7 51 3 64 0 3 8 96 4 49 2 25 17 19 13 84 18 7 1 67 9 81 19 78 10 61 15 67 14 22 6 20 16 20 11 40 5 1 12 7 
3 35 5 25 2 47 7 9 9 61 13 46 19 29 10 60 6 59 15 99 11 90 16 30 8 35 17 66 1 76 4 53 0 69 18 40 12 21 14 10 
1 47 4 96 13 13 2 96 8 12 15 88 19 84 17 50 14 16 12 17 5 68 0 44 7 20 9 88 3 75 11 53 6 11 18 85 16 94 10 60 
0 39 17 46 15 7 1 70 13 63 18 68 12 67 10 79 16 60 14 29 2 80 9 30 4 31 6 41 19 3 5 14 7 93 3 44 8 38 11 72 
18 74 12 5 8 20 6 44 14 35 11 18 7 4 1 34 0 44 19 49 17 72 9 12 2 66 4 61 3 66 15 10 16 52 5 7 13 31 10 20 
16 75 7 38 0 48 19 97 5 36 12 30 11 20 2 36 3 25 1 6 10 56 14 79 4 79 6 91 18 56 13 45 15 97 8 92 9 37 17 30 
15 86 18 87 5 42 2 31 4 46 13 88 17 11 19 30 3 90 11 5 12 64 6 21 16 29 9 67 0 11 8 48 7 2 1 65 14 62 10 55 
9 16 15 1 19 34 12 5 18 16 10 47 11 82 16 46 0 65 1 58 7 8 4 96 2 98 5 23 6 50 13 8 14 99 3 67 8 8 17 91 
18 29 2 48 11 36 1 84 0 84 8 8 19 14 6 60 12 92 4 98 15 71 5 89 3 90 10 7 9 6 7 30 14 54 13 47 16 11 17 21 
7 44 11 54 13 11 5 83 4 26 17 8 14 76 18 68 15 90 16 88 1 6 12 78 0 2 6 95 19 82 2 60 9 75 10 94 3 37 8 66 
5 55 16 58 9 35 10 80 14 91 3 69 7 96 15 58 12 27 13 6 18 4 0 55 4 24 2 2 19 42 11 73 17 36 8 17 6 77 1 30 
12 64 3 8 6 84 15 81 4 44 14 93 1 70 2 51 17 75 9 54 13 66 8 73 11 85 18 76 7 68 0 53 10 67 16 13 5 89 19 3 
1 20 3 95 19 94 7 89 2 66 15 90 16 19 4 25 11 92 6 77 12 10 14 96 18 97 8 77 17 69 5 29 9 5 10 84 0 35 13 37 
7 19 0 60 1 23 15 7 18 92 4 53 8 71 14 94 3 6 17 69 19 38 13 29 9 70 6 86 2 81 5 60 12 3 10 26 16 24 11 73 
12 5 15 58 9 75 3 70 6 1 19 66 10 42 5 23 4 57 7 56 13 83 18 63 11 96 14 65 0 35 2 93 1 34 16 73 8 55 17 30 
6 82 13 63 11 75 9 84 14 54 0 2 10 98 8 76 19 28 5 72 1 45 12 29 4 50 3 14 18 86 16 9 2 61 15 8 17 47 7 66 
8 12 2 38 16 61 7 34 3 14 15 96 13 32 10 90 4 78 19 81 12 74 14 23 5 88 17 16 11 13 1 50 0 48 9 90 6 41 18 24 
14 55 0 93 15 48 3 15 16 45 2 27 18 49 13 9 10 27 11 11 9 30 8 96 5 74 17 33 19 2 6 53 1 2 12 97 7 26 4 56 
10 79 13 6 17 68 18 52 8 75 4 70 7 35 2 51 6 7 12 43 5 46 1 73 0 54 11 7 14 34 15 23 19 63 16 70 3 82 9 97 
7 9 11 34 19 73 18 44 13 5 3 46 10 47 2 76 8 48 0 91 17 59 1 92 14 87 16 16 6 54 15 79 4 50 5 27 9 16 12 59 
1 9 17 54 16 68 5 78 14 6 2 64 18 46 19 83 13 10 0 60 7 82 15 94 10 42 12 19 8 83 4 56 9 67 6 56 3 98 11 46 
6 17 17 63 18 86 9 40 1 74 7 16 14 86 4 92 13 26 15 20 16 76 0 60 10 48 12 64 11 52 19 52 5 9 2 71 3 91 8 92 
2 77 11 31 14 23 16 85 12 93 18 31 17 50 15 75 6 92 4 11 10 19 8 60 0 92 7 18 19 94 5 42 1 35 13 93 3 84 9 63 
8 32 14 24 3 4 2 80 4 24 11 63 18 99 9 75 7 69 13 30 5 92 19 45 17 6 10 31 12 17 0 13 15 50 1 63 16 90 6 89 
16 31 2 51 17 61 9 42 4 2 19 60 5 69 13 49 6 24 0 99 10 26 12 50 8 90 11 84 15 21 14 10 3 44 1 87 18 29 7 10 
10 44 5 45 9 77 13 39 6 36 0 30 17 44 15 50 4 1 11 28 16 59 2 72 7 17 14 35 1 50 8 19 19 87 12 18 3 82 18 34 
0 21 13 21 14 46 9 39 16 88 18 57 4 1 19 31 10 23 15 70 6 18 11 30 7 81 2 4 17 49 1 46 5 52 8 6 3 76 12 90 
7 64 18 99 5 26 17 53 14 69 11 21 3 69 1 90 9 53 16 72 19 48 4 30 12 96 6 57 15 89 2 31 0 13 8 93 13 96 10 57 
9 87 11 46 2 30 5 64 8 97 10 41 18 41 0 19 15 65 6 7 4 60 12 57 3 96 17 62 16 64 1 45 13 71 7 75 14 78 19 46 
3 24 9 87 6 62 8 92 10 6 14 89 7 47 5 73 11 24 19 1 18 44 16 32 0 36 15 70 4 91 17 93 2 16 12 43 13 28 1 20 
9 20 13 74 8 21 2 64 7 61 3 38 19 45 17 54 4 59 18 42 6 38 5 42 1 37 14 23 0 1 15 31 10 47 16 87 11 37 12 81 
1 31 2 37 16 34 9 21 4 36 12 75 14 31 11 28 17 94 7 86 6 4 13 39 10 73 19 7 8 25 5 61 18 42 3 19 0 96 15 87 
