50 20 
0 36 10 86 14 1 8 29 17 6 9 36 7 23 19 17 2 94 16 54 1 38 4 8 3 99 5 56 11 23 15 16 12 21 18 14 6 28 13 43 
7 7 10 18 6 8 3 2 18 28 12 26 14 97 9 65 17 60 13 59 0 11 2 75 1 1 19 76 15 37 5 54 4 39 11 6 16 1 8 20 
7 91 10 68 16 43 2 21 4 76 11 53 12 42 6 75 1 52 15 39 8 65 0 78 14 14 3 25 19 15 18 26 17 39 5 88 9 77 13 24 
13 63 11 7 19 86 15 79 18 69 0 29 8 15 6 74 9 46 12 65 2 6 3 58 7 74 1 8 14 67 10 68 16 19 5 95 17 22 4 33 
5 79 2 60 16 52 9 5 1 16 3 65 13 22 7 96 18 80 19 11 8 80 14 76 10 74 17 37 12 24 4 32 0 78 6 92 15 52 11 80 
11 10 12 2 19 39 9 63 5 73 14 29 1 19 7 2 10 77 18 78 0 93 3 46 4 50 2 30 8 18 15 33 16 20 6 12 17 47 13 21 
6 68 10 61 3 18 12 14 8 25 17 26 2 99 16 10 7 41 15 15 18 59 5 70 13 47 4 8 9 26 1 11 11 82 0 15 14 78 19 36 
19 78 14 75 1 49 0 19 9 55 18 32 11 54 13 55 7 26 16 44 12 31 6 94 15 76 5 21 4 4 10 56 2 35 8 67 17 82 3 61 
15 56 12 49 17 16 2 8 6 8 3 82 1 37 13 47 4 74 10 85 19 94 8 7 18 98 11 59 7 83 14 19 5 40 16 93 9 48 0 52 
3 86 10 86 7 16 14 15 8 89 6 89 18 67 0 50 17 88 9 13 12 93 2 99 16 83 15 94 4 63 19 77 11 27 1 2 13 4 5 37 
11 1 7 53 19 44 8 24 5 38 14 60 17 4 6 82 18 21 15 85 9 28 13 81 4 20 2 86 0 4 10 81 16 11 12 63 1 47 3 44 
8 88 15 86 4 6 5 44 16 35 2 31 6 37 11 18 7 23 1 46 9 96 3 22 10 95 18 49 19 33 0 68 14 16 17 89 12 62 13 32 
19 6 9 87 15 9 5 17 10 22 1 56 12 63 7 69 18 81 16 90 4 45 3 36 8 88 13 94 17 71 14 16 11 84 0 32 6 74 2 41 
3 71 9 21 18 57 4 75 5 89 10 30 14 64 15 54 13 74 11 5 8 54 19 32 1 21 6 60 2 49 12 39 16 13 17 81 0 42 7 84 
12 47 17 43 11 23 13 38 14 16 6 36 2 64 8 79 9 41 1 91 3 93 18 17 15 2 0 84 5 14 19 46 4 94 7 6 16 39 10 24 
16 7 18 34 6 64 15 27 0 34 14 88 5 10 3 14 13 58 19 30 10 65 1 37 4 41 7 56 12 1 2 73 11 10 8 17 17 44 9 48 
4 4 16 16 3 75 12 55 19 4 1 12 2 95 7 3 5 54 9 94 14 43 8 39 13 13 17 78 0 60 15 34 6 51 11 81 18 59 10 5 
3 30 2 71 13 23 8 14 1 97 19 71 11 14 15 11 12 12 5 63 9 36 18 89 4 30 16 90 6 97 10 6 17 46 14 82 7 10 0 43 
19 95 8 33 1 21 16 94 11 4 10 60 5 12 2 35 15 32 0 32 6 51 17 83 3 32 12 79 13 24 9 73 18 9 4 63 14 80 7 6 
16 9 13 14 2 31 5 45 0 53 17 70 3 42 11 46 7 97 8 29 15 21 9 30 1 2 19 28 18 20 10 34 4 53 14 91 6 85 12 97 
3 3 15 25 18 50 14 11 9 22 0 28 5 26 11 66 4 17 7 90 16 17 1 23 19 21 12 41 2 96 8 5 10 62 13 26 17 2 6 80 
11 66 6 31 15 68 7 5 5 74 4 3 2 1 0 1 3 67 10 17 16 57 1 51 12 24 9 66 17 26 14 25 13 46 8 71 18 3 19 82 
17 38 14 20 8 52 12 50 18 98 1 51 19 82 11 23 2 82 9 64 16 82 7 81 13 21 15 22 6 23 5 77 3 61 10 74 4 75 0 79 
11 69 12 13 17 49 9 54 1 93 2 88 6 45 5 29 10 9 18 94 19 38 16 72 13 33 14 85 4 56 0 12 3 61 7 5 8 90 15 64 
11 68 14 39 10 5 5 60 9 1 12 50 3 81 2 43 19 72 17 27 6 67 8 18 4 25 13 42 1 46 15 35 0 10 7 5 16 80 18 95 
8 30 9 10 7 56 0 48 17 45 6 70 2 43 1 26 19 67 10 44 16 53 18 5 15 43 4 54 14 22 12 73 5 3 3 1 11 73 13 97 
5 28 6 53 15 61 7 80 14 18 12 27 1 80 11 46 8 63 17 29 3 64 9 45 19 30 10 97 2 49 13 63 0 89 16 8 4 16 18 69 
9 57 5 72 7 28 18 21 0 90 16 6 3 92 14 87 12 47 17 85 10 2 11 2 15 66 4 34 2 15 13 39 1 8 8 73 19 51 6 75 
7 4 8 49 10 17 14 94 5 43 13 46 19 24 9 49 12 28 6 68 0 6 18 66 3 82 1 33 4 6 17 96 15 90 16 41 2 23 11 1 
6 28 12 74 2 70 14 17 7 8 4 52 15 40 16 21 9 18 8 8 17 79 10 42 19 32 3 54 18 67 5 42 1 62 11 62 13 33 0 7 
14 80 3 84 16 62 4 5 15 76 0 72 1 16 6 40 18 59 2 19 12 74 7 40 10 30 11 71 13 11 9 42 5 56 19 44 8 93 17 94 
3 66 15 19 6 37 1 78 17 96 10 6 2 47 14 61 8 7 9 32 11 23 7 68 4 91 13 74 5 42 0 10 18 46 16 13 19 33 12 9 
8 5 17 71 19 68 6 99 0 94 12 94 13 37 9 28 16 4 1 33 14 73 15 93 4 86 5 66 2 59 11 58 18 85 3 88 7 88 10 85 
2 39 1 22 14 95 9 70 3 9 0 40 19 99 5 82 15 76 13 23 12 75 8 98 18 22 17 55 16 42 10 21 6 66 11 77 7 7 4 11 
11 25 13 81 19 69 10 65 8 19 15 70 3 90 16 78 7 89 17 61 0 15 2 22 5 10 9 56 6 37 14 16 18 90 4 46 12 59 1 60 
12 73 9 45 19 26 10 8 7 51 17 63 1 38 4 19 16 94 5 94 3 22 8 64 13 28 11 4 18 14 14 95 0 5 2 79 15 20 6 84 
12 96 1 32 2 23 10 86 18 16 14 48 15 51 8 13 0 50 9 11 4 63 13 33 6 41 19 77 11 46 3 78 17 91 5 35 16 76 7 61 
19 1 4 38 14 10 11 4 13 88 3 35 2 68 5 94 17 54 10 97 12 45 7 5 6 4 9 92 0 93 16 7 1 97 18 76 8 66 15 86 
15 54 8 65 6 27 18 92 12 94 17 68 4 94 2 22 1 66 11 90 7 26 0 72 19 98 9 62 16 21 5 89 3 41 14 46 10 46 13 89 
11 17 16 54 2 39 13 64 8 81 18 14 5 46 10 47 1 91 9 59 12 44 15 25 4 70 0 20 7 38 3 50 17 66 19 44 6 6 14 79 
18 42 16 15 7 49 11 17 9 14 4 75 15 98 3 97 19 70 13 68 14 90 0 2 8 12 5 52 17 78 6 13 1 94 10 42 12 82 2 29 
18 58 19 64 9 46 5 58 2 38 6 74 11 78 3 52 10 16 1 80 14 39 0 66 12 89 8 58 7 76 16 20 13 28 15 76 17 20 4 28 
14 81 11 93 0 43 8 42 15 6 19 47 16 11 13 16 4 21 6 55 17 95 2 75 1 9 5 60 12 95 3 44 9 66 7 22 18 7 10 45 
0 23 18 79 14 38 16 1 9 74 8 30 2 43 7 67 19 45 17 33 15 94 12 94 4 14 3 8 13 90 10 67 6 91 5 64 1 41 11 76 
5 44 14 86 13 56 3 97 17 41 16 22 18 68 8 30 1 24 4 61 7 84 15 81 0 47 6 79 19 34 2 26 12 89 9 43 10 89 11 73 
10 69 5 33 15 69 3 97 8 12 1 82 17 75 13 98 0 48 6 28 14 75 12 93 9 70 2 73 11 72 7 60 19 67 16 70 18 85 4 40 
18 53 0 17 2 7 12 58 3 56 6 31 4 76 14 28 15 99 5 65 11 80 16 70 7 27 19 6 1 76 17 77 13 91 9 43 10 22 8 13 
4 39 16 25 15 60 3 70 10 45 7 6 6 4 18 28 0 3 14 41 12 37 17 85 8 72 2 99 1 41 19 38 9 86 11 77 13 56 5 62 
0 28 9 78 8 72 13 15 4 7 2 83 17 18 12 89 7 24 15 52 16 90 14 95 18 60 19 43 1 51 6 82 10 21 3 11 5 85 11 58 
9 66 18 42 0 67 6 51 5 36 17 26 15 66 7 16 4 72 11 31 19 31 14 80 12 47 3 34 1 89 8 41 2 82 13 13 10 30 16 65 
