50 20 
9 63 2 74 6 64 5 57 1 20 12 54 15 8 14 54 11 32 16 88 3 67 19 99 17 9 13 40 18 24 10 42 0 45 7 38 4 73 8 90 
9 22 0 91 19 96 18 37 1 74 13 60 17 27 4 54 10 35 6 1 16 73 11 28 5 53 8 81 7 74 12 17 3 5 2 70 15 51 14 13 
0 21 5 20 12 70 8 26 7 64 13 20 6 39 10 3 11 53 2 29 14 68 15 95 3 74 19 93 4 99 9 36 17 55 18 23 1 61 16 56 
2 48 10 60 9 40 11 12 5 64 12 44 0 65 4 22 19 31 18 25 7 76 15 52 3 84 1 87 8 15 16 71 13 64 6 15 17 9 14 19 
7 14 1 82 9 5 12 60 8 12 11 68 14 30 5 3 15 70 0 78 19 7 10 19 13 84 17 23 4 67 6 90 3 42 16 93 2 56 18 30 
10 97 5 41 12 56 4 96 14 83 6 9 2 47 9 42 11 29 13 96 16 55 1 11 19 9 3 84 18 58 15 33 8 90 17 8 0 84 7 42 
8 28 7 3 13 22 16 33 6 25 9 49 11 77 14 73 3 60 0 9 17 18 12 8 19 80 5 98 4 54 18 93 15 85 1 32 2 81 10 70 
10 32 3 75 7 55 9 96 19 78 1 70 14 43 0 11 5 66 16 37 13 89 18 8 17 49 15 2 2 17 12 99 6 13 4 8 8 8 11 77 
15 53 17 24 18 3 1 63 4 54 6 40 19 98 0 71 5 30 9 32 3 61 16 95 8 13 13 1 12 40 7 37 14 93 10 30 2 86 11 63 
4 92 3 50 18 20 0 45 17 29 5 31 6 17 13 87 1 26 12 25 8 98 16 26 15 72 9 77 7 43 11 74 10 51 19 77 14 46 2 85 
0 7 10 10 15 79 3 8 2 11 6 91 17 41 19 34 9 93 18 9 4 71 5 61 14 29 16 91 13 3 7 29 1 12 11 25 12 58 8 73 
5 45 3 66 14 6 0 64 9 85 18 41 10 58 19 29 15 50 1 62 7 68 2 33 4 98 12 95 11 7 13 49 17 99 16 23 8 99 6 2 
12 86 11 27 1 74 3 21 15 97 8 34 17 89 5 63 9 60 18 97 0 83 2 95 19 86 13 31 16 65 6 94 14 13 7 65 10 85 4 84 
11 65 1 44 10 36 4 67 9 90 5 5 3 5 7 91 17 35 18 36 15 3 0 45 12 81 2 58 13 72 14 95 16 45 6 51 8 40 19 54 
9 28 10 18 14 1 4 52 6 24 13 46 1 55 11 62 0 53 19 74 8 83 2 36 12 97 3 49 17 82 5 23 18 75 15 34 7 82 16 23 
18 6 15 27 4 80 3 46 8 90 16 98 11 84 2 50 13 75 14 49 17 63 1 55 5 72 19 68 0 11 6 48 9 53 12 6 7 94 10 88 
7 73 11 60 17 77 0 53 6 59 4 97 3 47 13 41 2 39 14 39 5 78 16 46 15 45 12 38 19 50 10 62 8 32 1 68 9 2 18 80 
4 17 9 23 0 55 6 17 12 83 17 44 2 36 14 31 11 70 3 5 7 79 15 49 10 87 19 35 1 38 13 54 5 59 18 9 16 55 8 96 
19 34 5 4 7 5 16 33 13 5 8 56 2 21 3 50 9 14 0 62 1 59 6 77 17 88 14 38 11 18 18 10 12 78 4 86 15 74 10 76 
10 31 16 15 11 29 12 65 1 37 6 5 5 95 7 24 17 99 8 83 0 34 4 34 3 41 18 58 15 77 2 38 9 12 19 76 13 86 14 49 
3 2 17 3 0 83 9 59 15 24 5 63 19 94 8 25 1 92 16 73 11 99 6 9 4 98 10 22 18 93 2 61 12 43 14 94 7 22 13 37 
15 24 1 90 18 91 5 27 19 46 14 69 2 74 9 73 6 98 11 34 0 43 12 8 10 65 16 32 3 48 13 34 17 82 4 30 7 47 8 62 
7 73 1 96 2 46 17 26 16 31 18 87 12 32 5 10 4 70 13 43 3 63 15 34 0 67 6 43 14 15 9 81 11 83 10 47 19 55 8 66 
15 72 0 95 13 16 2 73 19 53 8 68 4 89 11 93 18 95 7 46 14 29 1 11 16 25 3 49 6 70 9 67 17 82 10 8 5 45 12 39 
15 66 4 43 7 40 5 2 0 5 12 4 8 75 3 16 9 69 1 91 18 8 11 99 16 87 13 26 2 30 6 20 10 96 14 80 17 66 19 93 
16 33 3 76 1 19 2 84 5 20 15 96 18 80 7 75 10 3 6 26 19 23 12 21 11 62 17 85 8 51 4 17 13 80 14 18 9 29 0 95 
17 68 6 50 3 34 14 86 7 7 9 56 5 25 16 44 10 77 2 64 12 37 15 62 8 2 18 97 19 45 1 99 0 61 11 54 4 2 13 78 
17 11 0 10 3 83 13 66 1 48 9 1 19 94 18 12 4 34 10 16 8 79 16 25 6 36 11 50 7 68 5 3 12 65 14 57 2 79 15 83 
9 58 4 85 12 77 19 63 6 11 17 90 18 34 7 22 16 40 10 22 13 48 3 2 0 63 8 60 2 48 14 29 1 43 15 1 5 48 11 12 
14 99 7 60 16 97 1 70 3 65 18 7 8 14 4 77 6 34 9 95 13 71 0 31 15 24 19 81 5 5 2 86 11 59 17 95 12 13 10 25 
2 27 19 80 3 37 14 41 15 99 10 31 1 80 17 52 5 38 11 94 7 63 4 66 8 77 16 77 18 22 12 68 13 78 6 61 0 61 9 11 
17 36 5 63 2 19 13 88 12 70 14 44 6 24 9 74 7 70 18 26 19 61 16 20 4 80 8 30 3 51 11 14 15 24 0 28 10 41 1 3 
2 60 15 57 6 2 4 45 11 11 16 69 18 96 17 51 3 66 8 36 5 37 14 4 12 22 0 86 1 84 13 66 9 62 10 91 7 46 19 30 
11 21 6 9 9 48 3 53 19 59 15 53 0 63 17 81 4 98 16 78 8 42 1 81 14 90 7 42 18 48 10 23 13 22 12 71 5 79 2 90 
8 87 12 15 10 73 7 8 4 5 19 55 13 46 6 73 3 7 15 27 14 4 18 76 9 2 0 71 1 89 11 72 16 88 17 4 5 11 2 34 
18 66 12 81 11 95 10 83 8 82 17 44 14 18 1 39 6 97 9 68 4 65 7 22 19 91 5 60 16 40 15 56 3 36 13 43 0 68 2 84 
4 2 5 20 17 61 10 78 11 4 14 62 13 9 15 41 8 81 19 84 16 24 1 38 18 66 7 80 9 34 2 89 6 5 12 60 0 53 3 56 
12 1 8 97 9 84 5 77 16 92 1 53 0 7 6 20 14 8 18 90 13 44 10 96 19 72 4 47 15 84 2 34 7 60 3 98 11 89 17 66 
15 73 13 29 10 33 2 25 4 63 8 12 5 76 1 54 12 77 9 13 18 55 11 13 16 20 3 7 0 73 19 8 6 75 7 41 14 93 17 23 
3 34 1 80 16 46 10 61 2 43 6 88 4 27 5 9 18 36 14 49 8 7 13 85 0 46 15 28 17 9 11 90 12 9 7 87 9 73 19 72 
8 64 5 62 15 89 16 13 12 18 6 80 3 89 1 70 17 74 18 79 7 85 9 30 0 38 10 10 13 93 11 30 2 37 14 25 19 4 4 58 
1 54 12 81 13 17 11 74 4 41 7 5 6 46 5 54 18 48 0 85 15 73 19 18 8 89 3 24 2 60 14 21 17 74 9 58 10 66 16 79 
16 10 5 1 3 58 15 57 19 92 12 70 18 51 10 82 1 54 17 81 8 14 11 8 4 27 13 24 9 95 0 94 7 61 14 98 2 69 6 11 
14 82 1 66 5 3 16 8 8 11 18 14 12 72 17 78 9 47 4 11 6 57 7 37 19 60 0 22 11 89 13 48 10 14 15 87 2 53 3 50 
11 30 10 46 14 20 0 7 1 99 17 97 18 35 2 77 12 28 8 18 3 71 7 10 16 1 19 95 6 86 15 79 4 81 9 29 5 57 13 54 
15 69 0 70 13 20 5 91 17 63 11 44 8 37 10 23 18 93 9 4 12 23 4 4 14 92 1 76 7 48 6 37 16 1 19 7 3 28 2 23 
11 25 9 48 1 31 16 59 13 21 14 3 3 9 10 83 18 22 15 96 5 44 4 75 17 68 0 80 2 68 6 38 7 2 12 68 19 18 8 23 
13 4 17 53 9 92 2 19 7 15 6 53 4 70 16 66 11 82 12 45 10 17 1 54 0 10 5 69 18 99 8 83 14 77 15 92 3 11 19 32 
13 88 9 83 3 58 14 3 1 29 16 26 7 2 2 95 11 62 8 27 19 78 15 93 18 56 10 57 12 71 0 6 5 23 4 86 6 39 17 32 
10 28 3 84 19 35 18 96 9 86 17 73 15 56 14 7 5 7 4 30 13 69 1 43 6 67 0 42 12 53 16 71 8 78 7 70 11 68 2 85 
