50 20 
4 64 1 13 8 11 2 81 9 20 5 5 15 86 3 23 18 23 13 8 19 98 14 9 11 78 17 96 16 18 10 82 6 91 7 51 0 16 12 86 
5 23 12 46 2 63 0 78 3 72 17 5 18 41 4 45 7 29 13 71 8 42 14 93 11 97 19 80 16 25 9 22 6 67 1 15 15 10 10 92 
14 50 4 29 9 8 19 13 11 34 13 76 1 41 7 45 2 40 3 37 15 62 8 41 16 3 10 71 17 26 18 98 5 34 12 44 0 12 6 55 
11 40 5 96 9 11 18 77 19 30 0 99 12 64 1 56 10 45 4 74 6 78 16 41 17 87 3 97 7 20 14 29 8 60 13 51 15 11 2 77 
3 9 17 79 6 61 2 26 13 50 9 62 8 9 11 13 1 99 7 7 0 92 14 70 5 52 10 55 19 42 16 93 15 91 4 31 12 76 18 13 
18 7 4 31 15 29 6 29 9 21 5 18 10 48 13 29 3 91 2 73 0 72 11 13 7 91 12 59 17 79 14 52 19 36 1 67 16 25 8 86 
14 85 1 14 4 84 19 98 2 73 12 35 0 71 18 42 11 28 16 66 13 84 17 3 10 75 3 22 15 40 7 16 8 99 5 58 9 34 6 6 
7 72 6 53 1 18 11 43 9 76 16 1 3 38 19 86 17 73 13 19 10 95 14 92 8 40 2 59 4 15 0 58 15 69 5 33 18 80 12 51 
3 64 19 76 12 40 15 86 11 42 4 7 9 75 8 68 7 72 10 97 13 9 18 59 0 13 16 78 5 56 14 32 17 19 6 19 1 89 2 68 
2 86 9 10 14 31 12 43 10 74 19 85 7 46 5 47 17 71 8 45 15 87 16 99 3 14 1 89 6 98 13 29 4 56 11 84 0 69 18 24 
0 60 18 48 7 30 1 31 11 47 16 9 10 93 13 48 2 37 14 9 8 35 9 33 17 4 5 72 4 58 6 69 12 35 19 17 15 14 3 42 
9 46 14 98 18 4 3 47 5 52 10 48 1 87 15 35 16 64 17 87 6 43 11 98 8 94 12 2 7 57 0 89 4 76 13 1 19 8 2 34 
10 28 19 12 14 95 4 8 0 62 15 28 2 93 13 16 18 40 16 87 9 82 1 16 12 97 7 31 11 90 8 69 5 35 17 66 3 70 6 79 
2 37 17 31 6 12 19 84 9 4 16 83 7 33 15 99 12 5 0 54 10 75 13 51 14 38 18 8 8 89 11 46 5 63 3 24 4 62 1 86 
14 81 1 29 17 4 3 92 11 87 8 2 9 80 16 57 7 96 13 70 15 61 0 42 12 9 6 9 19 61 4 68 18 97 5 27 10 52 2 29 
12 42 9 64 3 31 13 73 5 27 0 40 15 86 7 76 10 20 11 47 6 7 1 94 4 82 18 50 8 21 2 64 17 37 19 15 16 82 14 25 
17 96 11 51 7 64 0 24 1 85 5 38 3 4 4 78 16 70 2 55 14 52 13 41 19 41 9 55 12 13 10 49 8 6 15 41 6 7 18 37 
11 61 16 53 19 52 5 98 9 3 2 70 15 69 12 68 0 74 3 89 13 17 1 34 8 27 17 52 7 84 6 33 14 27 4 83 10 45 18 43 
0 8 6 37 19 48 3 36 10 99 14 62 1 32 5 82 2 1 17 77 16 85 11 63 12 80 4 91 18 85 15 43 7 32 8 35 13 91 9 61 
14 52 9 46 1 30 15 60 6 22 13 66 10 90 18 46 7 90 3 85 12 1 17 36 11 71 19 5 2 10 16 79 5 43 0 39 4 92 8 88 
14 39 5 24 4 5 17 51 16 83 0 52 13 98 1 94 8 62 9 17 7 3 6 42 3 38 18 51 12 26 11 77 2 67 19 77 15 25 10 66 
15 57 14 42 1 13 11 94 3 26 0 35 2 98 19 45 9 74 16 86 17 96 6 70 18 55 4 9 5 63 10 3 12 10 8 90 7 17 13 57 
7 69 17 44 0 75 12 65 16 25 15 20 19 75 10 99 6 25 11 35 3 78 4 36 9 74 14 57 8 84 18 34 2 54 5 45 13 96 1 18 
18 36 15 19 8 60 12 93 3 94 9 63 6 49 14 64 13 26 4 90 0 78 5 7 10 21 19 43 7 72 2 57 17 69 11 70 1 67 16 60 
1 75 4 15 19 69 0 73 6 92 3 23 7 78 8 47 14 45 17 97 13 29 5 95 16 30 18 78 10 50 9 36 11 35 12 48 15 44 2 48 
1 74 19 69 5 66 2 19 9 69 12 32 18 56 7 95 6 82 8 31 10 15 13 67 3 64 15 35 16 56 4 98 14 31 17 55 11 36 0 71 
18 90 7 72 6 49 15 38 12 68 0 98 13 65 17 39 1 56 10 29 9 56 14 87 19 99 2 9 16 41 4 14 3 66 11 77 5 41 8 55 
4 42 8 87 16 27 18 84 10 12 6 17 7 58 17 34 9 54 2 82 13 27 11 45 12 58 5 2 14 17 19 66 0 93 15 82 1 40 3 34 
0 38 7 85 19 66 16 18 2 55 3 66 17 48 14 52 13 16 9 70 4 41 11 59 15 36 8 56 5 88 10 2 18 22 6 57 12 28 1 12 
19 60 18 18 8 87 4 72 14 78 11 10 3 11 9 84 15 39 5 41 10 11 1 65 6 87 13 83 0 55 17 89 12 49 7 38 2 47 16 14 
10 87 4 85 2 94 8 83 9 17 13 1 6 81 15 96 3 38 0 61 17 53 12 81 19 85 1 62 7 30 14 7 16 61 18 89 11 57 5 79 
13 77 4 43 1 19 5 8 15 8 16 84 8 29 7 6 17 27 18 77 2 22 3 31 14 4 0 18 6 80 9 20 12 78 11 40 19 1 10 99 
5 18 11 50 18 98 14 31 4 41 17 39 13 22 7 61 2 49 9 82 15 62 1 78 10 7 6 72 12 18 19 37 8 94 0 96 3 41 16 47 
0 30 19 96 3 62 10 3 4 35 5 58 16 34 13 66 15 84 9 18 14 17 1 96 12 3 17 13 2 70 11 80 6 75 7 73 18 20 8 49 
6 57 11 54 16 67 7 81 18 14 14 24 13 77 19 29 9 59 15 1 5 49 4 81 1 2 10 92 3 17 12 39 17 97 0 95 8 72 2 10 
0 39 1 53 13 91 15 36 12 13 9 43 19 70 5 41 3 44 6 24 4 70 16 45 11 40 14 22 7 39 17 37 10 32 8 64 2 87 18 6 
16 96 19 83 13 35 12 25 8 99 14 93 0 92 11 45 6 81 4 19 18 34 17 11 7 14 1 93 9 31 10 4 15 77 2 44 3 15 5 13 
10 49 13 62 2 85 17 54 1 86 7 8 19 13 11 9 15 15 8 17 12 9 16 24 0 88 5 22 4 79 6 78 3 50 14 71 18 87 9 92 
8 89 5 59 15 48 16 7 19 63 17 15 2 89 9 60 6 14 12 35 18 31 1 21 14 17 7 67 0 14 3 21 11 6 4 24 13 48 10 69 
12 24 17 75 13 92 16 64 4 54 1 77 11 53 8 70 15 84 0 36 3 27 9 64 2 26 19 50 7 17 6 95 5 43 10 72 14 48 18 40 
9 23 16 53 1 65 5 45 17 75 13 42 4 95 6 89 18 39 11 84 3 54 15 89 8 79 19 85 14 92 10 57 7 87 2 9 12 39 0 76 
17 51 0 17 16 7 5 91 19 86 6 59 9 91 18 6 13 16 14 30 3 8 12 6 8 86 1 71 7 82 10 91 4 13 11 77 2 80 15 29 
17 20 18 5 0 61 1 77 10 36 7 10 3 84 9 93 11 79 15 37 2 9 13 14 16 59 12 63 14 53 19 85 6 57 8 82 4 67 5 12 
2 66 12 42 1 92 5 89 4 2 6 35 9 45 19 72 11 24 10 58 17 99 3 65 16 64 7 49 0 8 14 94 13 68 18 90 15 95 8 31 
15 65 17 42 8 30 12 66 16 92 13 22 2 86 6 37 7 26 1 16 11 81 18 86 3 91 5 83 4 79 19 88 9 92 10 29 0 54 14 43 
18 12 10 32 14 2 9 37 13 27 3 24 17 5 8 83 5 36 6 7 2 40 15 14 16 22 1 28 12 94 11 23 0 18 19 56 4 79 7 75 
9 14 11 65 3 71 17 41 7 73 18 21 6 13 5 2 12 6 13 49 8 16 1 67 15 31 10 54 2 94 4 35 14 71 16 72 19 41 0 69 
17 17 19 7 2 87 18 90 8 56 1 93 9 2 4 83 11 37 6 13 3 69 10 24 0 34 5 52 16 64 13 86 12 34 15 47 14 18 7 60 
5 40 11 85 8 80 18 36 14 32 6 49 3 35 0 79 4 22 19 75 13 19 2 35 10 10 7 20 15 19 9 32 17 92 16 27 12 68 1 60 
11 61 19 47 2 23 7 78 5 44 4 21 15 83 6 33 13 32 12 99 1 68 0 42 16 95 9 46 17 63 8 1 10 74 14 20 3 43 18 83 
