50 20 
17 64 2 45 6 49 13 14 3 78 15 40 19 25 8 84 12 89 7 94 16 42 10 77 14 90 18 41 4 45 5 62 1 26 11 75 0 25 9 35 
2 67 19 84 9 3 8 55 12 79 13 28 0 82 15 30 17 10 16 41 7 12 14 94 10 99 18 56 6 64 3 33 4 77 11 65 5 48 1 38 
17 61 9 56 5 38 10 62 12 83 6 67 2 50 13 54 16 74 3 70 7 7 4 10 14 25 8 50 0 31 15 75 11 70 19 29 18 54 1 26 
6 72 13 86 9 24 5 32 3 6 16 60 12 36 10 67 4 8 1 53 11 15 19 65 14 38 17 70 15 58 7 28 2 55 0 92 8 25 18 73 
13 16 14 17 0 60 12 72 7 21 10 85 6 99 9 32 1 81 2 23 8 31 19 60 11 13 3 30 17 71 15 88 16 85 5 41 18 24 4 61 
15 66 1 97 3 3 2 86 12 91 4 40 6 74 8 54 9 52 14 19 10 83 0 32 19 93 17 72 18 73 13 76 7 74 16 69 5 75 11 35 
13 4 16 75 8 76 7 25 6 4 12 77 18 59 10 68 1 91 14 54 11 45 3 17 2 76 0 70 9 6 5 26 4 79 19 53 15 83 17 5 
10 31 11 32 13 99 2 2 5 62 12 69 16 56 0 78 7 41 4 84 17 72 9 27 18 49 6 42 19 88 3 89 15 99 8 61 14 63 1 68 
7 82 5 99 13 96 19 66 14 1 16 57 12 70 8 14 17 32 18 58 2 99 11 22 1 64 3 88 6 87 15 22 9 95 10 60 4 39 0 75 
17 77 9 12 3 31 6 18 13 24 12 56 19 79 0 6 8 10 2 95 4 6 11 19 18 68 1 34 16 37 10 67 7 68 5 48 15 33 14 19 
16 78 6 40 5 82 15 88 8 91 10 23 0 3 13 72 1 46 7 37 19 48 17 23 3 13 9 35 14 39 18 58 4 17 11 11 12 29 2 96 
15 22 10 67 9 78 17 22 13 41 6 49 18 11 2 42 3 42 14 11 0 7 1 54 4 8 5 84 7 40 8 85 16 45 19 53 11 71 12 88 
12 34 16 87 3 99 6 24 2 85 18 5 14 35 4 74 10 58 1 80 15 22 7 76 17 13 19 61 11 20 13 13 0 62 9 20 5 18 8 91 
12 78 14 40 8 45 6 72 16 80 10 7 15 93 2 46 18 14 1 23 13 5 3 64 9 10 7 90 5 15 17 62 0 59 4 41 11 35 19 81 
6 54 2 7 9 11 12 80 18 18 5 90 0 4 17 38 1 51 16 46 10 78 13 12 15 72 3 59 14 13 7 57 11 66 19 84 8 48 4 44 
5 63 10 43 9 34 6 87 4 79 18 83 2 81 0 45 1 75 15 5 8 30 3 12 19 80 16 57 11 15 12 18 14 40 7 98 17 81 13 98 
11 81 5 44 7 85 9 60 17 78 1 21 15 52 14 57 12 95 2 8 4 42 3 83 16 53 6 20 18 20 19 16 8 47 13 64 10 47 0 21 
15 28 3 18 19 98 0 68 9 53 17 70 4 43 14 86 8 8 5 79 2 53 7 10 10 26 12 88 1 84 18 21 13 17 11 95 6 45 16 16 
18 55 8 83 19 71 6 41 11 53 12 24 10 22 4 88 14 5 2 40 13 79 16 43 3 35 1 80 0 80 15 53 7 64 5 72 9 7 17 75 
10 81 6 90 13 77 18 14 4 93 16 43 3 34 1 41 17 7 0 19 11 63 14 63 8 8 5 24 7 70 2 23 19 45 15 73 9 85 12 52 
8 13 7 20 9 10 12 43 6 47 5 25 1 42 13 6 17 19 18 46 10 97 19 95 14 97 0 2 3 89 15 41 11 22 2 28 16 67 4 32 
13 13 8 46 7 52 2 69 10 58 14 3 3 39 6 2 4 5 9 80 16 72 0 74 1 90 17 1 15 32 12 16 11 65 5 90 19 73 18 16 
7 46 0 27 16 3 10 42 8 6 15 61 9 89 6 88 14 2 4 37 17 33 3 93 1 40 19 26 5 38 12 14 13 25 11 59 18 60 2 26 
18 96 6 94 0 18 17 85 10 81 14 33 8 25 11 18 16 53 2 76 19 59 3 27 13 19 9 56 4 27 7 56 5 80 12 23 1 60 15 22 
10 34 3 99 17 18 6 12 11 48 19 87 12 39 0 23 14 40 18 45 9 89 2 31 16 12 8 30 4 80 7 29 5 77 15 5 1 56 13 88 
4 89 1 90 3 5 11 66 18 43 2 6 0 57 19 24 13 14 9 31 5 58 14 52 7 33 17 94 15 9 6 8 10 1 8 67 16 99 12 71 
17 78 5 72 7 17 8 6 0 3 4 3 14 42 18 35 10 38 9 74 19 70 13 26 6 38 3 89 15 51 16 23 11 35 1 90 12 39 2 42 
19 45 3 49 5 54 11 13 1 12 17 72 7 93 18 13 9 43 15 38 4 26 0 81 12 47 8 86 16 86 10 50 2 35 6 25 14 46 13 75 
4 17 1 43 2 20 9 44 10 72 15 29 17 28 0 67 11 49 5 18 16 28 19 88 8 68 14 63 13 75 12 12 6 29 18 66 7 35 3 2 
9 53 18 85 4 8 1 89 12 86 15 25 13 11 3 84 2 18 8 20 10 22 5 89 19 73 0 18 6 71 17 23 16 52 14 79 11 52 7 48 
9 6 10 53 7 10 0 61 17 30 18 90 13 17 1 98 16 74 5 12 15 33 6 61 11 80 3 44 12 32 2 56 4 39 19 68 14 87 8 54 
5 18 15 7 6 15 2 50 3 48 12 90 4 92 19 49 10 65 16 2 11 47 8 2 17 76 0 58 13 12 1 5 7 38 9 95 14 1 18 76 
17 4 18 59 16 57 8 82 9 45 14 44 2 9 1 41 7 83 6 54 13 90 0 90 12 61 19 66 10 4 3 16 15 83 4 40 5 85 11 76 
17 42 4 63 2 24 8 57 11 73 9 9 13 67 18 49 3 5 15 82 12 6 6 32 1 19 14 14 19 73 16 98 0 44 5 51 7 44 10 18 
11 45 19 30 6 56 9 81 1 95 8 50 12 73 18 20 5 26 3 94 15 7 7 26 4 19 16 25 0 83 10 88 17 30 14 56 13 9 2 70 
4 69 11 82 16 66 2 11 6 18 9 8 1 89 17 39 12 94 8 94 3 14 18 51 5 32 0 33 15 40 14 74 13 25 10 66 19 21 7 87 
7 18 12 37 11 15 18 16 19 92 9 56 2 53 3 92 16 24 8 24 5 81 1 47 0 7 17 87 10 98 14 86 4 5 6 74 15 27 13 32 
19 69 6 6 0 27 9 50 8 76 16 43 12 67 14 45 15 43 11 28 18 45 17 73 4 11 2 36 3 64 1 46 10 42 5 1 13 16 7 54 
16 87 9 13 3 68 2 69 13 75 4 67 12 54 5 20 0 26 14 83 10 5 18 30 6 47 15 89 7 75 17 45 1 7 11 27 8 92 19 42 
3 28 6 5 14 80 16 79 15 87 5 36 19 64 4 11 11 95 1 36 12 3 17 54 18 52 9 63 2 24 10 56 8 92 7 95 0 15 13 94 
2 75 15 96 9 32 5 74 0 20 14 59 6 71 19 35 7 38 8 96 1 47 11 59 16 7 4 26 17 80 18 58 3 76 10 7 12 23 13 2 
1 9 13 25 3 17 12 22 15 35 11 93 10 93 14 35 7 98 19 95 2 31 6 12 0 62 8 16 16 45 5 33 9 38 17 19 18 27 4 4 
15 46 1 99 8 88 7 8 10 96 4 19 17 18 12 42 11 96 5 74 3 96 2 58 0 62 13 23 18 3 16 82 19 77 14 58 9 93 6 88 
6 63 2 5 19 57 1 85 10 98 17 80 7 2 13 82 3 4 11 52 5 26 12 76 8 70 15 37 9 38 14 66 4 39 16 32 18 80 0 38 
7 98 8 50 19 88 4 71 2 6 9 18 14 44 5 71 18 79 0 4 17 73 13 3 12 2 6 15 16 52 3 80 15 17 1 8 10 14 11 70 
0 35 17 62 4 96 19 66 18 73 12 15 16 55 6 83 7 13 1 9 15 11 5 53 8 11 13 27 14 13 2 49 10 71 9 63 11 32 3 15 
4 44 15 99 1 6 17 63 8 86 18 70 7 75 2 1 6 68 16 81 0 42 3 86 5 87 9 98 13 82 19 87 11 27 12 71 10 92 14 8 
16 94 9 79 17 98 2 25 7 35 4 8 6 5 10 47 8 29 1 37 11 42 3 8 13 13 19 57 18 12 0 1 15 94 12 78 5 82 14 1 
18 10 9 41 4 7 17 64 8 52 7 13 14 11 15 18 11 66 1 30 19 92 12 52 6 61 0 25 13 6 5 52 10 50 2 55 3 15 16 14 
5 57 8 42 13 58 10 69 3 65 4 90 18 69 1 23 6 53 16 58 17 44 2 67 15 27 7 62 11 88 12 35 19 94 14 5 0 74 9 53 
