30 20 
8 72 7 47 15 74 1 76 6 34 13 36 12 53 10 83 11 96 4 47 3 59 9 25 18 7 17 75 14 26 0 86 2 12 19 24 5 77 16 89 
18 36 11 5 15 55 17 17 14 61 6 18 3 38 2 33 13 57 0 35 7 56 1 36 9 57 4 82 12 80 10 42 16 51 5 71 19 23 8 26 
2 85 7 84 5 37 15 59 14 20 3 56 19 47 4 86 11 66 9 97 10 67 8 26 18 97 16 35 0 60 1 32 6 5 13 22 17 16 12 11 
4 31 16 14 17 34 0 3 11 59 1 78 15 58 7 95 6 10 2 39 14 96 12 25 13 97 18 6 10 8 8 82 3 34 19 20 5 55 9 11 
17 50 16 40 13 33 12 52 4 44 19 11 8 58 10 49 9 89 18 96 14 88 2 20 11 89 7 68 1 96 0 71 5 89 6 63 3 57 15 77 
2 48 0 35 18 84 10 11 9 74 16 40 8 28 7 85 11 21 6 18 17 11 19 37 15 48 5 70 3 94 12 73 4 31 14 89 1 58 13 94 
6 4 0 6 13 77 12 11 4 42 1 72 10 17 14 90 7 73 15 92 9 68 8 44 11 42 5 64 17 9 3 43 2 24 18 34 19 97 16 12 
12 26 2 98 9 70 11 79 13 78 3 8 14 99 10 41 1 48 0 21 16 56 18 69 8 59 7 64 17 82 4 10 5 96 19 60 6 17 15 16 
18 41 13 82 8 63 17 99 5 32 10 3 15 84 14 73 2 87 11 11 7 54 12 38 9 76 4 31 19 82 3 88 16 62 1 5 0 77 6 25 
1 46 15 17 10 16 19 40 12 56 0 61 8 70 6 51 5 96 18 51 11 25 7 39 16 10 3 65 13 18 14 34 9 66 2 78 4 37 17 84 
8 7 18 8 19 73 2 3 1 23 10 61 14 85 16 24 9 64 3 85 5 40 12 3 15 63 6 60 0 79 11 48 4 65 7 3 17 52 13 34 
15 22 4 83 14 97 19 42 9 77 16 47 5 27 3 49 6 87 8 31 0 11 18 10 2 28 12 98 10 6 11 50 7 22 1 18 13 99 17 54 
3 84 9 6 12 56 14 64 10 67 13 84 8 60 15 68 6 54 0 11 18 27 2 38 17 62 5 7 1 45 4 39 7 95 19 84 16 94 11 9 
4 54 1 21 9 22 11 80 13 26 8 47 7 19 16 13 18 63 3 21 2 10 5 90 17 50 19 18 10 17 0 78 15 18 6 2 12 16 14 31 
6 20 7 69 17 57 19 74 10 36 13 80 8 71 9 24 18 7 1 78 3 29 0 65 11 46 14 25 15 97 16 35 5 23 2 89 12 53 4 89 
15 44 10 70 9 37 14 46 16 50 8 90 18 66 2 6 17 10 6 52 13 98 19 45 1 62 0 39 5 62 11 13 3 96 7 51 4 56 12 60 
0 37 19 99 7 64 13 81 14 24 2 75 5 61 18 26 16 60 11 97 1 32 3 57 15 88 6 73 4 76 9 78 12 11 17 89 8 31 10 44 
11 62 17 84 4 96 3 64 15 58 16 91 8 31 10 25 6 41 13 28 14 72 18 15 1 54 9 16 0 25 5 72 7 31 12 68 2 13 19 30 
13 87 14 6 18 62 10 1 11 36 6 39 17 3 9 85 16 68 5 65 1 62 3 20 8 85 0 8 12 58 2 77 4 45 7 69 19 72 15 84 
16 39 12 81 11 53 0 36 2 74 7 36 18 5 1 44 13 25 15 49 8 78 6 43 17 22 4 86 5 32 9 26 19 64 3 5 14 63 10 53 
3 91 6 18 10 25 16 87 15 57 18 61 2 63 17 19 11 6 0 59 13 84 12 17 9 29 14 71 19 29 1 25 8 25 7 88 5 65 4 98 
2 18 0 69 18 64 9 13 10 66 14 97 19 3 13 71 7 31 8 41 16 57 6 18 3 97 15 88 5 4 11 5 12 31 17 30 1 19 4 36 
14 30 6 29 12 24 5 20 9 55 3 36 16 52 19 90 7 28 2 58 18 97 8 1 1 2 15 36 13 81 4 22 11 73 0 86 10 63 17 78 
1 76 8 6 4 36 16 62 19 50 10 43 12 1 7 85 9 6 5 68 6 49 14 97 13 45 18 46 15 60 17 98 3 83 0 59 2 26 11 90 
5 11 14 58 15 62 12 57 11 45 10 76 7 63 2 4 1 33 19 15 18 37 4 49 13 42 17 13 0 27 3 26 9 56 8 80 16 84 6 92 
13 50 19 88 12 61 6 3 10 14 9 9 14 41 15 75 7 75 17 54 4 15 2 63 1 73 3 42 5 52 8 47 16 26 11 40 18 11 0 26 
8 37 11 94 9 49 15 37 0 16 10 58 3 33 19 10 4 70 2 26 12 13 6 87 1 69 17 19 7 82 13 24 18 88 5 97 14 90 16 8 
4 40 10 33 12 88 18 76 14 31 8 90 17 69 3 30 5 64 19 48 1 38 15 46 0 62 11 14 9 19 2 81 16 96 6 16 13 77 7 53 
9 62 10 71 15 92 7 11 0 82 2 64 12 48 1 37 6 70 8 50 4 62 19 25 13 67 16 26 14 26 5 18 3 80 11 11 17 13 18 14 
10 78 19 36 5 54 18 80 11 57 17 60 3 31 12 65 16 92 4 25 7 35 6 5 14 82 9 84 1 87 2 1 8 19 0 46 13 32 15 40 
