30 20 
10 53 1 85 12 4 11 6 17 93 14 8 13 39 18 30 5 95 19 26 0 76 2 1 15 87 16 68 3 1 8 71 4 61 9 39 6 26 7 36 
13 83 5 46 12 37 14 90 10 48 2 2 17 56 11 50 18 30 3 45 16 8 7 17 1 71 0 80 4 99 8 57 15 53 19 74 6 17 9 24 
16 93 3 42 2 61 12 88 17 25 11 23 0 55 9 59 6 17 14 21 4 86 19 38 13 97 1 42 7 52 18 79 10 73 15 22 8 19 5 61 
3 66 16 22 17 27 19 67 8 82 5 75 2 12 6 91 4 83 0 95 11 63 7 40 18 85 12 50 13 53 10 60 15 25 14 81 9 39 1 26 
8 13 13 90 18 33 17 85 5 33 9 55 12 29 19 69 7 49 0 1 3 51 10 66 14 40 6 25 1 22 11 81 15 31 2 17 4 74 16 15 
18 94 13 78 2 33 8 42 15 97 3 90 11 25 12 91 14 46 7 14 16 3 5 40 4 39 9 6 0 99 10 53 6 8 17 52 19 36 1 8 
10 11 15 90 3 83 6 75 5 8 17 34 11 21 13 77 4 22 19 34 16 62 1 19 9 18 0 37 14 33 2 78 18 83 8 58 12 12 7 22 
5 68 7 18 11 88 19 97 6 45 9 11 0 10 16 64 12 62 3 81 18 3 10 46 2 17 15 35 14 95 4 85 1 27 17 48 8 6 13 84 
16 15 3 20 6 15 12 17 19 88 4 97 17 69 13 50 10 95 2 50 8 50 18 26 0 57 1 58 9 55 14 43 15 70 5 97 11 93 7 31 
5 61 8 90 10 40 17 32 0 13 19 8 7 47 13 18 14 7 18 36 4 21 9 73 15 78 3 88 1 7 11 93 2 53 6 13 16 66 12 41 
5 30 0 28 14 68 9 17 16 42 15 30 4 69 7 91 18 70 19 66 11 71 17 49 1 29 6 22 12 65 8 58 3 68 13 58 2 8 10 21 
12 34 17 24 6 23 3 68 11 50 18 60 8 89 15 22 4 16 1 37 13 24 10 23 2 81 19 56 14 84 0 41 5 16 9 20 7 7 16 44 
19 40 6 44 11 57 4 52 16 78 8 74 17 37 18 66 7 37 14 64 9 26 2 87 15 81 5 57 3 3 0 80 1 71 10 60 12 69 13 51 
7 1 5 92 18 52 6 32 8 45 10 56 2 85 19 18 14 41 4 87 13 51 17 3 3 52 0 27 9 92 16 65 15 33 12 25 1 70 11 10 
13 58 10 82 7 74 12 19 9 11 2 14 5 74 14 5 11 24 15 47 4 12 16 8 18 43 1 51 17 56 3 6 6 70 19 53 8 99 0 15 
16 22 18 10 2 73 14 41 5 57 12 94 13 73 4 53 7 6 6 77 9 19 1 50 0 70 10 11 8 28 3 73 15 82 11 66 17 14 19 95 
8 43 10 93 13 28 2 34 16 90 17 77 1 10 4 78 9 11 19 62 5 27 7 64 14 93 0 58 6 49 18 33 12 42 15 18 3 41 11 61 
10 31 6 91 1 56 9 58 15 60 11 6 4 5 13 11 16 58 8 38 14 73 5 40 3 26 0 15 2 13 18 69 12 35 19 49 7 24 17 50 
7 51 3 64 0 3 8 96 4 49 2 25 17 19 13 84 18 7 1 67 9 81 19 78 10 61 15 67 14 22 6 20 16 20 11 40 5 1 12 7 
3 35 5 25 2 47 7 9 9 61 13 46 19 29 10 60 6 59 15 99 11 90 16 30 8 35 17 66 1 76 4 53 0 69 18 40 12 21 14 10 
1 47 4 96 13 13 2 96 8 12 15 88 19 84 17 50 14 16 12 17 5 68 0 44 7 20 9 88 3 75 11 53 6 11 18 85 16 94 10 60 
0 39 17 46 15 7 1 70 13 63 18 68 12 67 10 79 16 60 14 29 2 80 9 30 4 31 6 41 19 3 5 14 7 93 3 44 8 38 11 72 
18 74 12 5 8 20 6 44 14 35 11 18 7 4 1 34 0 44 19 49 17 72 9 12 2 66 4 61 3 66 15 10 16 52 5 7 13 31 10 20 
16 75 7 38 0 48 19 97 5 36 12 30 11 20 2 36 3 25 1 6 10 56 14 79 4 79 6 91 18 56 13 45 15 97 8 92 9 37 17 30 
15 86 18 87 5 42 2 31 4 46 13 88 17 11 19 30 3 90 11 5 12 64 6 21 16 29 9 67 0 11 8 48 7 2 1 65 14 62 10 55 
9 16 15 1 19 34 12 5 18 16 10 47 11 82 16 46 0 65 1 58 7 8 4 96 2 98 5 23 6 50 13 8 14 99 3 67 8 8 17 91 
18 29 2 48 11 36 1 84 0 84 8 8 19 14 6 60 12 92 4 98 15 71 5 89 3 90 10 7 9 6 7 30 14 54 13 47 16 11 17 21 
7 44 11 54 13 11 5 83 4 26 17 8 14 76 18 68 15 90 16 88 1 6 12 78 0 2 6 95 19 82 2 60 9 75 10 94 3 37 8 66 
5 55 16 58 9 35 10 80 14 91 3 69 7 96 15 58 12 27 13 6 18 4 0 55 4 24 2 2 19 42 11 73 17 36 8 17 6 77 1 30 
12 64 3 8 6 84 15 81 4 44 14 93 1 70 2 51 17 75 9 54 13 66 8 73 11 85 18 76 7 68 0 53 10 67 16 13 5 89 19 3 
