30 20 
18 42 16 15 7 49 11 17 9 14 4 75 15 98 3 97 19 70 13 68 14 90 0 2 8 12 5 52 17 78 6 13 1 94 10 42 12 82 2 29 
18 58 19 64 9 46 5 58 2 38 6 74 11 78 3 52 10 16 1 80 14 39 0 66 12 89 8 58 7 76 16 20 13 28 15 76 17 20 4 28 
14 81 11 93 0 43 8 42 15 6 19 47 16 11 13 16 4 21 6 55 17 95 2 75 1 9 5 60 12 95 3 44 9 66 7 22 18 7 10 45 
0 23 18 79 14 38 16 1 9 74 8 30 2 43 7 67 19 45 17 33 15 94 12 94 4 14 3 8 13 90 10 67 6 91 5 64 1 41 11 76 
5 44 14 86 13 56 3 97 17 41 16 22 18 68 8 30 1 24 4 61 7 84 15 81 0 47 6 79 19 34 2 26 12 89 9 43 10 89 11 73 
10 69 5 33 15 69 3 97 8 12 1 82 17 75 13 98 0 48 6 28 14 75 12 93 9 70 2 73 11 72 7 60 19 67 16 70 18 85 4 40 
18 53 0 17 2 7 12 58 3 56 6 31 4 76 14 28 15 99 5 65 11 80 16 70 7 27 19 6 1 76 17 77 13 91 9 43 10 22 8 13 
4 39 16 25 15 60 3 70 10 45 7 6 6 4 18 28 0 3 14 41 12 37 17 85 8 72 2 99 1 41 19 38 9 86 11 77 13 56 5 62 
0 28 9 78 8 72 13 15 4 7 2 83 17 18 12 89 7 24 15 52 16 90 14 95 18 60 19 43 1 51 6 82 10 21 3 11 5 85 11 58 
9 66 18 42 0 67 6 51 5 36 17 26 15 66 7 16 4 72 11 31 19 31 14 80 12 47 3 34 1 89 8 41 2 82 13 13 10 30 16 65 
10 21 17 13 5 92 2 93 9 54 15 15 7 93 4 22 19 73 1 81 13 47 14 68 16 33 0 80 8 56 18 38 3 67 12 41 11 92 6 82 
6 35 15 59 8 39 19 67 1 57 16 46 17 40 0 13 9 73 18 65 11 68 12 50 13 67 5 67 7 47 14 56 10 45 2 65 3 54 4 55 
15 2 6 15 7 43 5 55 3 48 16 18 2 67 18 63 19 81 13 11 10 55 1 56 4 83 8 80 17 46 9 42 14 89 12 30 0 66 11 83 
4 99 18 76 8 50 6 14 10 43 13 31 7 12 5 9 16 67 14 60 1 99 15 1 9 36 19 87 12 80 17 99 11 50 3 35 0 76 2 41 
17 63 8 69 16 4 1 65 10 69 11 51 7 97 0 96 12 18 9 58 2 22 6 58 19 86 13 5 14 52 3 77 5 67 18 25 4 4 15 59 
16 31 13 41 9 58 15 37 19 26 4 19 12 4 0 71 14 84 10 89 5 65 8 3 7 55 1 26 18 24 17 41 11 72 3 87 6 63 2 63 
13 21 4 21 6 77 10 5 2 90 12 46 14 65 15 22 5 80 16 48 0 34 1 26 17 75 3 97 11 78 7 39 8 10 9 91 18 35 19 80 
17 51 3 24 7 79 0 36 8 41 11 26 2 28 13 4 19 52 5 24 9 44 12 38 14 32 15 39 16 56 1 72 10 29 6 86 4 23 18 18 
0 27 13 43 4 17 10 82 7 98 14 67 11 74 2 46 5 89 12 33 16 63 15 35 1 36 9 67 17 53 19 73 6 78 3 18 18 15 8 7 
7 1 13 26 1 14 11 36 19 32 10 55 6 38 9 16 8 23 18 80 14 45 4 30 16 45 17 35 5 28 15 77 2 20 3 62 0 95 12 63 
19 4 4 13 2 17 10 45 6 64 11 16 16 24 5 40 9 41 8 46 0 17 15 68 1 69 3 28 14 99 18 45 13 90 12 81 7 74 17 75 
10 87 6 10 17 77 15 57 19 92 9 16 1 15 13 78 7 91 12 7 3 94 14 43 0 43 2 42 18 64 8 70 11 90 4 25 5 6 16 56 
18 4 13 26 15 44 5 37 17 19 1 91 14 6 12 71 6 11 7 94 0 98 19 40 4 57 10 22 3 48 16 6 2 48 9 23 8 46 11 6 
3 6 4 89 11 16 13 74 18 16 16 28 12 81 15 94 7 56 8 62 9 28 2 49 6 7 10 94 14 80 5 3 19 27 0 53 17 79 1 43 
6 17 7 78 8 83 11 51 16 41 14 50 4 35 19 45 9 12 17 25 5 49 1 79 10 1 18 12 3 48 13 18 12 88 15 10 2 99 0 70 
5 73 8 99 4 24 13 65 0 45 11 97 14 12 6 45 2 52 16 90 1 4 9 10 19 5 3 4 17 35 15 18 10 77 18 61 12 35 7 24 
14 41 10 37 3 8 2 87 5 73 4 23 9 8 16 10 18 58 11 98 0 56 6 48 8 8 13 69 12 98 1 73 17 1 7 10 19 37 15 4 
18 4 13 59 17 13 6 89 16 44 11 71 12 46 10 21 19 31 5 27 8 77 0 16 4 74 2 50 14 38 15 51 1 91 7 77 3 72 9 93 
6 39 3 19 10 52 15 81 7 38 13 9 18 82 8 91 19 29 5 25 4 25 12 74 2 69 17 18 16 52 9 54 0 48 11 91 14 86 1 64 
8 98 7 76 6 34 0 17 9 75 3 31 17 43 16 79 14 62 12 8 10 98 1 87 2 19 4 25 19 2 15 90 18 87 11 68 13 56 5 47 
