30 20 
18 73 8 27 0 65 9 68 12 40 5 60 1 97 2 86 4 74 11 55 15 34 13 29 17 94 14 96 19 30 10 28 16 2 7 6 6 35 3 27 
0 78 15 77 3 24 2 52 12 28 18 32 1 84 6 60 7 10 17 85 9 80 13 85 4 43 5 64 19 15 10 97 14 16 16 31 8 40 11 98 
18 78 1 59 10 63 12 90 17 37 9 80 8 89 7 72 11 64 2 65 19 29 13 64 6 28 4 33 3 82 16 27 5 83 15 65 14 29 0 70 
4 21 11 90 10 69 19 14 12 72 18 77 9 52 2 9 14 42 17 21 5 23 1 85 3 78 15 62 13 9 8 82 6 54 0 86 7 81 16 80 
11 19 5 53 1 67 14 77 15 71 8 28 17 81 18 97 2 45 3 45 4 47 13 52 19 24 0 63 9 26 16 94 12 98 6 59 10 55 7 54 
5 48 12 70 8 7 0 34 11 17 10 82 6 86 16 75 15 57 17 19 7 18 2 50 18 73 4 10 1 21 9 76 3 30 14 83 13 69 19 13 
19 25 9 9 15 79 8 85 7 66 5 40 17 54 4 85 6 73 18 47 12 12 14 62 3 61 11 73 16 15 13 73 2 62 1 16 10 63 0 98 
19 86 10 87 0 93 4 59 7 9 18 61 3 70 5 38 14 92 2 40 9 3 1 63 11 45 12 88 6 96 16 50 17 98 8 30 15 49 13 23 
14 12 12 45 17 45 6 90 10 97 16 37 19 3 8 8 9 84 7 2 0 7 2 67 11 83 18 2 3 47 1 57 13 26 4 92 5 63 15 32 
4 24 16 4 11 66 6 97 1 29 3 61 0 4 2 90 13 97 19 44 7 79 17 36 8 29 9 29 18 73 15 37 10 47 12 66 14 96 5 29 
4 89 7 34 19 42 17 44 8 27 1 32 5 53 13 63 15 76 6 48 0 67 3 16 11 84 16 49 9 27 10 29 2 8 14 86 12 59 18 29 
5 26 14 88 13 9 7 92 1 24 17 8 4 34 15 21 16 7 8 76 3 82 11 14 18 94 0 58 2 18 12 38 9 38 19 12 10 67 6 98 
9 37 11 83 6 50 14 51 0 49 18 6 10 16 3 83 19 76 1 76 2 50 8 97 4 11 16 80 12 57 17 4 15 16 13 6 5 90 7 53 
15 85 3 91 18 47 8 2 9 61 1 45 14 47 13 91 11 86 5 70 19 24 17 89 6 42 2 37 0 78 4 36 7 12 16 94 10 73 12 57 
0 74 9 67 6 39 7 46 10 98 3 57 14 40 18 80 8 65 15 98 2 18 16 71 17 42 19 27 5 54 12 85 11 8 1 17 4 20 13 68 
13 19 14 6 12 6 10 50 16 4 1 49 2 5 18 87 8 31 11 70 5 93 17 64 0 23 19 11 6 90 4 19 3 69 7 3 9 79 15 26 
17 56 6 67 0 95 15 10 13 20 2 83 11 69 10 25 18 70 3 27 12 73 8 55 7 26 14 77 9 31 1 62 19 88 16 81 4 58 5 57 
8 19 18 73 4 53 7 61 1 83 3 39 0 88 19 41 5 98 10 51 14 51 16 69 11 14 12 82 6 35 17 45 9 87 13 23 2 12 15 45 
9 39 16 13 17 26 8 5 3 51 19 74 5 34 2 52 11 94 7 85 12 71 15 57 10 41 13 34 14 60 6 21 1 75 0 16 18 6 4 94 
0 79 4 11 12 52 11 93 1 32 3 33 6 30 8 12 5 95 9 61 16 79 17 46 2 20 14 91 7 65 19 79 18 31 15 96 10 97 13 50 
19 33 2 92 3 41 16 66 9 12 5 25 0 31 13 67 11 85 8 89 17 53 7 99 15 7 10 1 1 73 14 25 18 44 4 84 12 21 6 78 
17 35 18 30 5 61 11 79 16 7 15 42 1 91 3 92 13 39 4 71 8 17 9 76 0 33 2 2 14 33 12 68 6 45 10 84 7 87 19 4 
15 38 7 3 2 12 16 51 5 65 3 8 9 69 8 67 13 72 1 61 18 19 0 30 6 90 19 60 11 64 17 63 14 20 12 77 4 8 10 61 
3 47 12 11 18 25 2 44 6 74 13 32 17 77 1 52 16 69 19 3 7 4 15 76 9 12 8 88 14 40 4 57 10 73 5 16 0 63 11 26 
19 83 1 15 18 61 10 54 9 26 16 7 2 48 0 63 3 7 14 41 5 60 11 1 6 71 8 8 17 76 4 21 7 36 12 79 15 99 13 11 
14 30 5 60 0 80 3 48 7 97 2 19 10 83 18 14 19 59 16 96 9 76 4 79 15 86 6 50 8 31 17 69 1 86 11 11 13 64 12 72 
2 63 12 88 6 30 13 86 18 42 5 56 16 78 15 5 14 36 10 77 9 32 4 72 19 52 8 71 0 9 3 92 1 99 11 3 17 14 7 65 
2 90 7 29 17 25 0 2 9 44 12 8 5 2 16 76 18 13 1 36 8 77 4 42 13 15 11 77 10 94 14 13 19 14 15 56 6 61 3 70 
11 88 10 93 6 83 14 87 1 21 3 28 5 88 9 76 7 94 16 39 4 23 18 46 12 17 13 60 17 57 8 67 19 88 0 24 15 91 2 6 
19 62 1 40 0 53 11 52 13 21 15 54 14 35 7 80 10 80 3 86 17 82 6 33 8 97 12 73 18 97 9 69 5 60 2 24 4 71 16 70 
