30 15 
7 93 12 21 13 51 6 86 2 91 10 17 1 47 3 60 4 82 5 51 14 7 0 20 8 33 9 29 11 45 
6 51 2 89 4 8 5 53 3 70 9 47 1 88 13 64 10 65 14 12 8 7 12 11 0 80 11 84 7 85 
10 63 7 24 5 81 0 53 1 13 13 31 6 4 11 5 9 49 12 21 4 34 8 97 2 75 14 58 3 95 
14 26 9 33 8 44 13 85 12 7 1 54 10 9 3 46 5 22 7 13 6 31 2 83 11 70 0 86 4 54 
14 53 10 1 7 36 3 68 13 85 8 47 4 84 6 15 12 56 1 68 0 12 9 78 5 72 11 88 2 73 
5 70 6 4 3 94 7 87 1 37 14 76 11 49 8 5 0 37 9 77 2 5 10 43 4 56 12 38 13 16 
2 66 1 28 5 6 3 56 12 18 11 74 14 56 10 19 13 81 9 95 7 57 4 59 0 71 8 19 6 15 
12 22 14 81 7 44 2 17 4 90 11 66 10 87 0 91 9 78 1 73 5 43 13 68 8 41 3 60 6 8 
10 22 3 75 4 32 14 61 6 95 5 16 12 73 0 34 1 37 2 4 8 50 11 31 13 58 9 11 7 32 
7 40 12 24 3 63 0 19 8 57 13 94 1 62 2 96 14 64 11 87 10 89 9 27 4 22 6 11 5 37 
7 28 6 46 1 21 2 48 3 36 10 55 14 86 8 26 12 67 0 49 13 51 4 18 11 12 5 89 9 20 
4 10 2 57 0 59 13 89 1 36 9 34 10 64 6 91 14 99 3 52 5 73 7 80 8 20 12 23 11 55 
6 2 11 44 7 34 0 84 3 31 14 81 4 16 9 90 12 17 1 24 2 7 8 39 10 76 5 19 13 62 
13 73 6 11 3 15 9 42 4 42 11 54 5 42 1 35 0 44 7 82 2 12 10 78 14 70 8 44 12 51 
13 15 2 10 9 38 3 57 5 12 1 71 10 17 4 13 6 13 8 40 11 82 12 64 14 5 7 57 0 71 
4 51 2 27 9 54 3 38 13 12 8 7 10 59 11 29 6 67 0 33 12 5 7 73 14 37 1 43 5 5 
2 18 4 88 12 92 9 93 11 77 7 45 3 73 1 39 5 80 13 4 10 97 14 82 0 56 8 6 6 5 
6 24 9 77 5 46 8 77 0 52 11 66 14 55 1 89 10 31 4 28 2 71 12 73 7 37 13 89 3 14 
9 16 0 47 1 46 10 49 4 41 5 81 6 30 3 7 14 10 8 55 12 69 13 65 11 8 2 92 7 54 
4 41 11 33 13 81 8 37 1 57 3 9 0 25 12 62 6 29 10 68 7 41 5 25 14 49 2 92 9 14 
0 13 14 70 8 18 9 35 2 52 7 24 3 76 11 61 6 48 4 65 13 1 10 60 5 48 12 87 1 46 
14 88 1 94 11 80 0 28 8 80 2 65 3 58 13 51 4 44 7 68 6 56 9 50 5 62 10 16 12 26 
2 85 9 14 3 52 0 77 11 13 14 41 6 10 4 46 12 91 8 25 7 86 5 13 13 5 1 64 10 17 
4 88 10 24 3 49 14 43 9 10 5 2 6 66 2 40 8 95 12 19 13 48 11 95 0 84 7 83 1 52 
6 31 13 51 11 24 12 81 7 76 0 44 3 22 9 25 4 35 8 99 14 52 10 6 1 28 2 91 5 10 
10 79 5 20 6 30 13 92 2 28 12 85 9 49 4 22 8 60 1 71 11 66 0 35 3 41 14 7 7 66 
6 57 1 64 2 22 0 60 12 89 4 80 11 15 3 53 14 69 5 4 13 17 8 58 7 43 9 54 10 99 
0 46 14 40 13 28 6 32 11 62 3 57 12 16 8 31 2 89 9 99 5 35 7 72 4 36 10 88 1 20 
12 46 13 37 3 74 0 20 5 99 9 56 2 25 6 77 14 94 10 22 4 69 8 98 7 8 11 30 1 78 
10 46 3 63 5 95 8 15 7 46 4 28 11 17 2 42 1 88 12 30 0 25 14 26 13 37 9 17 6 3 
