30 15 
0 20 12 76 2 91 9 38 7 57 8 37 4 22 14 24 13 84 1 99 3 79 10 23 6 22 11 56 5 72 
14 4 6 39 13 19 8 60 5 2 3 71 2 92 12 2 10 97 4 26 1 75 9 67 11 6 7 25 0 40 
14 3 5 87 7 22 8 5 6 11 10 89 2 33 13 16 9 9 0 66 12 35 4 8 3 94 1 58 11 88 
10 13 1 54 7 44 5 64 14 42 13 36 2 50 8 99 4 74 9 36 12 41 3 67 6 24 0 41 11 67 
11 50 5 83 0 45 3 34 1 33 10 97 4 16 9 77 6 30 2 24 14 63 8 77 13 69 7 19 12 93 
5 86 11 66 0 71 3 41 2 80 1 49 8 13 14 99 13 21 6 80 7 54 9 67 4 28 12 90 10 32 
11 90 5 42 6 86 8 60 7 94 1 68 10 47 12 27 4 71 2 53 14 65 3 40 13 66 0 14 9 36 
12 57 10 14 1 14 2 88 5 24 7 81 13 49 14 72 8 91 4 48 11 47 9 15 6 77 3 11 0 65 
7 67 14 76 0 44 4 81 5 54 8 79 3 84 1 86 13 23 12 39 10 46 11 5 6 25 2 90 9 81 
2 29 5 84 12 1 3 12 10 79 13 36 8 22 6 33 7 12 0 30 9 40 4 80 14 84 11 12 1 22 
4 32 0 75 8 66 12 37 2 56 11 82 14 71 1 55 5 77 9 99 13 45 10 70 6 70 7 67 3 21 
0 43 4 67 2 37 11 94 14 92 3 41 5 59 1 5 8 12 12 42 13 49 10 15 9 53 7 36 6 57 
0 88 7 17 10 66 6 36 14 72 8 99 9 48 12 99 3 77 5 27 2 3 4 21 11 52 13 37 1 86 
13 25 2 84 1 96 9 60 6 10 5 10 10 66 8 75 7 69 4 34 3 71 11 88 12 7 0 99 14 50 
3 12 1 31 5 36 0 5 14 3 12 75 11 12 4 42 10 42 7 94 13 40 9 88 8 72 6 95 2 36 
2 87 6 85 13 73 1 62 4 68 14 17 12 42 10 48 5 75 7 54 8 11 11 31 9 71 0 56 3 56 
7 16 14 22 2 97 3 61 6 4 4 50 0 19 11 90 9 24 10 91 13 50 8 21 5 70 1 39 12 15 
1 82 11 13 8 33 14 5 4 62 0 6 12 62 10 99 2 76 5 41 6 50 9 24 3 53 7 11 13 94 
5 90 9 97 4 84 1 97 6 57 10 40 2 38 3 55 12 75 0 53 13 83 8 47 7 85 11 79 14 5 
5 15 8 71 0 43 10 62 14 51 9 69 13 69 7 81 1 97 12 98 2 9 6 4 11 9 4 87 3 38 
3 51 1 55 11 33 5 52 6 96 2 31 12 18 9 37 4 36 8 56 10 37 13 97 7 37 14 79 0 36 
2 82 14 86 1 80 7 99 6 47 11 25 12 85 8 16 3 53 5 59 4 22 13 46 9 70 0 71 10 90 
10 60 7 5 1 32 4 77 9 11 6 81 11 10 14 24 8 26 0 90 12 79 5 49 13 16 2 6 3 82 
3 99 11 90 14 47 9 3 12 5 10 98 1 10 8 52 7 62 0 50 5 49 2 86 13 59 6 92 4 56 
9 24 7 49 14 71 13 30 1 32 6 78 11 11 10 15 5 17 0 91 3 46 4 72 12 47 8 36 2 99 
11 37 3 18 6 29 12 50 1 87 7 81 2 21 14 61 13 74 0 5 9 88 8 79 5 98 10 60 4 31 
3 14 11 55 2 37 1 59 10 87 12 60 9 80 8 69 14 27 6 61 5 23 0 16 4 17 7 83 13 55 
13 5 1 2 3 38 5 82 2 99 11 14 7 94 0 8 9 27 14 59 4 7 8 52 10 37 6 90 12 18 
8 13 3 69 12 17 5 47 7 87 9 42 11 35 0 97 14 57 1 52 13 50 6 53 10 97 4 29 2 74 
5 63 12 87 3 55 2 49 4 88 7 9 1 27 0 59 13 50 10 87 8 64 9 42 6 87 11 94 14 24 
