30 15 
9 91 14 57 11 62 4 5 3 89 8 13 0 4 13 23 7 95 2 40 5 97 1 98 6 11 10 59 12 40 
0 13 6 25 9 19 13 23 1 97 3 16 8 23 11 21 2 95 10 12 5 31 7 18 14 23 4 88 12 89 
4 93 8 75 0 96 13 25 1 23 6 91 14 67 2 51 3 83 9 32 5 42 7 8 12 45 10 60 11 95 
14 90 7 7 10 48 6 16 8 18 5 76 9 46 4 4 11 72 1 60 13 44 12 62 3 54 2 86 0 35 
12 43 10 70 9 79 2 54 5 36 0 37 7 83 3 99 1 49 6 7 13 11 4 85 8 76 11 83 14 95 
4 78 12 37 2 76 1 8 6 18 11 10 14 91 3 35 9 65 10 11 0 91 13 31 8 67 5 33 7 78 
1 86 3 9 6 92 13 98 5 59 11 61 7 94 12 9 0 95 14 26 10 24 2 87 8 45 9 37 4 60 
14 16 11 24 9 53 1 20 10 22 4 85 6 23 8 39 2 93 0 96 3 96 5 32 7 69 13 40 12 34 
2 44 3 41 7 58 10 1 4 66 9 62 5 61 13 49 1 38 11 35 0 33 6 62 12 24 14 14 8 50 
2 42 14 37 5 76 4 40 6 25 12 28 10 44 13 85 1 54 8 24 3 59 7 46 9 17 11 72 0 97 
2 76 11 18 7 95 12 41 9 33 5 33 14 98 4 54 3 58 10 40 8 76 1 77 13 76 6 69 0 2 
1 52 4 29 14 97 6 3 8 73 12 89 7 78 10 87 2 53 5 27 13 40 9 89 3 8 0 88 11 96 
13 46 8 45 12 63 1 92 9 66 4 68 14 75 6 99 11 76 5 1 0 88 10 61 3 61 7 90 2 76 
13 58 12 5 10 66 5 63 2 72 7 45 8 74 9 75 4 94 0 60 11 4 1 12 14 19 3 41 6 71 
4 22 7 80 9 47 14 56 3 20 5 80 12 97 13 8 2 99 11 11 10 84 6 80 8 13 1 8 0 49 
13 29 3 10 4 34 6 34 0 48 12 39 14 1 5 85 7 17 8 10 2 96 1 54 10 90 9 12 11 32 
8 69 11 92 5 67 1 41 10 92 14 4 6 10 2 29 0 78 4 96 3 40 13 15 12 10 7 56 9 54 
1 82 12 78 2 21 3 1 4 14 9 19 14 91 10 54 8 79 7 31 0 30 13 67 5 21 6 77 11 71 
12 93 6 26 2 66 0 45 3 35 1 66 11 26 8 64 9 11 5 8 4 46 14 34 10 42 13 73 7 7 
0 2 6 69 11 88 4 18 3 5 10 18 1 21 9 19 14 90 2 78 7 55 13 39 5 28 8 20 12 60 
13 53 0 85 10 4 8 6 11 93 3 8 5 39 6 30 1 95 12 26 9 76 14 1 4 87 7 68 2 1 
1 71 9 61 8 39 7 26 0 36 3 83 10 46 4 37 5 90 13 48 12 2 6 56 14 50 11 30 2 45 
3 8 0 17 5 71 10 80 4 99 14 57 2 53 8 74 13 17 7 24 6 93 12 42 11 61 9 88 1 25 
7 23 6 55 8 59 13 17 0 21 4 86 9 38 1 97 2 42 3 52 5 79 11 73 12 22 10 19 14 61 
1 66 7 22 3 27 8 67 5 82 13 75 0 12 6 91 10 83 2 95 14 63 11 40 4 85 12 50 9 53 
5 60 4 25 6 81 12 39 2 26 14 13 9 90 10 33 0 85 11 33 7 55 1 29 3 69 13 49 8 1 
12 51 7 66 2 40 4 25 9 22 11 81 3 31 13 17 5 74 8 15 14 94 1 78 6 33 10 42 0 97 
1 90 3 25 12 91 5 46 14 14 8 3 13 40 6 39 10 6 11 99 2 53 4 8 9 52 0 36 7 8 
6 11 5 90 3 83 8 75 10 8 9 34 11 21 2 77 0 22 13 34 4 62 1 19 7 18 12 37 14 33 
7 78 6 83 0 58 11 12 5 22 4 68 10 18 1 88 2 97 12 45 8 11 3 10 14 64 13 62 9 81 
