30 15 
5 3 12 46 9 17 7 35 2 95 14 85 11 27 10 48 0 6 13 84 4 15 1 20 6 15 8 17 3 88 
8 97 7 69 1 50 13 95 10 50 14 50 9 26 0 57 12 58 4 55 11 43 6 70 5 97 3 93 2 31 
14 61 12 90 4 40 5 32 0 13 6 8 11 47 13 18 9 7 1 36 7 21 8 73 3 78 2 88 10 7 
5 93 10 53 1 13 14 66 9 41 6 30 12 28 4 68 2 17 0 42 8 30 11 69 7 91 13 70 3 66 
12 71 14 49 13 29 11 22 2 65 1 58 9 68 5 58 7 8 0 21 4 34 8 24 3 23 6 68 10 50 
8 60 5 89 11 22 2 16 14 37 13 24 6 23 4 81 12 56 3 84 10 41 0 16 9 20 1 7 7 44 
4 40 1 44 12 57 13 52 3 78 14 74 11 37 10 66 9 37 6 64 5 26 7 87 0 81 2 57 8 3 
13 80 11 71 9 60 2 69 5 51 6 1 8 92 3 52 14 32 1 45 0 56 12 85 4 18 10 41 7 87 
10 51 13 3 1 52 12 27 8 92 0 65 3 33 11 25 5 70 9 10 7 58 4 82 2 74 14 19 6 11 
13 14 11 74 4 5 3 24 8 47 5 12 9 8 12 43 2 51 0 56 14 6 1 70 7 53 6 99 10 15 
14 22 4 10 8 73 1 41 6 57 3 94 2 73 0 53 12 6 7 77 9 19 5 50 10 70 13 11 11 28 
3 73 4 82 12 66 9 14 13 95 0 43 10 93 6 28 11 34 5 90 7 77 1 10 2 78 8 11 14 62 
9 27 5 64 14 93 1 58 10 49 8 33 6 42 11 18 7 41 13 61 4 31 12 91 0 56 2 58 3 60 
1 6 10 5 2 11 14 58 11 38 3 73 12 40 13 26 8 15 0 13 7 69 6 35 5 49 4 24 9 50 
7 51 5 64 8 3 2 96 13 49 11 25 10 19 9 84 0 7 1 67 12 81 4 78 6 61 3 67 14 22 
11 20 1 20 10 40 0 1 4 7 2 35 7 25 9 47 5 9 6 61 3 46 13 29 14 60 8 59 12 99 
5 90 7 30 13 35 4 66 0 76 11 53 6 69 12 40 1 21 14 10 9 47 3 96 8 13 10 96 2 12 
14 88 6 84 9 50 1 16 10 17 0 68 4 44 8 20 7 88 2 75 5 53 11 11 12 85 13 94 3 60 
5 39 13 46 7 7 2 70 0 63 10 68 14 67 6 79 12 60 4 29 1 80 9 30 3 31 8 41 11 3 
6 14 10 93 5 44 8 38 12 72 0 74 14 5 7 20 3 44 13 35 1 18 2 4 4 34 9 44 11 49 
0 72 9 12 2 66 7 61 14 66 8 10 3 52 10 7 11 31 4 20 12 75 6 38 1 48 13 97 5 36 
2 30 0 20 3 36 14 25 7 6 11 56 1 79 4 79 9 91 6 56 10 45 5 97 12 92 13 37 8 30 
12 86 9 87 6 42 3 31 11 46 7 88 8 11 14 30 4 90 1 5 13 64 10 21 2 29 5 67 0 11 
2 48 13 2 8 65 7 62 4 55 1 16 9 1 12 34 3 5 10 16 0 47 11 82 5 46 14 65 6 58 
12 8 4 96 13 98 0 23 9 50 6 8 14 99 5 67 8 8 2 91 3 29 11 48 10 36 1 84 7 84 
10 8 14 14 6 60 5 92 13 98 2 71 1 89 8 90 4 7 12 6 11 30 3 54 0 47 9 11 7 21 
7 44 1 54 2 11 9 83 5 26 8 8 6 76 3 68 12 90 4 88 13 6 0 78 11 2 10 95 14 82 
12 60 8 75 13 94 2 37 9 66 10 55 1 58 5 35 7 80 14 91 0 69 6 96 3 58 11 27 4 6 
3 4 11 55 2 24 14 2 5 42 12 73 13 36 4 17 7 77 6 30 9 64 1 8 0 84 10 81 8 44 
11 93 4 70 8 51 2 75 14 54 3 66 0 73 9 85 12 76 6 68 7 53 10 67 1 13 5 89 13 3 
