30 15 
5 20 8 95 0 94 11 89 6 66 1 90 9 19 3 25 14 92 13 77 12 10 7 96 2 97 4 77 10 69 
11 29 6 5 1 84 9 35 7 37 12 19 4 60 14 23 10 7 13 92 8 53 2 71 5 94 3 6 0 69 
0 38 4 29 11 70 10 86 7 81 9 60 12 3 1 26 14 24 3 73 8 5 5 58 2 75 6 70 13 1 
3 66 8 42 12 23 5 57 9 56 4 83 10 63 1 96 14 65 13 35 11 93 6 34 7 73 0 55 2 30 
13 82 12 63 11 75 10 84 14 54 6 2 7 98 5 76 4 28 1 72 9 45 2 29 3 50 0 14 8 86 
1 9 4 61 13 8 2 47 8 66 11 12 10 38 6 61 14 34 12 14 5 96 0 32 7 90 9 78 3 81 
7 74 14 23 0 88 12 16 11 13 13 50 9 48 6 90 2 41 8 24 3 55 1 93 10 48 4 15 5 45 
7 27 0 49 8 9 1 27 3 11 4 30 14 96 12 74 10 33 5 2 6 53 11 2 2 97 9 26 13 56 
4 79 2 6 12 68 8 52 7 75 6 70 10 35 3 51 1 7 0 43 11 46 5 73 9 54 14 7 13 34 
3 23 9 63 5 70 1 82 0 97 11 9 2 34 14 73 6 44 7 5 13 46 10 47 4 76 12 48 8 91 
10 59 12 92 4 87 6 16 2 54 1 79 9 50 11 27 5 16 0 59 3 9 7 54 14 68 13 78 8 6 
5 64 1 46 10 83 9 10 0 60 8 82 12 94 4 42 11 19 2 83 13 56 3 67 14 56 7 98 6 46 
11 17 12 63 8 86 9 40 13 74 3 16 10 86 0 92 1 26 7 20 4 76 2 60 5 48 14 64 6 52 
0 52 10 9 11 71 2 91 1 92 5 77 4 31 3 23 14 85 7 93 9 31 6 50 13 75 8 92 12 11 
9 19 1 60 7 92 10 18 11 94 2 42 5 35 4 93 14 84 8 63 0 32 12 24 6 4 13 80 3 24 
2 63 3 99 5 75 10 69 14 30 13 92 7 45 0 6 6 31 8 17 1 13 4 50 9 63 12 90 11 89 
1 31 7 51 13 61 5 42 6 2 4 60 11 69 9 49 0 24 3 99 14 26 12 50 10 90 8 84 2 21 
12 10 10 44 11 87 9 29 7 10 5 44 3 45 1 77 13 39 8 36 14 30 2 44 6 50 0 1 4 28 
7 59 1 72 6 17 13 35 4 50 10 19 3 87 0 18 5 82 8 34 2 21 14 21 9 46 12 39 11 88 
12 57 9 1 6 31 7 23 0 70 11 18 13 30 14 81 5 4 1 49 10 46 8 52 4 6 3 76 2 90 
1 64 3 99 7 26 4 53 12 69 5 21 14 69 9 90 6 53 11 72 13 48 0 30 8 96 10 57 2 89 
1 31 0 13 13 93 7 96 12 57 3 87 4 46 10 30 9 64 2 97 6 41 14 41 11 19 8 65 5 7 
0 60 3 57 12 96 1 62 8 64 6 45 4 71 5 75 10 78 11 46 9 24 7 87 2 62 14 92 13 6 
11 89 6 47 7 73 4 24 2 1 3 44 5 32 9 36 13 70 14 91 12 93 1 16 0 43 8 28 10 20 
2 20 10 74 4 21 9 64 0 61 11 38 5 45 14 54 13 59 8 42 3 38 12 42 6 37 7 23 1 1 
12 31 8 47 6 87 14 37 13 81 9 31 2 37 0 34 3 21 10 36 7 75 5 31 11 28 1 94 4 86 
7 4 8 39 13 73 12 7 3 25 1 61 2 42 4 19 6 96 10 87 5 36 9 86 11 1 14 29 0 6 
10 36 1 23 9 17 5 94 7 54 14 38 11 8 4 99 12 56 8 23 0 16 6 21 3 14 13 28 2 43 
13 7 12 18 2 8 7 2 0 28 5 26 11 97 10 65 8 60 1 59 4 11 14 75 9 1 6 76 3 37 
7 54 12 39 9 6 11 1 13 20 1 91 3 68 4 43 8 21 5 76 2 53 6 42 0 75 14 52 10 39 
