30 15 
11 65 3 78 5 14 1 25 10 15 12 26 0 39 9 88 4 77 6 24 7 63 14 7 2 86 13 79 8 69 
3 29 10 15 4 74 14 46 6 65 2 6 7 58 11 74 9 8 5 67 0 68 1 19 8 95 13 22 12 33 
13 79 3 60 10 52 2 5 1 16 11 65 0 22 9 96 8 80 5 11 6 80 4 76 7 74 14 37 12 24 
3 32 7 78 6 92 1 52 11 80 9 10 12 2 14 39 5 63 0 73 10 29 4 19 2 2 13 77 8 78 
14 93 13 46 2 50 7 30 3 18 11 33 9 20 0 12 12 47 1 21 4 68 10 61 6 18 8 14 5 25 
9 26 8 99 7 10 0 41 4 15 10 59 12 70 13 47 3 8 2 26 1 11 14 82 11 15 5 78 6 36 
8 78 14 75 3 49 2 19 4 55 11 32 0 54 9 55 7 26 13 44 5 31 6 94 1 76 10 21 12 4 
5 56 2 35 11 67 10 82 4 61 6 56 14 49 12 16 13 8 8 8 7 82 1 37 0 47 9 74 3 85 
2 94 5 7 12 98 14 59 7 83 3 19 0 40 10 93 4 48 11 52 13 86 8 86 6 16 1 15 9 89 
1 89 5 67 14 50 7 88 12 13 10 93 6 99 2 83 11 94 13 63 3 77 9 27 0 2 8 4 4 37 
0 1 13 53 14 44 9 24 5 38 3 60 4 4 12 82 10 21 1 85 6 28 11 81 7 20 2 86 8 4 
8 81 12 11 14 63 11 47 13 44 7 88 3 86 2 6 1 44 9 35 0 31 4 37 6 18 10 23 5 46 
9 96 2 22 12 95 6 49 0 33 4 68 13 16 3 89 14 62 11 32 1 6 10 87 5 9 8 17 7 22 
7 56 3 63 2 69 5 81 10 90 13 45 11 36 8 88 0 94 1 71 9 16 6 84 4 32 14 74 12 41 
4 71 3 21 7 57 5 75 9 89 13 30 2 64 10 54 1 74 8 5 12 54 11 32 6 21 0 60 14 49 
10 39 7 13 12 81 8 42 13 84 6 47 3 43 1 23 4 38 0 16 9 36 5 64 14 79 2 41 11 91 
9 93 13 17 8 2 2 84 7 14 3 46 12 94 10 6 4 39 11 24 6 7 5 34 1 64 14 27 0 34 
11 88 4 10 10 14 12 58 14 30 3 65 6 37 9 41 5 56 8 1 2 73 13 10 1 17 0 44 7 48 
0 4 12 16 2 75 5 55 11 4 4 12 9 95 10 3 13 54 1 94 3 43 14 39 8 13 6 78 7 60 
0 34 12 51 13 81 8 59 6 5 10 30 7 71 5 23 2 14 9 97 14 71 11 14 1 11 4 12 3 63 
3 36 6 89 14 30 1 90 0 97 13 6 7 46 12 82 2 10 9 43 5 95 8 33 11 21 4 94 10 4 
6 60 0 12 5 35 14 32 4 32 3 51 1 83 8 32 7 79 9 24 13 73 11 9 2 63 12 80 10 6 
5 9 7 14 11 31 13 45 8 53 6 70 9 42 1 46 0 97 12 29 3 21 4 30 14 2 2 28 10 20 
6 34 12 53 0 91 4 85 10 97 11 3 9 25 3 50 7 11 1 22 5 28 13 26 14 66 8 17 2 90 
6 17 9 23 14 21 2 41 11 96 13 5 10 62 3 26 7 2 5 80 0 66 8 31 1 68 12 5 4 74 
1 3 9 1 14 1 7 67 8 17 4 57 5 51 10 24 13 66 0 26 11 25 3 46 2 71 6 3 12 82 
13 38 14 20 8 52 11 50 1 98 5 51 9 82 10 23 2 82 7 64 12 82 6 81 0 21 3 22 4 23 
7 77 11 61 6 74 12 75 8 79 2 69 3 13 1 49 13 54 10 93 4 88 9 45 14 29 5 9 0 94 
0 38 6 72 7 33 9 85 14 56 11 12 2 61 10 5 13 90 12 64 4 68 8 39 1 5 5 60 3 1 
8 50 7 81 12 43 3 72 1 27 4 67 2 18 14 25 9 42 6 46 0 35 5 10 11 5 10 80 13 95 
