20 15 
0 13 14 70 8 18 9 35 2 52 7 24 3 76 11 61 6 48 4 65 13 1 10 60 5 48 12 87 1 46 
14 88 1 94 11 80 0 28 8 80 2 65 3 58 13 51 4 44 7 68 6 56 9 50 5 62 10 16 12 26 
2 85 9 14 3 52 0 77 11 13 14 41 6 10 4 46 12 91 8 25 7 86 5 13 13 5 1 64 10 17 
4 88 10 24 3 49 14 43 9 10 5 2 6 66 2 40 8 95 12 19 13 48 11 95 0 84 7 83 1 52 
6 31 13 51 11 24 12 81 7 76 0 44 3 22 9 25 4 35 8 99 14 52 10 6 1 28 2 91 5 10 
10 79 5 20 6 30 13 92 2 28 12 85 9 49 4 22 8 60 1 71 11 66 0 35 3 41 14 7 7 66 
6 57 1 64 2 22 0 60 12 89 4 80 11 15 3 53 14 69 5 4 13 17 8 58 7 43 9 54 10 99 
0 46 14 40 13 28 6 32 11 62 3 57 12 16 8 31 2 89 9 99 5 35 7 72 4 36 10 88 1 20 
12 46 13 37 3 74 0 20 5 99 9 56 2 25 6 77 14 94 10 22 4 69 8 98 7 8 11 30 1 78 
10 46 3 63 5 95 8 15 7 46 4 28 11 17 2 42 1 88 12 30 0 25 14 26 13 37 9 17 6 3 
0 20 12 76 2 91 9 38 7 57 8 37 4 22 14 24 13 84 1 99 3 79 10 23 6 22 11 56 5 72 
14 4 6 39 13 19 8 60 5 2 3 71 2 92 12 2 10 97 4 26 1 75 9 67 11 6 7 25 0 40 
14 3 5 87 7 22 8 5 6 11 10 89 2 33 13 16 9 9 0 66 12 35 4 8 3 94 1 58 11 88 
10 13 1 54 7 44 5 64 14 42 13 36 2 50 8 99 4 74 9 36 12 41 3 67 6 24 0 41 11 67 
11 50 5 83 0 45 3 34 1 33 10 97 4 16 9 77 6 30 2 24 14 63 8 77 13 69 7 19 12 93 
5 86 11 66 0 71 3 41 2 80 1 49 8 13 14 99 13 21 6 80 7 54 9 67 4 28 12 90 10 32 
11 90 5 42 6 86 8 60 7 94 1 68 10 47 12 27 4 71 2 53 14 65 3 40 13 66 0 14 9 36 
12 57 10 14 1 14 2 88 5 24 7 81 13 49 14 72 8 91 4 48 11 47 9 15 6 77 3 11 0 65 
7 67 14 76 0 44 4 81 5 54 8 79 3 84 1 86 13 23 12 39 10 46 11 5 6 25 2 90 9 81 
2 29 5 84 12 1 3 12 10 79 13 36 8 22 6 33 7 12 0 30 9 40 4 80 14 84 11 12 1 22 
