20 15 
11 93 14 36 12 67 5 38 8 60 9 40 0 53 7 28 6 70 13 40 1 72 4 6 2 1 10 79 3 82 
4 17 11 83 10 52 13 76 12 18 8 11 9 67 0 7 7 81 14 81 6 18 2 6 5 74 1 17 3 8 
1 91 12 4 5 68 0 95 9 96 10 49 7 54 3 14 2 3 14 97 4 54 11 36 8 78 6 43 13 99 
3 15 7 68 9 19 1 74 13 20 2 70 14 96 8 38 6 52 5 99 10 4 4 15 0 60 11 32 12 18 
8 6 10 79 3 21 4 75 0 23 6 30 14 81 2 23 13 89 5 6 11 77 1 70 7 84 12 19 9 54 
10 40 8 46 11 96 0 10 1 60 3 24 5 25 2 51 9 34 12 78 6 99 14 55 13 31 4 89 7 24 
1 77 2 18 3 11 5 51 4 71 9 69 7 19 11 14 10 1 8 73 14 65 13 25 12 42 6 55 0 87 
2 82 1 20 5 5 11 98 14 76 8 96 4 63 7 68 0 83 12 93 6 12 9 51 10 41 13 94 3 67 
4 50 5 73 14 98 7 49 12 52 0 87 1 9 8 14 13 60 11 48 3 27 9 53 6 24 10 85 2 5 
3 20 2 30 7 9 8 85 1 11 11 26 14 30 13 48 9 84 10 94 6 47 5 84 4 80 12 62 0 76 
12 31 3 12 10 87 5 99 7 20 4 51 2 4 1 34 8 40 14 17 0 41 11 1 13 78 9 52 6 52 
12 5 7 29 1 70 2 59 8 99 0 39 10 6 9 89 3 62 6 20 11 75 5 62 14 21 4 1 13 53 
4 16 1 31 8 22 11 78 0 79 2 91 10 15 7 12 3 49 5 46 6 11 14 9 12 44 13 75 9 69 
8 21 4 16 11 57 7 29 14 1 10 33 5 77 13 76 0 59 9 80 1 76 12 48 2 58 6 16 3 98 
9 66 2 53 11 63 5 32 4 99 6 36 10 54 7 7 8 64 13 42 0 16 12 46 1 69 3 16 14 33 
11 58 7 3 8 70 14 25 9 96 4 99 1 28 12 16 2 11 10 96 5 70 13 47 0 9 6 68 3 24 
14 77 0 40 6 85 10 73 1 19 5 35 7 33 13 66 11 45 8 39 12 97 2 4 4 59 3 63 9 34 
6 57 12 87 11 45 3 46 4 16 14 51 2 60 7 88 13 38 1 6 5 24 0 20 9 92 10 72 8 60 
7 19 5 5 2 93 10 77 4 83 14 99 9 32 11 57 0 10 1 82 13 53 12 17 8 47 3 79 6 46 
4 15 8 34 1 97 14 69 9 48 12 10 2 73 5 6 6 94 10 93 11 60 13 10 3 9 0 15 7 82 
