20 15 
11 29 3 68 6 40 13 24 14 58 5 31 12 82 2 35 7 3 10 90 8 2 4 3 1 24 0 83 9 15 
3 19 9 72 1 98 10 3 7 31 2 64 0 21 12 53 13 55 4 66 11 65 6 73 14 97 5 26 8 40 
14 9 12 40 3 52 8 26 9 24 2 86 13 43 5 14 1 60 10 11 6 42 4 15 11 13 7 95 0 15 
7 33 1 64 5 52 0 89 14 22 8 29 12 4 4 92 9 36 2 48 11 29 10 51 6 13 13 52 3 52 
7 93 13 94 0 53 11 74 6 1 9 80 2 17 4 40 8 43 14 65 5 92 10 32 1 95 12 8 3 82 
10 68 12 86 0 26 11 1 7 22 4 87 5 66 6 85 13 78 2 70 9 18 1 89 8 78 3 5 14 12 
1 48 12 28 8 20 13 23 0 29 3 80 4 19 14 44 10 84 7 29 11 67 5 30 2 54 9 69 6 25 
7 82 6 56 10 96 12 25 9 28 11 62 3 82 8 60 5 59 4 61 0 82 14 87 1 5 13 14 2 95 
7 43 9 24 0 71 4 16 6 59 2 43 3 2 10 10 5 5 11 32 13 18 1 54 12 32 8 58 14 71 
3 47 5 5 2 7 11 35 14 90 4 54 6 20 10 58 0 96 9 17 7 82 13 64 1 86 12 61 8 43 
10 42 6 92 0 37 3 29 11 2 9 89 14 59 12 48 1 27 2 42 4 16 7 91 8 54 5 85 13 94 
0 39 6 23 2 63 11 60 14 36 7 48 13 32 3 6 5 54 8 47 12 22 4 65 10 23 1 79 9 74 
9 26 0 12 12 89 13 6 6 83 8 82 5 23 14 25 4 43 10 61 7 43 2 16 1 76 3 37 11 72 
2 41 13 59 14 57 1 34 4 40 7 99 12 32 0 26 8 82 6 48 9 44 10 8 11 70 5 39 3 39 
14 82 0 43 6 46 9 76 10 43 2 6 11 62 4 84 12 92 7 6 1 19 3 97 5 19 8 75 13 31 
4 16 8 19 13 7 12 96 1 23 6 50 14 52 0 42 9 2 11 77 7 40 2 39 5 12 10 73 3 4 
1 11 6 91 10 2 11 80 5 85 3 85 7 64 0 51 14 3 4 73 2 5 13 80 8 2 9 94 12 20 
13 83 9 43 7 28 5 6 2 75 4 4 10 12 6 65 3 50 12 61 1 29 8 35 14 66 11 54 0 98 
14 31 1 5 2 17 3 78 4 35 0 78 10 7 12 2 13 11 9 75 7 11 11 85 5 38 6 54 8 65 
4 18 14 79 0 15 11 34 12 11 1 80 9 9 5 95 2 48 6 22 3 10 7 38 13 91 10 97 8 46 
