20 15 
0 72 14 47 12 74 10 76 6 34 5 36 4 53 13 83 11 96 2 47 1 59 9 25 8 7 7 75 3 26 
10 86 11 12 7 24 6 77 13 89 8 36 0 5 12 55 4 17 3 61 9 18 2 38 14 33 1 57 5 35 
13 56 6 36 4 57 1 82 7 80 11 42 5 51 9 71 0 23 2 26 12 85 10 84 14 37 8 59 3 20 
11 56 7 47 5 86 13 66 2 97 1 67 14 26 8 97 10 35 3 60 12 32 9 5 4 22 0 16 6 11 
6 31 14 14 11 34 10 3 4 59 2 78 9 58 12 95 0 10 1 39 5 96 7 25 3 97 8 6 13 8 
13 82 14 34 1 20 0 55 9 11 2 50 5 40 6 33 3 52 8 44 10 11 7 58 11 49 4 89 12 96 
1 88 10 20 2 89 0 68 7 96 9 71 4 89 3 63 12 57 6 77 8 48 11 35 13 84 5 11 14 74 
5 40 3 28 0 85 9 21 14 18 6 11 13 37 12 48 7 70 4 94 1 73 8 31 10 89 11 58 2 94 
13 4 0 6 9 77 8 11 11 42 12 72 7 17 2 90 10 73 6 92 1 68 4 44 5 42 3 64 14 9 
6 43 14 24 10 34 7 97 12 12 11 26 1 98 8 70 4 79 3 78 9 8 5 99 2 41 0 48 13 21 
13 56 3 69 1 59 14 64 11 82 10 10 6 96 5 60 9 17 8 16 2 41 12 82 4 63 7 99 0 32 
1 3 13 84 10 73 14 87 3 11 6 54 9 38 5 76 8 31 11 82 0 88 12 62 7 5 2 77 4 25 
2 46 7 17 5 16 1 40 14 56 3 61 12 70 4 51 11 96 9 51 10 25 8 39 13 10 6 65 0 18 
0 34 10 66 13 78 3 37 11 84 7 7 6 8 8 73 9 3 5 23 12 61 1 85 14 24 2 64 4 85 
9 40 4 3 12 63 6 60 5 79 1 48 10 65 7 3 2 52 8 34 0 22 11 83 14 97 3 42 13 77 
9 47 7 27 8 49 12 87 4 31 5 11 0 10 6 28 14 98 10 6 3 50 1 22 2 18 13 99 11 54 
13 84 5 6 4 56 10 64 1 67 8 84 9 60 3 68 14 54 2 11 7 27 0 38 6 62 11 7 12 45 
4 39 5 95 12 84 2 94 14 9 0 54 6 21 1 22 13 80 3 26 11 47 7 19 9 13 8 63 10 21 
0 10 13 90 14 50 5 18 3 17 1 78 8 18 11 2 4 16 9 31 12 20 6 69 2 57 7 74 10 36 
14 80 1 71 3 24 9 7 5 78 0 29 11 65 6 46 8 25 7 97 4 35 12 23 2 89 10 53 13 89 
