20 15 
13 44 10 70 1 37 11 46 7 50 4 90 5 66 8 6 0 10 3 52 12 98 9 45 2 62 14 39 6 62 
4 13 0 96 3 51 13 56 1 60 7 37 5 99 11 64 12 81 10 24 6 75 8 61 14 26 2 60 9 97 
0 32 12 57 6 88 2 73 5 76 8 78 14 11 3 89 7 31 4 44 11 62 9 84 1 96 13 64 10 58 
2 91 7 31 5 25 11 41 3 28 9 72 1 15 4 54 12 16 0 25 13 72 6 31 14 68 10 13 8 30 
8 87 7 6 13 62 2 1 1 36 10 39 14 3 4 85 9 68 3 65 5 62 12 20 11 85 6 8 0 58 
13 77 10 45 7 69 9 72 4 84 12 39 1 81 2 53 5 36 3 74 14 36 11 5 0 44 6 25 8 49 
12 78 4 43 14 22 2 86 10 32 13 26 1 64 8 5 9 63 5 53 0 91 3 18 7 25 6 87 11 57 
2 61 14 63 10 19 1 6 11 59 5 84 8 17 12 29 3 71 9 29 4 25 6 25 0 88 13 65 7 98 
4 18 1 69 9 64 11 13 13 66 8 97 7 3 0 71 12 31 3 41 2 57 5 18 6 97 14 88 10 4 
4 5 9 31 3 30 13 19 12 36 0 30 7 29 8 24 5 20 10 55 14 36 11 52 1 90 6 28 2 58 
3 97 9 1 5 2 2 36 0 81 10 22 14 73 12 86 4 63 13 78 7 76 8 6 6 36 11 62 1 50 
10 43 9 1 13 85 12 6 4 68 8 49 3 97 5 45 2 46 7 60 6 98 11 83 0 59 14 26 1 90 
0 11 14 58 2 62 10 57 13 45 7 76 5 63 1 4 3 33 12 15 11 37 4 49 6 42 9 13 8 27 
14 26 2 56 7 80 13 84 11 92 0 50 12 88 3 61 6 3 1 14 9 9 4 41 10 75 5 75 8 54 
2 15 7 63 14 73 4 42 3 52 5 47 8 26 10 40 12 11 1 26 13 37 0 94 6 49 11 37 9 16 
6 58 7 33 10 10 5 70 4 26 11 13 12 87 3 69 8 19 0 82 1 24 2 88 9 97 13 90 14 8 
14 40 0 33 8 88 4 76 2 31 13 90 9 69 10 30 1 64 7 48 5 38 6 46 11 62 12 14 3 19 
11 81 12 96 5 16 7 77 0 53 10 62 2 71 3 92 1 11 4 82 9 64 8 48 6 37 14 70 13 50 
14 62 7 25 1 67 13 26 6 26 5 18 11 80 8 11 9 13 12 14 0 78 10 36 4 54 3 80 2 57 
5 60 11 31 8 65 3 92 1 25 7 35 9 5 6 82 14 84 2 87 13 1 10 19 12 46 4 32 0 40 
