20 15 
1 95 8 36 3 69 5 8 0 52 12 52 4 91 2 21 13 21 10 27 7 29 11 37 14 33 6 42 9 71 
14 58 6 65 12 68 5 98 9 49 3 36 11 68 0 88 7 53 2 20 10 26 8 13 1 2 4 30 13 77 
14 35 4 46 6 69 7 16 3 70 8 45 10 95 2 36 9 32 11 26 13 9 0 62 12 86 1 16 5 43 
1 76 8 86 10 89 13 63 6 30 2 48 14 96 11 97 12 25 3 90 7 44 9 31 0 47 5 57 4 95 
5 6 14 99 3 38 12 37 11 1 10 64 7 47 2 96 1 37 6 1 9 95 4 20 13 15 8 84 0 99 
13 16 10 62 7 72 2 30 1 59 14 46 6 27 3 72 12 71 4 79 8 17 11 21 5 8 9 39 0 56 
0 19 2 17 5 67 11 99 3 49 8 77 1 29 6 44 12 71 4 8 10 67 14 87 9 31 7 66 13 73 
8 88 11 3 9 29 13 85 0 57 10 23 3 63 14 14 4 82 2 94 12 83 6 32 1 67 5 57 7 97 
4 28 13 73 5 33 2 88 12 80 7 19 9 1 0 37 1 80 8 31 10 85 14 85 11 69 6 61 3 60 
3 13 11 45 13 78 1 73 0 99 6 75 7 89 10 98 14 28 9 78 5 61 2 95 4 45 12 80 8 25 
3 55 9 87 14 23 5 83 10 60 0 37 2 78 7 42 1 16 6 18 8 26 4 60 12 78 13 5 11 63 
5 23 7 85 12 31 13 10 11 91 2 20 3 65 6 46 9 69 14 18 1 98 4 77 8 5 0 15 10 93 
3 73 14 26 12 21 13 86 9 67 11 5 10 51 5 44 4 16 2 12 1 82 0 56 6 95 8 5 7 9 
4 68 10 92 0 40 8 80 6 85 9 41 5 23 11 75 7 86 1 47 3 77 2 25 14 13 12 48 13 86 
0 94 6 91 1 20 7 97 4 25 11 55 5 94 10 2 3 18 2 33 12 95 13 28 9 1 8 25 14 39 
0 8 14 54 2 86 13 14 6 58 11 82 7 22 5 56 12 88 4 14 9 43 3 43 8 15 10 8 1 20 
0 91 9 65 8 30 10 65 3 20 14 71 4 47 2 55 13 53 5 35 1 21 7 89 6 84 12 5 11 81 
7 73 1 54 10 96 11 19 4 88 5 37 12 19 3 17 2 14 6 33 13 29 14 21 9 75 8 45 0 5 
3 61 10 3 11 10 13 40 6 58 14 11 1 89 2 57 12 91 8 12 5 26 4 86 9 74 7 66 0 96 
11 2 13 64 14 81 6 25 1 68 0 81 7 17 4 26 12 11 2 37 8 81 9 73 3 97 5 17 10 54 
