100 15 
11 29 3 68 6 40 13 24 14 58 5 31 12 82 2 35 7 3 10 90 8 2 4 3 1 24 0 83 9 15 
3 19 9 72 1 98 10 3 7 31 2 64 0 21 12 53 13 55 4 66 11 65 6 73 14 97 5 26 8 40 
14 9 12 40 3 52 8 26 9 24 2 86 13 43 5 14 1 60 10 11 6 42 4 15 11 13 7 95 0 15 
7 33 1 64 5 52 0 89 14 22 8 29 12 4 4 92 9 36 2 48 11 29 10 51 6 13 13 52 3 52 
7 93 13 94 0 53 11 74 6 1 9 80 2 17 4 40 8 43 14 65 5 92 10 32 1 95 12 8 3 82 
10 68 12 86 0 26 11 1 7 22 4 87 5 66 6 85 13 78 2 70 9 18 1 89 8 78 3 5 14 12 
1 48 12 28 8 20 13 23 0 29 3 80 4 19 14 44 10 84 7 29 11 67 5 30 2 54 9 69 6 25 
7 82 6 56 10 96 12 25 9 28 11 62 3 82 8 60 5 59 4 61 0 82 14 87 1 5 13 14 2 95 
7 43 9 24 0 71 4 16 6 59 2 43 3 2 10 10 5 5 11 32 13 18 1 54 12 32 8 58 14 71 
3 47 5 5 2 7 11 35 14 90 4 54 6 20 10 58 0 96 9 17 7 82 13 64 1 86 12 61 8 43 
10 42 6 92 0 37 3 29 11 2 9 89 14 59 12 48 1 27 2 42 4 16 7 91 8 54 5 85 13 94 
0 39 6 23 2 63 11 60 14 36 7 48 13 32 3 6 5 54 8 47 12 22 4 65 10 23 1 79 9 74 
9 26 0 12 12 89 13 6 6 83 8 82 5 23 14 25 4 43 10 61 7 43 2 16 1 76 3 37 11 72 
2 41 13 59 14 57 1 34 4 40 7 99 12 32 0 26 8 82 6 48 9 44 10 8 11 70 5 39 3 39 
14 82 0 43 6 46 9 76 10 43 2 6 11 62 4 84 12 92 7 6 1 19 3 97 5 19 8 75 13 31 
4 16 8 19 13 7 12 96 1 23 6 50 14 52 0 42 9 2 11 77 7 40 2 39 5 12 10 73 3 4 
1 11 6 91 10 2 11 80 5 85 3 85 7 64 0 51 14 3 4 73 2 5 13 80 8 2 9 94 12 20 
13 83 9 43 7 28 5 6 2 75 4 4 10 12 6 65 3 50 12 61 1 29 8 35 14 66 11 54 0 98 
14 31 1 5 2 17 3 78 4 35 0 78 10 7 12 2 13 11 9 75 7 11 11 85 5 38 6 54 8 65 
4 18 14 79 0 15 11 34 12 11 1 80 9 9 5 95 2 48 6 22 3 10 7 38 13 91 10 97 8 46 
0 72 14 47 12 74 10 76 6 34 5 36 4 53 13 83 11 96 2 47 1 59 9 25 8 7 7 75 3 26 
10 86 11 12 7 24 6 77 13 89 8 36 0 5 12 55 4 17 3 61 9 18 2 38 14 33 1 57 5 35 
13 56 6 36 4 57 1 82 7 80 11 42 5 51 9 71 0 23 2 26 12 85 10 84 14 37 8 59 3 20 
11 56 7 47 5 86 13 66 2 97 1 67 14 26 8 97 10 35 3 60 12 32 9 5 4 22 0 16 6 11 
6 31 14 14 11 34 10 3 4 59 2 78 9 58 12 95 0 10 1 39 5 96 7 25 3 97 8 6 13 8 
13 82 14 34 1 20 0 55 9 11 2 50 5 40 6 33 3 52 8 44 10 11 7 58 11 49 4 89 12 96 
1 88 10 20 2 89 0 68 7 96 9 71 4 89 3 63 12 57 6 77 8 48 11 35 13 84 5 11 14 74 
5 40 3 28 0 85 9 21 14 18 6 11 13 37 12 48 7 70 4 94 1 73 8 31 10 89 11 58 2 94 
13 4 0 6 9 77 8 11 11 42 12 72 7 17 2 90 10 73 6 92 1 68 4 44 5 42 3 64 14 9 
6 43 14 24 10 34 7 97 12 12 11 26 1 98 8 70 4 79 3 78 9 8 5 99 2 41 0 48 13 21 
13 56 3 69 1 59 14 64 11 82 10 10 6 96 5 60 9 17 8 16 2 41 12 82 4 63 7 99 0 32 
1 3 13 84 10 73 14 87 3 11 6 54 9 38 5 76 8 31 11 82 0 88 12 62 7 5 2 77 4 25 
2 46 7 17 5 16 1 40 14 56 3 61 12 70 4 51 11 96 9 51 10 25 8 39 13 10 6 65 0 18 
0 34 10 66 13 78 3 37 11 84 7 7 6 8 8 73 9 3 5 23 12 61 1 85 14 24 2 64 4 85 
9 40 4 3 12 63 6 60 5 79 1 48 10 65 7 3 2 52 8 34 0 22 11 83 14 97 3 42 13 77 
9 47 7 27 8 49 12 87 4 31 5 11 0 10 6 28 14 98 10 6 3 50 1 22 2 18 13 99 11 54 
13 84 5 6 4 56 10 64 1 67 8 84 9 60 3 68 14 54 2 11 7 27 0 38 6 62 11 7 12 45 
4 39 5 95 12 84 2 94 14 9 0 54 6 21 1 22 13 80 3 26 11 47 7 19 9 13 8 63 10 21 
0 10 13 90 14 50 5 18 3 17 1 78 8 18 11 2 4 16 9 31 12 20 6 69 2 57 7 74 10 36 
14 80 1 71 3 24 9 7 5 78 0 29 11 65 6 46 8 25 7 97 4 35 12 23 2 89 10 53 13 89 
13 44 10 70 1 37 11 46 7 50 4 90 5 66 8 6 0 10 3 52 12 98 9 45 2 62 14 39 6 62 
4 13 0 96 3 51 13 56 1 60 7 37 5 99 11 64 12 81 10 24 6 75 8 61 14 26 2 60 9 97 
0 32 12 57 6 88 2 73 5 76 8 78 14 11 3 89 7 31 4 44 11 62 9 84 1 96 13 64 10 58 
2 91 7 31 5 25 11 41 3 28 9 72 1 15 4 54 12 16 0 25 13 72 6 31 14 68 10 13 8 30 
8 87 7 6 13 62 2 1 1 36 10 39 14 3 4 85 9 68 3 65 5 62 12 20 11 85 6 8 0 58 
13 77 10 45 7 69 9 72 4 84 12 39 1 81 2 53 5 36 3 74 14 36 11 5 0 44 6 25 8 49 
12 78 4 43 14 22 2 86 10 32 13 26 1 64 8 5 9 63 5 53 0 91 3 18 7 25 6 87 11 57 
2 61 14 63 10 19 1 6 11 59 5 84 8 17 12 29 3 71 9 29 4 25 6 25 0 88 13 65 7 98 
4 18 1 69 9 64 11 13 13 66 8 97 7 3 0 71 12 31 3 41 2 57 5 18 6 97 14 88 10 4 
4 5 9 31 3 30 13 19 12 36 0 30 7 29 8 24 5 20 10 55 14 36 11 52 1 90 6 28 2 58 
3 97 9 1 5 2 2 36 0 81 10 22 14 73 12 86 4 63 13 78 7 76 8 6 6 36 11 62 1 50 
10 43 9 1 13 85 12 6 4 68 8 49 3 97 5 45 2 46 7 60 6 98 11 83 0 59 14 26 1 90 
0 11 14 58 2 62 10 57 13 45 7 76 5 63 1 4 3 33 12 15 11 37 4 49 6 42 9 13 8 27 
14 26 2 56 7 80 13 84 11 92 0 50 12 88 3 61 6 3 1 14 9 9 4 41 10 75 5 75 8 54 
2 15 7 63 14 73 4 42 3 52 5 47 8 26 10 40 12 11 1 26 13 37 0 94 6 49 11 37 9 16 
6 58 7 33 10 10 5 70 4 26 11 13 12 87 3 69 8 19 0 82 1 24 2 88 9 97 13 90 14 8 
14 40 0 33 8 88 4 76 2 31 13 90 9 69 10 30 1 64 7 48 5 38 6 46 11 62 12 14 3 19 
11 81 12 96 5 16 7 77 0 53 10 62 2 71 3 92 1 11 4 82 9 64 8 48 6 37 14 70 13 50 
14 62 7 25 1 67 13 26 6 26 5 18 11 80 8 11 9 13 12 14 0 78 10 36 4 54 3 80 2 57 
5 60 11 31 8 65 3 92 1 25 7 35 9 5 6 82 14 84 2 87 13 1 10 19 12 46 4 32 0 40 
1 95 8 36 3 69 5 8 0 52 12 52 4 91 2 21 13 21 10 27 7 29 11 37 14 33 6 42 9 71 
14 58 6 65 12 68 5 98 9 49 3 36 11 68 0 88 7 53 2 20 10 26 8 13 1 2 4 30 13 77 
14 35 4 46 6 69 7 16 3 70 8 45 10 95 2 36 9 32 11 26 13 9 0 62 12 86 1 16 5 43 
1 76 8 86 10 89 13 63 6 30 2 48 14 96 11 97 12 25 3 90 7 44 9 31 0 47 5 57 4 95 
5 6 14 99 3 38 12 37 11 1 10 64 7 47 2 96 1 37 6 1 9 95 4 20 13 15 8 84 0 99 
13 16 10 62 7 72 2 30 1 59 14 46 6 27 3 72 12 71 4 79 8 17 11 21 5 8 9 39 0 56 
0 19 2 17 5 67 11 99 3 49 8 77 1 29 6 44 12 71 4 8 10 67 14 87 9 31 7 66 13 73 
8 88 11 3 9 29 13 85 0 57 10 23 3 63 14 14 4 82 2 94 12 83 6 32 1 67 5 57 7 97 
4 28 13 73 5 33 2 88 12 80 7 19 9 1 0 37 1 80 8 31 10 85 14 85 11 69 6 61 3 60 
3 13 11 45 13 78 1 73 0 99 6 75 7 89 10 98 14 28 9 78 5 61 2 95 4 45 12 80 8 25 
3 55 9 87 14 23 5 83 10 60 0 37 2 78 7 42 1 16 6 18 8 26 4 60 12 78 13 5 11 63 
5 23 7 85 12 31 13 10 11 91 2 20 3 65 6 46 9 69 14 18 1 98 4 77 8 5 0 15 10 93 
3 73 14 26 12 21 13 86 9 67 11 5 10 51 5 44 4 16 2 12 1 82 0 56 6 95 8 5 7 9 
4 68 10 92 0 40 8 80 6 85 9 41 5 23 11 75 7 86 1 47 3 77 2 25 14 13 12 48 13 86 
0 94 6 91 1 20 7 97 4 25 11 55 5 94 10 2 3 18 2 33 12 95 13 28 9 1 8 25 14 39 
0 8 14 54 2 86 13 14 6 58 11 82 7 22 5 56 12 88 4 14 9 43 3 43 8 15 10 8 1 20 
0 91 9 65 8 30 10 65 3 20 14 71 4 47 2 55 13 53 5 35 1 21 7 89 6 84 12 5 11 81 
7 73 1 54 10 96 11 19 4 88 5 37 12 19 3 17 2 14 6 33 13 29 14 21 9 75 8 45 0 5 
3 61 10 3 11 10 13 40 6 58 14 11 1 89 2 57 12 91 8 12 5 26 4 86 9 74 7 66 0 96 
11 2 13 64 14 81 6 25 1 68 0 81 7 17 4 26 12 11 2 37 8 81 9 73 3 97 5 17 10 54 
9 91 14 57 11 62 4 5 3 89 8 13 0 4 13 23 7 95 2 40 5 97 1 98 6 11 10 59 12 40 
0 13 6 25 9 19 13 23 1 97 3 16 8 23 11 21 2 95 10 12 5 31 7 18 14 23 4 88 12 89 
4 93 8 75 0 96 13 25 1 23 6 91 14 67 2 51 3 83 9 32 5 42 7 8 12 45 10 60 11 95 
14 90 7 7 10 48 6 16 8 18 5 76 9 46 4 4 11 72 1 60 13 44 12 62 3 54 2 86 0 35 
12 43 10 70 9 79 2 54 5 36 0 37 7 83 3 99 1 49 6 7 13 11 4 85 8 76 11 83 14 95 
4 78 12 37 2 76 1 8 6 18 11 10 14 91 3 35 9 65 10 11 0 91 13 31 8 67 5 33 7 78 
1 86 3 9 6 92 13 98 5 59 11 61 7 94 12 9 0 95 14 26 10 24 2 87 8 45 9 37 4 60 
14 16 11 24 9 53 1 20 10 22 4 85 6 23 8 39 2 93 0 96 3 96 5 32 7 69 13 40 12 34 
2 44 3 41 7 58 10 1 4 66 9 62 5 61 13 49 1 38 11 35 0 33 6 62 12 24 14 14 8 50 
2 42 14 37 5 76 4 40 6 25 12 28 10 44 13 85 1 54 8 24 3 59 7 46 9 17 11 72 0 97 
2 76 11 18 7 95 12 41 9 33 5 33 14 98 4 54 3 58 10 40 8 76 1 77 13 76 6 69 0 2 
1 52 4 29 14 97 6 3 8 73 12 89 7 78 10 87 2 53 5 27 13 40 9 89 3 8 0 88 11 96 
13 46 8 45 12 63 1 92 9 66 4 68 14 75 6 99 11 76 5 1 0 88 10 61 3 61 7 90 2 76 
13 58 12 5 10 66 5 63 2 72 7 45 8 74 9 75 4 94 0 60 11 4 1 12 14 19 3 41 6 71 
4 22 7 80 9 47 14 56 3 20 5 80 12 97 13 8 2 99 11 11 10 84 6 80 8 13 1 8 0 49 
13 29 3 10 4 34 6 34 0 48 12 39 14 1 5 85 7 17 8 10 2 96 1 54 10 90 9 12 11 32 
8 69 11 92 5 67 1 41 10 92 14 4 6 10 2 29 0 78 4 96 3 40 13 15 12 10 7 56 9 54 
1 82 12 78 2 21 3 1 4 14 9 19 14 91 10 54 8 79 7 31 0 30 13 67 5 21 6 77 11 71 
12 93 6 26 2 66 0 45 3 35 1 66 11 26 8 64 9 11 5 8 4 46 14 34 10 42 13 73 7 7 
0 2 6 69 11 88 4 18 3 5 10 18 1 21 9 19 14 90 2 78 7 55 13 39 5 28 8 20 12 60 
