100 15 
8 30 6 10 12 56 9 48 14 45 10 70 1 43 11 26 5 67 2 44 7 53 3 5 13 43 4 54 0 22 
6 73 13 3 7 1 14 73 4 97 8 28 10 53 3 61 0 80 1 18 9 27 12 80 2 46 11 63 5 29 
11 64 3 45 10 30 14 97 7 49 1 63 13 89 4 8 2 16 0 69 5 57 12 72 8 28 6 21 9 90 
10 6 12 92 13 87 1 47 14 85 8 2 4 2 7 66 9 34 6 15 3 39 11 8 5 73 2 51 0 75 
13 4 10 49 6 17 12 94 0 43 1 46 9 24 5 49 8 28 2 68 4 6 3 66 7 82 11 33 14 6 
11 96 10 90 2 41 6 23 14 1 9 28 1 74 4 70 3 17 13 8 0 52 7 40 8 21 12 18 5 8 
7 79 5 42 1 32 4 54 9 67 11 42 12 62 14 62 13 33 10 7 8 80 0 84 3 62 6 5 2 76 
0 72 6 16 3 40 7 59 1 19 10 74 8 40 9 30 2 71 11 11 14 42 5 56 12 44 13 93 4 94 
13 66 7 19 11 37 14 78 5 96 6 6 2 47 8 61 9 7 1 32 3 23 4 68 12 91 10 74 0 42 
9 10 2 46 0 13 3 33 6 9 13 5 11 71 10 68 12 99 7 94 1 94 5 37 14 28 8 4 4 33 
6 73 1 93 2 86 8 66 4 59 11 58 7 85 12 88 14 88 9 85 13 39 0 22 3 95 5 70 10 9 
14 40 9 99 8 82 4 76 3 23 1 75 11 98 6 22 13 55 12 42 0 21 10 66 2 77 5 7 7 11 
3 25 2 81 14 69 8 65 1 19 0 70 12 90 10 78 13 89 11 61 5 15 9 22 7 10 4 56 6 37 
10 16 6 90 11 46 1 59 5 60 0 73 8 45 9 26 14 8 4 51 12 63 2 38 7 19 13 94 3 94 
4 22 12 64 5 28 0 4 11 14 2 95 10 5 7 79 3 20 14 84 1 96 8 32 9 23 6 86 13 16 
10 48 2 51 14 13 3 50 4 11 1 63 5 33 9 41 8 77 12 46 0 78 13 91 6 35 7 76 11 61 
3 1 8 38 13 10 14 4 9 88 0 35 5 68 11 94 4 54 7 97 10 45 1 5 6 4 12 92 2 93 
2 7 3 97 5 76 1 66 0 86 8 54 10 65 7 27 6 92 14 94 4 68 11 94 13 22 9 66 12 90 
4 26 5 72 3 98 1 62 14 21 7 89 6 41 10 46 9 46 11 89 2 17 0 54 13 39 8 64 12 81 
10 14 8 46 6 47 11 91 14 59 1 44 4 25 12 70 0 20 13 38 2 50 9 66 3 44 7 6 5 79 
8 42 5 15 14 49 2 17 7 14 9 75 6 98 12 97 3 70 10 68 11 90 4 2 0 12 1 52 13 78 
11 13 5 94 1 42 6 82 2 29 7 58 12 64 14 46 3 58 8 38 13 74 4 78 10 52 9 16 0 80 
7 39 12 66 3 89 1 58 0 76 14 20 9 28 13 76 11 20 4 28 10 81 5 93 8 43 6 42 2 6 
10 47 7 11 9 16 0 21 3 55 2 95 6 75 13 9 1 60 8 95 4 44 14 66 5 22 11 7 12 45 
14 23 1 79 7 38 10 1 5 74 12 30 11 43 3 67 4 45 13 33 6 94 0 94 8 14 2 8 9 90 
2 67 12 91 5 64 8 41 7 76 13 44 14 86 4 56 9 97 3 41 6 22 11 68 1 30 0 24 10 61 
9 84 5 81 7 47 12 79 3 34 0 26 1 89 6 43 2 89 14 73 8 69 10 33 11 69 4 97 13 12 
2 82 5 75 13 98 10 48 0 28 14 75 6 93 3 70 1 73 4 72 12 60 9 67 7 70 11 85 8 40 
1 53 7 17 6 7 10 58 9 56 4 31 0 76 14 28 13 99 12 65 8 80 11 70 3 27 2 6 5 76 
6 77 12 91 2 43 14 22 7 13 4 39 5 25 1 60 9 70 8 45 11 6 10 4 0 28 3 3 13 41 
5 37 11 85 6 72 0 99 1 41 3 38 9 86 12 77 7 56 13 62 2 28 14 78 10 72 4 15 8 7 
7 83 12 18 5 89 4 24 3 52 13 90 14 95 0 60 10 43 8 51 11 82 6 21 1 11 9 85 2 58 
2 66 7 42 10 67 6 51 12 36 4 26 1 66 14 16 0 72 8 31 3 31 13 80 9 47 11 34 5 89 
8 41 3 82 10 13 6 30 0 65 12 21 14 13 9 92 7 93 1 54 2 15 11 93 4 22 13 73 5 81 
0 47 1 68 14 33 7 80 4 56 9 38 8 67 6 41 10 92 13 82 5 35 11 59 3 39 12 67 2 57 
7 46 2 40 14 13 4 73 13 65 9 68 3 50 12 67 11 67 10 47 1 56 6 45 0 65 8 54 5 55 
14 2 9 15 1 43 13 55 12 48 3 18 11 67 8 63 6 81 5 11 7 55 10 56 4 83 0 80 2 46 
5 42 4 89 9 30 12 66 6 83 10 99 2 76 14 50 11 14 13 43 0 31 8 12 1 9 7 67 3 60 
10 99 0 1 7 36 12 87 6 80 13 99 5 50 1 35 9 76 2 41 8 63 3 69 14 4 11 65 4 69 
5 51 9 97 3 96 4 18 10 58 8 22 2 58 14 86 6 5 1 52 11 77 13 67 7 25 0 4 12 59 
9 31 2 41 11 58 1 37 0 26 3 19 14 4 10 71 12 84 4 89 5 65 8 3 13 55 6 26 7 24 
5 41 14 72 11 87 12 63 4 63 6 21 8 21 13 77 0 5 9 90 3 46 2 65 1 22 7 80 10 48 
13 34 14 26 4 75 2 97 11 78 9 39 12 10 8 91 10 35 3 80 7 51 6 24 0 79 5 36 1 41 
8 26 10 28 7 4 14 52 3 24 5 44 0 38 6 32 11 39 2 56 4 72 1 29 9 86 13 23 12 18 
12 27 1 43 7 17 11 82 9 98 4 67 6 74 3 46 2 89 13 33 14 63 0 35 8 36 5 67 10 53 
4 73 14 78 5 18 1 15 10 7 9 1 3 26 0 14 13 36 12 32 11 55 6 38 7 16 8 23 2 80 
12 45 1 30 10 45 8 35 6 28 13 77 2 20 3 62 14 95 4 63 7 4 0 13 9 17 11 45 5 64 
14 16 3 24 12 40 1 41 10 46 8 17 0 68 2 69 7 28 9 99 13 45 5 90 4 81 6 74 11 75 
0 87 1 10 14 77 6 57 9 92 8 16 2 15 7 78 11 91 5 7 10 94 12 43 4 43 3 42 13 64 
10 70 13 90 9 25 12 6 8 56 7 4 3 26 2 44 0 37 11 19 1 91 6 6 4 71 14 11 5 94 
14 98 12 40 0 57 3 22 6 48 10 6 1 48 9 23 13 46 2 6 5 6 4 89 7 16 8 74 11 16 
11 28 0 81 12 94 13 56 2 62 10 28 14 49 5 7 4 94 6 80 8 3 7 27 1 53 3 79 9 43 
9 17 2 78 3 83 6 51 0 41 4 50 11 35 13 45 1 12 10 25 5 49 12 79 14 1 7 12 8 48 
9 18 6 88 3 10 7 99 0 70 5 73 14 99 10 24 13 65 12 45 1 97 2 12 11 45 8 52 4 90 
3 4 4 10 12 5 0 4 7 35 9 18 8 77 1 61 2 35 14 24 5 41 11 37 6 8 10 87 13 73 
0 23 8 8 2 10 3 58 14 98 9 56 13 48 4 8 12 69 5 98 7 73 6 1 11 10 10 37 1 4 
14 4 5 59 8 13 11 89 9 44 7 71 0 46 2 21 13 31 3 27 12 77 4 16 1 74 10 50 6 38 
12 51 10 91 8 77 7 72 0 93 4 39 13 19 1 52 6 81 5 38 11 9 9 82 3 91 14 29 2 25 
7 25 2 74 0 69 14 18 11 52 10 54 13 48 5 91 12 86 3 64 8 98 9 76 4 34 6 17 1 75 
4 31 12 43 8 79 6 62 2 8 0 98 1 87 3 19 9 25 10 2 11 90 14 87 13 68 7 56 5 47 
2 73 14 27 3 65 10 68 9 40 12 60 11 97 8 86 4 74 7 55 6 34 0 29 5 94 1 96 13 30 
8 28 5 2 3 6 12 35 4 27 10 78 11 77 0 24 14 52 1 28 2 32 7 84 6 60 13 10 9 85 
14 80 8 85 7 43 12 64 0 15 13 97 6 16 11 31 2 40 4 98 10 78 5 59 3 63 9 90 1 37 
6 80 14 89 0 72 5 64 4 65 13 29 7 64 3 28 1 33 12 82 2 27 9 83 11 65 8 29 10 70 
9 21 8 90 12 69 7 14 6 72 2 77 0 52 13 9 14 42 5 21 11 23 3 85 4 78 10 62 1 9 
14 82 1 54 2 86 11 81 7 80 3 19 12 53 4 67 9 77 0 71 6 28 13 81 10 97 5 45 8 45 
5 47 14 52 7 24 10 63 6 26 2 94 13 98 0 59 1 55 9 54 12 48 11 70 3 7 4 34 8 17 
6 82 1 86 11 75 10 57 13 19 7 18 8 50 14 73 12 10 3 21 2 76 9 30 5 83 4 69 0 13 
5 25 6 9 3 79 14 85 11 66 2 40 12 54 7 85 0 73 8 47 10 12 4 62 1 61 13 73 9 15 
0 73 13 62 4 16 10 63 7 98 14 86 11 87 2 93 5 59 12 9 6 61 8 70 1 38 9 92 3 40 
11 3 8 63 4 45 13 88 9 96 10 50 14 98 2 30 3 49 5 23 7 12 12 45 1 45 0 90 6 97 
2 37 14 3 0 8 4 84 1 2 6 7 8 67 3 83 7 2 9 47 11 57 12 26 5 92 10 63 13 32 
12 24 3 4 6 66 2 97 11 29 9 61 4 4 1 90 14 97 10 44 7 79 5 36 13 29 8 29 0 73 
10 37 6 47 4 66 8 96 11 29 9 89 1 34 14 42 7 44 12 27 3 32 5 53 0 63 13 76 2 48 
14 67 6 16 8 84 7 49 0 27 2 29 13 8 3 86 10 59 9 29 1 26 12 88 4 9 5 92 11 24 
4 8 11 34 13 21 1 7 14 76 6 82 5 14 8 94 12 58 0 18 10 38 3 38 9 12 2 67 7 98 
14 37 6 83 11 50 4 51 0 49 13 6 10 16 1 83 3 76 5 76 7 50 8 97 12 11 9 80 2 57 
10 4 4 16 9 6 0 90 7 53 8 85 11 91 5 47 1 2 2 61 3 45 14 47 6 91 12 86 13 70 
4 24 0 89 7 42 5 37 1 78 9 36 2 12 11 94 13 73 10 57 14 74 8 67 3 39 6 46 12 98 
8 57 7 40 5 80 4 65 14 98 3 18 0 71 10 42 6 27 2 54 9 85 11 8 1 17 12 20 13 68 
7 19 9 6 11 6 2 50 5 4 4 49 13 5 1 87 10 31 12 70 6 93 8 64 0 23 14 11 3 90 
5 19 12 69 11 3 6 79 14 26 13 56 9 67 2 95 7 10 8 20 0 83 3 69 1 25 10 70 4 27 
7 73 12 55 4 26 0 77 6 31 14 62 9 88 3 81 2 58 1 57 8 19 5 73 10 53 11 61 13 83 
1 39 8 88 3 41 9 98 7 51 6 51 11 69 5 14 12 82 14 35 2 45 13 87 4 23 0 12 10 45 
7 39 11 13 0 26 1 5 8 51 10 74 3 34 9 52 12 94 6 85 2 71 4 57 14 41 13 34 5 60 
10 21 12 75 6 16 2 6 8 94 9 79 0 11 11 52 14 93 1 32 13 33 7 30 3 12 4 95 5 61 
6 79 1 46 12 20 0 91 14 65 8 79 5 31 11 96 2 97 4 50 9 33 13 92 10 41 3 66 7 12 
12 25 0 31 1 67 3 85 6 89 11 53 2 99 13 7 9 1 5 73 10 25 7 44 8 84 4 21 14 78 
5 35 7 30 2 61 1 79 6 7 9 42 14 91 0 92 10 39 12 71 4 17 13 76 11 33 8 2 3 33 
14 68 1 45 10 84 12 87 5 4 9 38 8 3 7 12 11 51 2 65 0 8 13 69 6 67 4 72 3 61 
5 19 7 30 9 90 1 60 6 64 2 63 11 20 10 77 14 8 4 61 13 47 0 11 3 25 12 44 8 74 
2 32 11 77 1 52 12 69 14 3 13 4 7 76 9 12 5 88 3 40 4 57 8 73 0 16 10 63 6 26 
12 83 0 15 1 61 9 54 6 26 11 7 13 48 7 63 8 7 5 41 14 60 10 1 2 71 3 8 4 76 
0 21 10 36 3 79 9 99 6 11 11 30 5 60 8 80 13 48 7 97 2 19 12 83 14 14 1 59 4 96 
6 76 2 79 8 86 12 50 10 31 13 69 3 86 14 11 11 64 5 72 9 63 0 88 4 30 7 86 1 42 
0 56 13 78 1 5 12 36 14 77 5 32 11 72 7 52 3 71 9 9 8 92 10 99 2 3 4 14 6 65 
13 90 10 29 0 25 4 2 7 44 8 8 3 2 5 76 14 13 2 36 9 77 1 42 11 15 12 77 6 94 
4 13 12 14 10 56 11 61 9 70 1 88 14 93 5 83 3 87 0 21 6 28 8 88 13 76 2 94 7 39 
7 23 4 46 6 17 14 60 5 57 9 67 1 88 13 24 11 91 3 6 8 62 0 40 10 53 12 52 2 21 
12 54 10 35 8 80 7 80 4 86 13 82 11 33 9 97 1 73 3 97 6 69 0 60 2 24 14 71 5 70 
