100 15 
9 86 4 55 11 10 1 41 6 32 7 23 0 19 3 17 2 21 5 66 8 11 13 68 14 89 10 68 12 65 
11 66 10 90 14 58 1 66 7 63 2 24 8 80 13 76 5 64 12 69 6 21 4 49 3 79 9 66 0 71 
10 88 11 34 5 5 1 85 7 80 4 75 0 94 6 26 2 35 9 58 12 60 3 70 13 56 8 4 14 85 
12 80 13 68 9 62 1 75 3 82 0 76 5 83 2 40 8 87 4 18 6 87 7 15 11 84 14 5 10 23 
9 95 13 59 3 58 10 16 7 45 1 78 4 14 5 1 6 77 2 40 0 20 14 33 12 99 11 73 8 6 
4 95 3 41 11 18 12 34 9 41 13 38 1 71 0 99 2 60 8 67 10 99 14 41 5 49 6 70 7 64 
11 81 8 11 3 46 7 87 4 73 13 82 9 33 14 68 1 69 12 16 6 80 10 61 5 29 0 49 2 2 
13 21 12 77 6 77 0 91 2 93 8 38 10 86 1 20 3 88 11 27 7 5 4 98 9 3 14 46 5 74 
9 10 0 84 13 29 11 8 6 2 1 58 5 49 3 78 10 66 12 3 2 71 4 60 14 42 8 5 7 12 
5 37 14 50 1 27 2 48 6 57 10 20 12 21 4 11 3 43 11 23 8 61 7 92 13 52 9 24 0 81 
0 34 2 54 9 28 5 24 12 61 8 50 3 97 4 23 6 17 14 43 11 30 7 23 10 22 13 16 1 62 
5 59 10 64 3 57 0 86 4 8 13 42 9 10 12 88 11 60 2 68 7 92 1 28 6 53 8 26 14 43 
9 51 1 50 0 91 8 17 3 54 4 1 5 13 2 78 11 48 7 53 12 8 6 55 10 83 13 86 14 99 
0 67 4 65 11 79 2 90 8 14 1 57 3 11 10 86 14 26 13 50 7 33 9 77 5 8 12 63 6 1 
1 44 4 99 11 30 0 37 5 89 9 49 12 6 2 78 13 86 14 11 7 10 10 22 8 77 6 48 3 90 
10 51 0 12 3 7 9 26 6 1 5 54 11 60 2 69 12 18 1 51 13 7 14 66 8 42 4 56 7 39 
7 13 3 41 11 56 10 1 5 96 12 81 1 86 4 16 8 43 14 66 0 86 2 11 6 20 9 84 13 88 
4 77 1 72 10 22 0 53 13 9 8 72 11 34 9 29 7 52 6 1 2 80 12 1 5 25 14 77 3 48 
6 6 3 59 5 13 9 44 13 35 0 96 11 64 8 94 7 79 2 29 12 86 14 76 4 18 1 24 10 95 
1 15 10 82 13 30 0 7 3 8 11 35 6 89 7 46 4 85 14 47 12 68 2 98 8 18 5 78 9 77 
0 33 8 27 13 6 3 60 12 87 14 94 4 52 9 51 7 5 10 87 6 58 1 83 5 94 2 56 11 14 
14 47 7 48 10 22 4 34 13 68 2 9 9 61 12 67 8 89 11 68 1 55 5 5 0 74 3 22 6 20 
7 80 0 72 12 87 14 23 2 90 13 4 3 10 10 70 1 75 9 86 4 67 11 70 6 64 8 16 5 49 
13 80 6 60 10 56 7 29 2 91 12 6 4 26 9 64 1 14 0 99 5 23 8 17 14 12 11 18 3 41 
2 93 12 48 11 61 7 61 6 31 4 80 14 65 3 43 9 30 1 21 5 93 0 32 13 62 8 24 10 46 
2 12 7 44 14 62 0 48 9 25 12 54 5 84 3 69 6 24 1 1 8 70 4 55 13 30 11 7 10 56 
5 31 13 89 3 56 11 80 2 58 8 21 6 82 10 52 4 58 14 40 0 12 9 41 7 63 12 68 1 62 
6 9 8 22 3 9 4 72 13 15 1 23 9 40 14 76 5 33 10 22 0 46 2 67 7 5 12 11 11 62 
9 99 10 9 13 17 0 7 6 46 12 86 1 82 5 62 4 51 11 17 8 87 7 45 14 3 3 19 2 71 
11 27 5 22 9 21 1 43 4 86 8 75 7 26 6 17 0 7 13 35 10 83 3 42 2 62 12 62 14 31 
2 63 10 62 8 51 4 93 12 93 5 63 1 58 0 59 13 34 14 24 9 84 7 50 11 94 6 48 3 31 
2 12 5 74 1 46 12 57 4 44 11 53 8 41 14 6 6 97 3 71 0 46 10 97 13 22 7 29 9 5 
6 90 11 59 2 76 7 50 4 85 8 73 14 84 10 80 1 28 3 93 13 45 5 22 9 72 12 67 0 87 
5 12 6 23 14 71 1 90 9 13 10 27 2 71 7 88 13 90 4 5 8 2 11 38 3 19 12 73 0 95 
9 61 12 99 8 42 10 23 1 49 0 84 7 35 2 28 5 22 11 32 13 96 6 29 3 44 14 77 4 38 
6 86 8 76 11 35 13 2 5 18 3 13 0 72 9 70 4 96 2 51 12 7 14 75 7 38 10 36 1 20 
12 10 5 82 0 21 6 45 8 77 4 37 3 57 2 79 1 58 10 50 9 65 13 49 11 97 14 96 7 75 
2 65 8 78 5 98 11 71 12 54 6 67 14 47 9 20 7 74 4 22 13 72 10 98 3 8 1 29 0 62 
10 29 3 51 12 56 8 48 14 28 2 43 5 7 11 22 9 43 0 33 7 42 6 73 4 27 13 32 1 69 
11 60 0 66 1 25 4 93 13 59 14 6 2 66 9 69 10 23 3 13 6 38 5 11 7 18 8 98 12 98 
7 54 1 52 12 81 4 65 10 63 11 45 2 71 5 95 9 86 3 15 14 8 0 2 13 37 6 21 8 10 
12 79 7 89 6 77 2 85 10 68 9 38 13 68 1 89 4 74 8 75 14 33 0 79 5 1 11 76 3 87 
6 32 2 68 4 3 3 36 13 38 11 4 1 71 9 41 5 15 0 85 8 40 12 46 10 16 14 1 7 77 
2 43 5 7 6 52 9 11 11 55 3 46 10 70 13 9 8 54 12 71 14 50 7 31 4 73 0 89 1 80 
2 50 13 84 4 32 6 90 9 16 12 41 0 76 8 8 5 68 10 87 11 32 1 78 3 99 14 46 7 96 
9 2 3 93 5 98 0 20 14 67 6 44 7 59 13 45 4 43 1 71 12 60 2 32 11 10 8 19 10 16 
4 63 10 87 13 67 11 10 9 23 0 42 12 3 1 87 7 31 2 46 14 78 6 23 3 1 5 28 8 63 
9 91 7 7 6 37 5 72 1 35 10 94 8 90 0 54 4 76 12 67 2 90 13 6 3 10 14 96 11 6 
6 16 13 34 4 76 2 26 7 88 8 93 9 45 3 67 12 29 1 11 10 99 14 93 11 69 5 15 0 22 
11 81 10 4 12 63 5 28 9 42 8 55 14 42 4 58 6 78 2 47 0 32 7 19 3 14 13 99 1 69 
1 58 12 18 13 95 3 22 11 43 0 92 14 41 7 77 10 70 4 49 8 76 6 22 5 46 9 81 2 56 
14 43 9 49 13 83 6 95 4 39 11 34 2 92 0 93 10 54 5 51 3 98 1 46 12 16 7 76 8 93 
0 48 7 62 5 21 1 99 13 12 2 62 3 17 8 86 9 81 14 77 10 16 4 94 12 55 11 15 6 97 
4 68 2 6 10 49 9 58 14 39 0 8 12 70 11 66 13 2 3 31 5 7 6 53 8 57 7 70 1 98 
2 59 8 67 1 20 11 63 12 19 3 91 9 59 0 46 14 19 10 42 6 21 13 57 5 18 7 7 4 9 
0 10 11 43 10 80 8 61 2 22 12 83 14 83 6 60 9 9 1 91 13 81 7 67 3 40 4 12 5 64 
12 31 1 77 8 28 9 47 4 58 13 6 14 56 3 37 0 3 5 38 2 93 7 46 10 28 6 38 11 19 
13 41 6 83 3 52 14 74 11 98 2 21 12 8 7 37 5 40 0 98 1 61 10 45 8 53 4 42 9 42 
13 25 5 90 4 51 3 38 8 84 0 49 10 8 9 22 1 58 14 77 11 3 2 21 7 66 6 76 12 44 
1 63 10 40 3 34 5 27 8 63 11 1 2 95 0 98 14 75 6 93 9 51 13 75 7 78 4 68 12 83 
10 87 13 51 5 3 2 71 11 67 6 29 8 3 9 20 3 94 4 90 7 83 12 67 14 7 0 9 1 22 
6 66 13 44 4 94 7 1 5 52 9 43 3 79 8 98 0 41 10 44 2 77 14 76 1 13 12 69 11 3 
13 20 8 76 14 48 11 3 4 63 7 75 5 57 9 22 3 40 0 8 10 98 12 71 1 23 6 88 2 11 
8 15 11 53 4 82 6 95 9 13 7 19 3 60 12 4 5 58 13 89 2 7 1 66 14 8 0 37 10 7 
4 86 0 34 3 44 13 58 2 67 10 81 8 42 1 73 11 98 6 9 9 87 12 48 14 7 7 18 5 53 
4 19 8 48 11 10 0 36 12 89 5 70 7 99 10 6 1 50 14 68 9 12 3 55 2 22 6 2 13 57 
9 86 8 25 5 54 7 89 1 48 0 48 11 66 14 26 2 58 10 15 12 63 4 74 13 64 3 57 6 20 
0 54 9 8 2 54 10 32 3 88 7 67 6 99 4 9 13 40 8 24 5 42 1 45 14 38 12 73 11 90 
1 22 5 91 13 96 14 37 3 74 9 60 12 27 2 54 4 35 0 1 6 73 7 28 11 53 8 81 10 74 
14 17 7 5 5 70 3 51 13 13 8 21 12 20 10 70 2 26 9 64 4 20 0 39 6 3 11 53 1 29 
11 68 1 95 8 74 10 93 6 99 9 36 13 55 5 23 0 61 7 56 2 48 4 60 12 40 3 12 14 64 
11 44 2 65 6 22 5 31 4 25 9 76 7 52 3 84 8 87 12 15 10 71 1 64 14 15 0 9 13 19 
5 14 3 82 10 5 11 60 13 12 4 68 14 30 9 3 2 70 6 78 1 7 8 19 12 84 7 23 0 67 
5 90 2 42 14 93 10 56 7 30 6 97 9 41 11 56 12 96 0 83 3 9 4 47 13 42 1 29 8 96 
8 55 1 11 9 9 11 84 4 58 6 33 13 90 5 8 0 84 3 42 14 28 2 3 12 22 10 33 7 25 
8 49 11 77 12 73 6 60 14 9 7 18 10 8 9 80 2 98 0 54 5 93 3 85 13 32 1 81 4 70 
0 32 12 75 13 55 7 96 8 78 11 70 2 43 14 11 6 66 10 37 5 89 3 8 4 49 1 2 9 17 
0 99 2 13 12 8 9 8 1 77 8 53 7 24 6 3 11 63 4 54 14 40 10 98 13 71 5 30 3 32 
7 61 11 95 9 13 8 1 5 40 2 37 13 93 4 30 6 86 1 63 12 92 10 50 14 20 0 45 3 29 
13 31 4 17 9 87 8 26 7 25 3 98 11 26 2 72 0 77 10 43 5 74 14 51 1 77 6 46 12 85 
7 7 11 10 8 79 2 8 4 11 14 91 12 41 6 34 0 93 10 9 13 71 3 61 1 29 5 91 9 3 
4 29 9 12 8 25 13 58 3 73 1 45 7 66 12 6 2 64 14 85 5 41 10 58 11 29 0 50 6 62 
4 68 7 33 12 98 13 95 11 7 9 49 14 99 3 23 0 99 1 2 2 86 5 27 8 74 10 21 6 97 
5 34 0 89 7 63 13 60 14 97 6 83 1 95 12 86 4 31 2 65 10 94 11 13 9 65 3 85 8 84 
11 65 14 44 0 36 4 67 7 90 13 5 2 5 9 91 8 35 12 36 3 3 10 45 5 81 6 58 1 72 
5 95 11 45 2 51 7 40 10 54 14 28 3 18 4 1 9 52 1 24 13 46 6 55 0 62 8 53 12 74 
9 83 4 36 0 97 12 49 1 82 6 23 5 75 10 34 13 82 14 23 2 6 11 27 3 80 7 46 8 90 
6 98 12 84 5 50 9 75 2 49 0 63 13 55 10 72 1 68 14 11 11 48 3 53 4 6 7 94 8 88 
6 73 13 60 7 77 11 53 10 59 4 97 1 47 8 41 3 39 2 39 0 78 14 46 12 45 5 38 9 50 
14 62 8 32 13 68 1 2 0 80 9 17 3 23 12 55 10 17 2 83 7 44 11 36 6 31 5 70 4 5 
6 79 8 49 14 87 4 35 5 38 7 54 12 59 1 9 3 55 13 96 9 34 11 4 0 5 10 33 2 5 
14 56 1 21 5 50 9 14 11 62 4 59 0 77 2 88 6 38 10 18 7 10 3 78 13 86 12 74 8 76 
0 31 1 15 9 29 12 65 4 37 6 5 8 95 10 24 3 99 7 83 13 34 5 34 2 41 14 58 11 77 
10 38 0 12 14 76 2 86 13 49 4 2 9 3 1 83 8 59 12 24 5 63 7 94 3 25 11 92 6 73 
5 99 3 9 14 98 12 22 9 93 11 61 10 43 13 94 1 22 2 37 4 24 6 90 8 91 7 27 0 46 
12 69 6 74 13 73 0 98 10 34 7 43 11 8 4 65 8 32 2 48 3 34 5 82 9 30 1 47 14 62 
13 73 14 96 6 46 9 26 11 31 2 87 4 32 7 10 3 70 8 43 12 63 0 34 1 67 5 43 10 15 
11 81 0 83 9 47 6 55 12 66 3 72 10 95 4 16 8 73 1 53 5 68 13 89 7 93 2 95 14 46 
5 29 7 11 12 25 8 49 6 70 0 67 9 82 10 8 11 45 13 39 3 66 2 43 1 40 4 2 14 5 
10 4 11 75 6 16 9 69 5 91 12 8 1 99 2 87 7 26 4 30 13 20 0 96 3 80 8 66 14 93 
