100 15 
0 33 4 76 10 19 14 84 12 20 11 96 2 80 9 75 13 3 3 26 5 23 8 21 7 62 6 85 1 51 
14 17 3 80 5 18 6 29 12 95 11 68 2 50 4 34 9 86 10 7 0 56 8 25 1 44 13 77 7 64 
1 37 2 62 5 2 0 97 14 45 6 99 8 61 12 54 7 2 10 78 13 11 9 10 3 83 4 66 11 48 
1 1 11 94 14 12 5 34 3 16 10 79 12 25 2 36 9 50 13 68 0 3 4 65 8 57 6 79 7 83 
5 58 1 85 14 77 10 63 7 11 12 90 9 34 6 22 0 40 2 22 11 48 13 2 4 63 3 60 8 48 
5 29 9 43 2 1 6 48 13 12 12 99 1 60 11 97 7 70 4 65 8 7 0 14 3 77 14 34 10 95 
6 71 13 31 7 24 4 81 14 5 2 86 11 59 9 95 0 13 10 25 1 27 12 80 5 37 3 41 8 99 
8 31 7 80 13 52 2 38 6 94 9 63 11 66 14 77 3 77 0 22 1 68 12 78 10 61 5 61 4 11 
10 36 1 63 0 19 14 88 11 70 8 44 7 24 13 74 12 70 6 26 9 61 3 20 2 80 4 30 5 51 
8 14 0 24 6 28 7 41 10 3 4 60 9 57 1 2 11 45 12 11 14 69 5 96 2 51 13 66 3 36 
7 37 2 4 1 22 12 86 14 84 10 66 6 62 4 91 3 46 8 30 0 21 11 9 5 48 13 53 9 59 
4 53 3 63 14 81 0 98 2 78 5 42 6 81 13 90 1 42 12 48 8 23 10 22 11 71 9 79 7 90 
3 87 14 15 9 73 2 8 8 5 7 55 1 46 0 73 5 7 6 27 11 4 10 76 12 2 4 71 13 89 
0 72 8 88 12 4 3 11 7 34 2 66 13 81 4 95 9 83 6 82 5 44 10 18 11 39 14 97 1 68 
13 65 12 22 3 91 9 60 11 40 0 56 5 36 14 43 8 68 6 84 10 2 4 20 1 61 7 78 2 4 
11 62 5 9 1 41 10 81 6 84 9 24 13 38 12 66 0 80 2 34 4 89 14 5 8 60 7 53 3 56 
5 1 11 97 12 84 14 77 1 92 0 53 6 7 2 20 7 8 8 90 3 44 13 96 9 72 4 47 10 84 
14 34 2 60 0 98 3 89 1 66 4 73 9 29 5 33 8 25 11 63 7 12 13 76 10 54 12 77 6 13 
9 55 10 13 14 20 4 7 6 73 13 8 1 75 11 41 0 93 7 23 8 34 2 80 12 46 3 61 5 43 
1 88 9 27 12 9 7 36 11 49 2 7 8 85 14 46 0 28 13 9 4 90 6 9 10 87 3 73 5 72 
6 64 3 62 14 89 9 13 8 18 2 80 4 89 5 70 10 74 7 79 0 85 13 30 12 38 11 10 1 93 
6 30 8 37 1 25 12 4 4 58 14 54 3 81 0 17 10 74 13 41 7 5 5 46 2 54 9 48 11 85 
14 73 5 18 9 89 12 24 2 60 0 21 4 74 3 58 7 66 11 79 10 10 8 1 1 58 6 57 13 92 
1 70 14 51 10 82 8 54 12 81 0 14 13 8 4 27 11 24 6 95 2 94 7 61 5 98 3 69 9 11 
13 82 14 66 8 3 0 8 10 11 3 14 11 72 6 78 7 47 2 11 9 57 12 37 5 60 1 22 4 89 
1 48 11 14 13 87 6 53 5 50 9 30 10 46 3 20 7 7 2 99 8 97 0 35 4 77 12 28 14 18 
3 71 11 10 10 1 5 95 0 86 9 79 2 81 8 29 12 57 4 54 13 69 1 70 6 20 7 91 14 63 
10 44 5 37 6 23 0 93 7 4 1 23 9 4 8 92 2 76 13 48 12 37 14 1 11 7 3 28 4 23 
14 25 8 48 1 31 13 59 11 21 12 3 2 9 10 83 3 22 6 96 9 44 5 75 7 68 4 80 0 68 
14 38 7 2 2 68 12 18 11 23 10 4 13 53 8 92 1 19 5 15 4 53 6 70 3 66 9 82 0 45 
7 17 11 54 9 10 12 69 0 99 1 83 3 77 4 92 8 11 10 32 5 88 2 83 6 58 13 3 14 29 
2 26 0 2 7 95 3 62 6 27 5 78 12 93 14 56 4 57 8 71 13 6 1 23 10 86 9 39 11 32 
6 28 4 84 7 35 5 96 0 86 12 73 8 56 3 7 9 7 1 30 14 69 11 43 10 67 13 42 2 53 
5 71 13 78 1 70 9 68 10 85 11 64 3 13 14 11 8 81 2 20 6 5 7 86 12 23 4 23 0 8 
3 98 11 9 14 78 1 96 13 18 8 82 7 91 4 51 9 16 0 86 5 23 10 46 2 63 6 78 12 72 
6 5 8 41 12 45 10 29 5 71 9 42 0 93 7 97 2 80 3 25 13 22 1 67 4 15 11 10 14 92 
11 50 5 29 0 8 13 13 1 34 10 76 7 41 9 45 3 40 2 37 4 62 14 41 8 3 6 71 12 26 
13 98 10 34 1 44 9 12 4 55 5 40 6 96 3 11 12 77 8 30 2 99 7 64 0 56 14 45 11 74 
7 78 14 41 9 87 0 97 2 20 13 29 8 60 11 51 5 11 1 77 3 9 6 79 4 61 12 26 10 50 
13 62 8 9 7 13 2 99 14 7 1 92 3 70 5 52 4 55 6 42 9 93 11 91 12 31 10 76 0 13 
5 7 12 31 11 29 10 29 1 21 14 18 2 48 9 29 7 91 4 73 8 72 0 13 13 91 6 59 3 79 
4 52 12 36 3 67 9 25 1 86 2 85 11 14 7 84 10 98 5 73 14 35 6 71 8 42 13 28 0 66 
0 84 8 3 11 75 2 22 12 40 13 16 5 99 4 58 3 34 10 6 9 72 6 53 14 18 7 43 1 76 
2 1 13 38 6 86 4 73 11 19 9 95 7 92 10 40 3 59 8 15 5 58 14 69 12 33 0 80 1 51 
4 64 7 76 13 40 12 86 0 42 14 7 3 75 8 68 5 72 10 97 6 9 2 59 9 13 1 78 11 56 
12 32 11 19 3 19 13 89 7 68 10 86 4 10 2 31 14 43 0 74 6 85 8 46 5 47 9 71 1 45 
2 87 14 99 9 14 7 89 13 98 8 29 12 56 11 84 10 69 4 24 0 60 6 48 3 30 5 31 1 47 
0 9 12 93 11 48 10 37 8 9 13 35 14 33 1 4 6 72 9 58 4 69 7 35 2 17 5 14 3 42 
4 46 5 98 2 4 8 47 9 52 12 48 11 87 7 35 14 64 3 87 6 43 0 98 10 94 13 2 1 57 
3 89 13 76 10 1 1 8 7 34 12 28 14 12 8 95 0 8 5 62 11 28 9 93 2 16 6 40 4 87 
12 82 8 16 9 97 5 31 7 90 1 69 0 35 6 66 14 70 11 79 13 37 10 31 3 12 4 84 2 4 
2 83 6 33 4 99 5 5 12 54 14 75 1 51 0 38 10 8 9 89 13 46 3 63 7 24 11 62 8 86 
10 81 1 29 2 4 8 92 14 87 7 2 13 80 5 57 6 96 12 70 4 61 9 42 3 9 11 9 0 61 
2 68 7 97 12 27 3 52 6 29 1 42 10 64 9 31 0 73 4 27 14 40 11 86 13 76 8 20 5 47 
8 7 5 94 11 82 2 50 12 21 6 64 3 37 1 15 14 82 4 25 7 96 9 51 0 64 10 24 13 85 
12 38 0 4 14 78 1 70 13 55 10 52 6 41 3 41 2 55 7 13 11 49 4 6 9 41 5 7 8 37 
6 61 4 53 14 52 7 98 8 3 12 70 10 69 3 68 0 74 1 89 13 17 11 34 5 27 9 52 2 84 
7 33 5 27 3 83 14 45 6 43 12 8 2 37 10 48 1 36 13 99 8 62 11 32 4 82 9 1 0 77 
13 85 9 63 11 80 4 91 2 85 8 43 10 32 12 35 3 91 0 61 6 52 5 46 7 30 14 60 1 22 
0 66 12 90 5 46 13 90 3 85 1 1 10 36 2 71 14 5 11 10 9 79 7 43 8 39 4 92 6 88 
1 39 11 24 6 5 12 51 5 83 7 52 14 98 0 94 9 62 2 17 4 3 8 42 10 38 13 51 3 26 
6 77 0 67 13 77 5 25 2 66 11 57 8 42 10 13 3 94 9 26 12 35 4 98 14 45 1 74 7 86 
5 96 7 70 10 55 13 9 2 63 0 3 1 10 8 90 3 17 11 57 6 69 12 44 9 75 14 65 4 25 
11 20 7 75 0 99 2 25 14 35 8 78 3 36 12 74 10 57 13 84 4 34 9 54 1 45 5 96 6 18 
9 36 6 19 8 60 5 93 11 94 2 63 4 49 7 64 3 26 12 90 14 78 10 7 1 21 13 43 0 72 
9 57 5 69 3 70 12 67 1 60 8 75 7 15 4 69 14 73 6 92 10 23 0 78 13 47 2 45 11 97 
9 29 8 95 13 30 7 78 0 50 6 36 2 35 3 48 5 44 12 48 10 74 1 69 14 66 4 19 11 69 
1 32 11 56 10 95 0 82 7 31 2 15 13 67 3 64 8 35 6 56 9 98 5 31 4 55 12 36 14 71 
4 90 9 72 8 49 2 38 3 68 14 98 1 65 0 39 12 56 10 29 13 56 11 87 7 99 6 9 5 41 
2 14 10 66 1 77 13 41 6 55 14 42 8 87 4 27 3 84 0 12 9 17 7 58 5 34 11 54 12 82 
14 27 5 45 11 58 2 2 8 17 4 66 1 93 6 82 13 40 12 34 3 38 9 85 10 66 0 18 7 55 
14 66 4 48 6 52 8 16 10 70 9 41 1 59 5 36 0 56 12 88 7 2 2 22 11 57 3 28 13 12 
0 60 6 18 5 87 2 72 8 78 12 10 1 11 3 84 13 39 7 41 10 11 9 65 4 87 14 83 11 55 
0 89 9 49 10 38 12 47 7 14 4 87 13 85 3 94 8 83 2 17 5 1 11 81 14 96 6 38 1 61 
3 53 4 81 6 85 2 62 13 30 9 7 8 61 11 89 1 57 7 79 0 77 14 43 5 19 10 8 12 8 
5 84 13 29 2 6 12 27 11 77 3 22 6 31 1 4 7 18 9 80 14 20 0 78 8 40 10 1 4 99 
5 18 9 50 3 98 8 31 10 41 2 39 1 22 6 61 13 49 12 82 4 62 11 78 0 7 7 72 14 18 
14 37 1 94 4 96 6 41 2 47 12 30 0 96 9 62 11 3 8 35 13 58 5 34 10 66 3 84 7 18 
12 17 3 96 13 3 5 13 1 70 14 80 8 75 11 73 4 20 0 49 7 57 2 54 9 67 6 81 10 14 
8 24 2 77 10 29 7 59 9 1 4 49 12 81 3 2 14 92 1 17 11 39 6 97 13 95 5 72 0 10 
2 39 8 53 4 91 5 36 11 13 14 43 13 70 3 41 9 44 7 24 10 70 12 45 6 40 1 22 0 39 
13 37 9 32 11 64 0 87 2 6 5 96 7 83 10 35 8 25 12 99 4 93 3 92 1 45 14 81 6 19 
11 34 4 11 0 14 13 93 10 31 9 4 2 77 3 44 8 15 6 13 12 49 7 62 14 85 5 54 1 86 
2 8 4 13 12 9 7 15 10 17 0 9 11 24 1 88 13 22 14 79 3 78 8 50 9 71 6 87 5 92 
9 89 2 59 10 48 5 7 7 63 14 15 1 89 3 60 0 14 4 35 13 31 6 21 11 17 8 67 12 14 
9 21 6 6 0 24 14 48 13 69 10 24 11 75 3 92 5 64 1 54 7 77 4 53 2 70 12 84 8 36 
10 27 14 64 3 26 8 50 12 17 9 95 13 43 4 72 5 48 11 40 1 23 2 53 0 65 7 45 6 75 
4 42 11 95 8 89 0 39 3 84 6 54 10 89 9 79 14 85 5 92 13 57 7 87 12 9 1 39 2 76 
2 51 0 17 10 7 11 91 5 86 8 59 14 91 3 6 13 16 1 30 9 8 4 6 7 86 12 71 6 82 
12 91 9 13 3 77 13 80 5 29 0 20 2 5 7 61 10 77 11 36 6 10 1 84 4 93 14 79 8 37 
2 9 1 14 0 59 10 63 12 53 14 85 6 57 5 82 4 67 8 12 7 66 3 42 11 92 9 89 13 2 
0 35 12 45 9 72 11 24 3 58 4 99 13 65 5 64 6 49 14 8 1 94 8 68 2 90 10 95 7 31 
14 65 11 42 13 30 7 66 9 92 12 22 2 86 6 37 5 26 10 16 0 81 3 86 4 91 1 83 8 79 
0 88 5 92 6 29 12 54 10 43 1 12 14 32 2 2 8 37 11 27 4 24 7 5 3 83 13 36 9 7 
3 40 8 14 7 22 14 28 1 94 5 23 6 18 12 56 0 79 2 75 11 14 10 65 9 71 4 41 13 73 
6 21 11 13 13 2 5 6 12 49 2 16 14 67 10 31 1 54 4 94 8 35 9 71 7 72 3 41 0 69 
2 17 11 7 12 87 14 90 0 56 8 93 4 2 7 83 6 37 3 13 13 69 9 24 1 34 5 52 10 64 
0 86 12 34 7 47 14 18 10 60 8 40 2 85 5 80 11 36 4 32 3 49 6 35 1 79 9 22 13 75 
11 19 3 35 8 10 1 20 5 19 2 32 13 92 6 27 0 68 12 60 4 61 7 47 10 23 14 78 9 44 
7 21 5 83 0 33 10 32 3 99 14 68 12 42 4 95 13 46 11 63 6 1 8 74 1 20 9 43 2 83 
