100 15 
3 64 11 45 1 49 7 14 9 78 13 40 6 25 0 84 8 89 5 94 2 42 14 77 4 90 10 41 12 45 
13 62 2 26 6 75 3 25 11 35 9 67 1 84 14 3 12 55 8 79 7 28 5 82 10 30 4 10 0 41 
1 12 6 94 0 99 13 56 3 64 7 33 2 77 8 65 12 48 11 38 5 61 9 56 14 38 4 62 10 83 
14 67 1 50 10 54 6 74 12 70 11 7 13 10 9 25 3 50 4 31 2 75 7 70 8 29 5 54 0 26 
3 72 9 86 0 24 14 32 7 6 6 60 12 36 1 67 5 8 11 53 13 15 2 65 10 38 4 70 8 58 
12 28 6 55 10 92 0 25 7 73 5 16 8 17 2 60 11 72 4 21 3 85 1 99 14 32 9 81 13 23 
4 31 8 60 14 13 12 30 10 71 6 88 7 85 3 41 9 24 2 61 11 66 5 97 1 3 13 86 0 91 
14 40 9 74 1 54 12 52 2 19 11 83 7 32 4 93 8 72 10 73 5 76 13 74 3 69 6 75 0 35 
14 4 5 75 11 76 2 25 12 4 7 77 0 59 10 68 13 91 3 54 9 45 1 17 8 76 6 70 4 6 
9 26 5 79 13 53 12 83 1 5 3 31 6 32 4 99 11 2 8 62 0 69 10 56 2 78 7 41 14 84 
10 72 4 27 2 49 8 42 9 88 13 89 6 99 14 61 3 63 0 68 11 82 12 99 5 96 1 66 7 1 
2 57 8 70 7 14 9 32 11 58 1 99 3 22 0 64 10 88 4 87 6 22 12 95 13 60 5 39 14 75 
4 77 10 12 3 31 2 18 0 24 9 56 12 79 1 6 8 10 13 95 11 6 7 19 5 68 14 34 6 37 
5 67 11 68 3 48 14 33 4 19 0 78 13 40 7 82 2 88 9 91 8 23 1 3 10 72 6 46 12 37 
11 48 10 23 13 13 0 35 14 39 8 58 6 17 1 11 7 29 2 96 5 22 12 67 3 78 9 22 4 41 
6 49 3 11 7 42 14 42 0 11 4 7 2 54 1 8 13 84 8 40 5 85 10 45 9 53 11 71 12 88 
12 34 0 87 11 99 3 24 7 85 8 5 9 35 6 74 2 58 14 80 13 22 5 76 4 13 1 61 10 20 
0 13 6 62 11 20 2 18 8 91 1 78 3 40 10 45 13 72 7 80 14 7 5 93 4 46 9 14 12 23 
5 5 12 64 7 10 0 90 10 15 9 62 3 59 14 41 1 35 2 81 4 54 11 7 6 11 8 80 13 18 
13 90 7 4 5 38 11 51 0 46 14 78 10 12 9 72 8 59 1 13 2 57 6 66 4 84 12 48 3 44 
2 63 6 43 9 34 13 87 7 79 10 83 8 81 11 45 0 75 5 5 4 30 3 12 14 80 1 57 12 15 
8 18 1 40 4 98 12 81 14 98 9 81 0 44 13 85 2 60 6 78 5 21 10 52 7 57 11 95 3 8 
10 42 7 83 5 53 2 20 8 20 11 16 12 47 13 64 3 47 1 21 9 28 4 18 14 98 6 68 0 53 
12 70 4 43 11 86 1 8 8 79 10 53 5 10 6 26 0 88 14 84 9 21 2 17 13 95 7 45 3 16 
12 55 13 83 4 71 8 41 10 53 2 24 5 22 3 88 14 5 6 40 0 79 7 43 9 35 11 80 1 80 
6 53 3 64 14 72 13 7 2 75 9 81 10 90 7 77 11 14 5 93 0 43 4 34 12 41 1 7 8 19 
11 63 0 63 4 8 5 24 10 70 6 23 9 45 2 73 13 85 14 52 3 13 12 20 8 10 1 43 7 47 
0 25 7 42 5 6 14 19 11 46 9 97 1 95 8 97 6 2 12 89 3 41 4 22 13 28 2 67 10 32 
10 13 1 46 13 52 7 69 5 58 14 3 8 39 12 2 3 5 0 80 2 72 9 74 4 90 11 1 6 32 
2 16 14 65 1 90 5 73 4 16 6 46 11 27 10 3 9 42 8 6 13 61 12 89 0 88 3 2 7 37 
10 33 2 93 1 40 9 26 6 38 8 14 13 25 3 59 12 60 11 26 14 96 4 94 5 18 0 85 7 81 
13 33 7 25 14 18 8 53 12 76 4 59 1 27 3 19 0 56 9 27 6 56 2 80 10 23 11 60 5 22 
4 34 13 99 14 18 10 12 1 48 3 87 7 39 9 23 8 40 5 45 6 89 2 31 12 12 11 30 0 80 
3 29 4 77 1 5 6 56 12 88 13 89 5 90 11 5 2 66 7 43 9 6 8 57 14 24 10 14 0 31 
2 58 0 52 14 33 12 94 4 9 9 8 6 1 11 67 10 99 3 71 7 78 8 72 5 17 13 6 1 3 
14 3 1 42 8 35 5 38 13 74 9 70 0 26 7 38 2 89 4 51 12 23 6 35 3 90 11 39 10 42 
3 45 5 49 1 54 6 13 11 12 13 72 0 93 10 13 2 43 7 38 9 26 4 81 12 47 14 86 8 86 
8 50 14 35 13 25 10 46 2 75 5 17 6 43 11 20 1 44 9 72 4 29 7 28 0 67 3 49 12 18 
7 28 0 88 5 68 3 63 10 75 8 12 4 29 2 66 6 35 11 2 13 53 9 85 12 8 14 89 1 86 
3 25 4 11 1 84 13 18 6 20 14 22 7 89 2 73 10 18 9 71 8 23 0 52 5 79 12 52 11 48 
5 6 3 53 10 10 7 61 13 30 9 90 0 17 12 98 2 74 1 12 6 33 14 61 8 80 4 44 11 32 
2 56 1 39 9 68 8 87 12 54 13 18 0 7 3 15 11 50 4 48 7 90 14 92 10 49 5 65 6 2 
13 47 10 2 4 76 6 58 1 12 3 5 2 38 11 95 12 1 7 76 5 4 8 59 14 57 9 82 0 45 
2 44 8 9 5 41 6 83 3 54 9 90 7 90 11 61 14 66 13 4 0 16 12 83 10 40 1 85 4 76 
3 42 0 63 11 24 10 57 1 73 7 9 2 67 6 49 5 5 9 82 13 6 8 32 4 19 14 14 12 73 
9 98 11 44 0 51 13 44 12 18 6 45 10 30 1 56 2 81 14 95 4 50 3 73 5 20 7 26 8 94 
14 7 1 26 10 19 0 25 6 83 12 88 11 30 13 56 8 9 2 70 5 69 7 82 9 66 3 11 4 18 
7 8 2 89 10 39 1 94 3 94 11 14 13 51 6 32 4 33 8 40 0 74 9 25 12 66 14 21 5 87 
4 18 10 37 7 15 0 16 6 92 14 56 11 53 8 92 5 24 12 24 1 81 9 47 13 7 3 87 2 98 
2 86 13 5 5 74 8 27 9 32 0 69 3 6 14 27 10 50 6 76 11 43 1 67 7 45 12 43 4 28 
10 45 8 73 12 11 13 36 11 64 1 46 3 42 7 1 4 16 5 54 2 87 0 13 6 68 9 69 14 75 
6 67 10 54 4 20 14 26 8 83 1 5 12 30 7 47 5 89 11 75 0 45 13 7 9 27 3 92 2 42 
3 28 6 5 14 80 5 79 7 87 1 36 12 64 9 11 0 95 8 36 2 3 4 54 11 52 13 63 10 24 
7 56 4 92 14 95 11 15 12 94 0 75 8 96 10 32 3 74 13 20 2 59 5 71 9 35 6 38 1 96 
7 47 10 59 1 7 8 26 3 80 2 58 4 76 14 7 5 23 12 2 0 9 9 25 6 17 11 22 13 35 
12 93 14 93 11 35 5 98 4 95 6 31 1 12 8 62 9 16 2 45 10 33 3 38 7 19 0 27 13 4 
3 46 14 99 9 88 10 8 2 96 13 19 5 18 1 42 7 96 12 74 6 96 0 58 8 62 4 23 11 3 
14 82 6 77 10 58 4 93 1 88 11 63 8 5 3 57 7 85 13 98 12 80 0 2 2 82 5 4 9 52 
6 26 8 76 0 70 3 37 7 38 13 66 9 39 5 32 10 80 4 38 11 98 12 50 2 88 14 71 1 6 
0 18 6 44 5 71 12 79 13 4 8 73 2 3 7 2 11 15 9 52 3 80 10 17 14 8 4 14 1 70 
5 35 10 62 9 96 6 66 4 73 7 15 2 55 0 83 1 13 12 9 8 11 3 53 13 11 14 27 11 13 
13 49 7 71 9 63 10 32 11 15 1 44 2 99 3 6 12 63 14 86 8 70 4 75 6 1 5 68 0 81 
12 42 6 86 0 87 7 98 4 82 2 87 9 27 3 71 13 92 11 8 14 94 5 79 10 98 8 25 1 35 
6 8 3 5 13 47 0 29 9 37 11 42 4 8 1 13 8 57 5 12 2 1 7 94 14 78 10 82 12 1 
12 10 5 41 13 7 14 64 9 52 10 13 6 11 11 18 1 66 0 30 7 92 3 52 2 61 4 25 8 6 
10 52 12 50 1 55 0 15 5 14 11 57 8 42 4 58 6 69 2 65 13 90 14 69 9 23 7 53 3 58 
14 44 3 67 6 27 10 62 4 88 5 35 9 94 11 5 1 74 2 53 0 89 13 11 7 20 12 9 8 45 
13 8 9 28 4 78 6 59 11 5 14 36 12 22 0 68 3 43 7 71 10 26 5 68 1 62 8 71 2 78 
1 33 4 33 8 77 12 92 3 95 5 63 9 76 13 67 0 12 7 6 6 53 14 34 10 6 11 91 2 48 
2 1 13 9 8 32 1 24 11 17 12 89 10 43 5 59 14 12 3 67 7 59 6 27 4 61 9 75 0 4 
0 98 3 43 4 57 8 70 9 24 7 86 11 86 1 58 2 56 5 95 14 59 13 18 10 52 12 26 6 94 
9 77 4 62 5 24 1 87 6 28 0 74 3 50 10 28 14 27 7 2 13 40 12 70 11 24 2 3 8 62 
1 57 6 99 0 10 13 76 10 70 4 32 8 45 11 50 5 66 2 34 7 78 3 58 12 40 14 91 9 28 
11 63 12 58 5 40 1 18 14 98 4 72 13 73 3 22 8 77 9 58 2 55 7 79 0 30 10 75 6 43 
6 48 7 74 5 18 2 93 3 49 1 94 12 96 11 21 14 26 13 45 8 89 0 47 10 93 4 6 9 87 
4 45 1 60 3 48 11 71 10 45 2 52 0 18 12 30 13 43 9 89 5 37 14 17 7 70 8 88 6 17 
14 14 2 95 8 53 9 52 4 6 7 45 13 27 12 28 3 61 10 77 5 96 0 90 6 89 1 30 11 54 
11 62 10 94 8 77 2 52 0 88 13 16 4 21 7 14 6 52 3 88 14 1 5 95 1 92 12 84 9 70 
9 24 7 52 3 29 6 52 1 13 8 72 0 77 13 5 5 32 11 49 2 23 12 26 14 93 10 91 4 34 
4 40 2 83 1 36 11 73 7 97 9 43 0 4 10 12 5 66 12 6 14 78 8 57 6 66 3 72 13 89 
10 71 12 40 9 2 1 4 4 45 2 38 14 42 0 49 6 22 11 64 8 20 7 7 5 66 13 93 3 61 
8 66 3 78 6 57 5 82 9 7 14 28 11 60 13 66 10 93 0 57 4 51 2 67 12 53 7 57 1 85 
13 75 8 19 10 49 3 76 11 10 9 5 14 71 0 11 7 97 6 79 1 23 4 47 12 70 5 14 2 92 
5 61 1 51 6 43 2 46 3 75 11 29 4 20 12 39 7 48 10 47 8 89 9 71 14 84 13 91 0 82 
3 79 10 52 9 66 4 66 0 25 6 21 13 97 1 34 7 55 8 38 11 32 2 85 5 32 14 52 12 86 
4 41 8 30 10 14 12 97 6 18 7 56 14 43 9 89 2 37 11 67 3 7 13 86 0 53 5 75 1 71 
5 37 13 91 9 96 2 45 4 68 8 78 12 78 11 74 10 31 7 38 3 92 0 85 1 94 6 29 14 99 
13 56 10 76 8 1 2 12 1 92 3 85 6 43 4 94 14 35 0 24 5 23 12 66 7 56 11 90 9 13 
2 91 1 99 0 76 13 76 12 44 8 98 6 60 5 57 10 53 9 92 3 34 4 29 11 78 14 8 7 65 
4 76 14 30 0 39 2 64 1 66 6 78 11 44 9 54 13 63 12 43 5 54 10 1 8 55 3 85 7 3 
12 59 10 87 8 36 9 70 4 34 5 63 11 43 1 80 0 9 14 63 13 8 2 56 3 23 7 90 6 26 
13 1 11 16 8 98 14 95 2 2 12 72 1 48 6 1 3 20 0 59 7 20 5 90 4 91 10 98 9 47 
9 16 6 52 14 60 0 64 12 30 7 45 10 31 11 20 8 72 3 21 1 81 13 53 2 7 5 83 4 16 
2 94 8 98 1 91 10 82 3 84 14 36 12 34 6 12 7 21 13 77 0 79 5 83 4 86 11 86 9 73 
7 46 8 71 14 75 1 41 5 75 2 38 9 28 3 41 12 55 6 38 0 58 10 69 11 92 13 58 4 70 
6 95 8 74 11 65 3 5 5 89 9 41 10 13 13 79 2 88 4 21 14 68 1 53 12 21 0 29 7 80 
7 82 13 82 0 7 2 62 8 51 14 17 11 52 12 89 3 54 4 57 10 27 6 22 1 14 5 76 9 11 
11 84 14 78 6 44 0 17 12 89 7 13 1 34 4 27 10 7 8 66 9 27 13 56 5 48 2 88 3 82 
8 3 3 2 2 41 11 99 1 81 6 69 0 23 13 30 9 41 5 24 12 4 7 76 4 63 10 45 14 59 
10 74 4 75 5 2 8 83 6 42 13 68 1 90 2 78 0 94 14 59 12 79 9 33 3 58 7 62 11 91 
