100 15 
1 75 11 89 3 14 10 64 5 90 6 36 4 20 12 85 2 95 13 19 9 38 14 63 7 40 8 44 0 4 
11 98 1 52 4 2 6 13 5 77 14 61 0 2 12 80 2 55 10 95 13 31 7 30 3 32 8 82 9 49 
7 62 8 25 11 51 4 96 2 53 9 71 13 5 5 26 10 97 0 14 14 85 12 37 6 5 3 36 1 93 
6 55 7 9 10 73 9 90 12 7 3 6 0 66 2 37 11 48 8 49 14 20 13 42 4 51 5 39 1 50 
0 94 1 1 2 67 3 16 8 52 10 31 14 49 12 83 13 18 11 13 7 25 5 60 9 38 6 73 4 66 
10 43 4 77 11 15 7 52 1 77 12 49 8 43 9 66 13 80 5 28 2 99 6 97 14 8 0 35 3 67 
12 50 13 9 2 70 6 22 4 46 11 46 1 21 3 74 9 84 10 30 5 17 0 19 8 72 7 45 14 33 
5 30 3 78 0 71 7 69 6 60 2 78 10 55 12 93 1 3 14 17 13 35 9 48 11 21 4 83 8 38 
7 23 11 64 4 8 9 55 2 42 3 21 8 48 13 48 12 28 0 83 5 80 14 64 1 65 10 6 6 2 
5 99 1 10 8 41 3 45 14 54 13 13 0 34 12 19 9 69 2 72 7 64 11 66 6 89 10 77 4 4 
11 53 1 76 2 11 8 93 3 58 13 61 6 80 12 45 14 34 5 23 10 5 7 9 9 62 0 7 4 60 
2 34 9 89 8 39 0 39 11 7 3 99 12 15 14 73 5 24 7 88 6 1 4 98 10 64 1 35 13 42 
10 69 13 72 0 17 11 92 1 54 5 72 8 20 6 47 2 81 3 31 4 30 14 50 12 80 7 12 9 65 
14 64 7 62 8 19 9 44 1 8 11 61 12 38 3 26 2 34 0 80 10 23 5 96 13 78 6 1 4 49 
12 93 1 32 11 95 0 60 5 35 13 20 10 79 9 47 6 89 14 15 4 19 7 75 8 99 3 28 2 38 
9 51 8 98 1 80 4 4 6 99 14 62 13 77 0 39 10 87 5 42 3 92 12 95 7 85 11 93 2 75 
0 93 13 45 11 59 14 59 10 29 3 22 12 79 9 77 4 97 1 74 7 75 5 5 8 27 6 50 2 36 
14 37 11 91 9 93 6 37 13 96 10 15 1 39 7 57 5 19 0 16 3 33 4 42 8 7 12 25 2 48 
6 41 13 99 0 33 12 33 2 81 9 44 11 89 10 11 7 98 3 60 8 81 4 75 5 81 14 41 1 36 
7 44 4 97 13 22 1 84 14 14 10 60 3 6 11 67 5 44 0 49 6 34 9 57 2 27 12 70 8 96 
12 39 1 29 5 58 8 28 6 58 4 96 7 40 2 68 3 2 10 18 9 90 11 93 14 86 13 41 0 89 
11 97 7 86 12 69 13 39 0 8 2 11 14 86 6 98 9 47 5 22 4 34 8 35 3 28 1 3 10 56 
0 74 10 99 4 39 7 46 14 78 8 82 9 42 12 25 11 99 6 73 3 20 5 72 1 97 2 71 13 54 
9 21 14 46 8 61 6 83 4 29 0 95 5 48 1 40 2 29 12 38 13 81 10 13 3 22 7 16 11 38 
2 91 3 90 9 73 5 59 4 92 1 15 8 65 0 92 13 25 14 99 7 39 11 55 6 44 12 89 10 76 
0 56 5 32 12 33 3 54 8 41 10 82 9 20 14 46 4 9 7 28 6 47 11 44 2 14 13 99 1 8 
7 75 5 13 1 32 0 39 10 47 6 52 8 85 13 4 4 38 2 6 12 63 11 51 3 59 14 16 9 10 
4 80 12 44 0 96 6 14 11 57 9 43 10 1 3 61 1 39 8 24 2 33 13 44 7 95 5 93 14 62 
8 39 3 70 9 68 12 13 7 63 4 70 0 67 11 44 1 93 5 54 2 18 14 37 13 86 6 44 10 11 
9 25 1 94 6 55 14 82 7 78 5 66 11 91 4 19 8 86 0 97 13 6 3 56 2 5 10 40 12 42 
0 21 10 17 6 93 1 66 9 47 7 53 3 59 13 27 12 66 11 9 14 60 8 8 4 47 5 44 2 98 
6 84 12 97 0 20 3 40 4 71 14 81 2 94 9 42 10 44 7 60 11 63 8 59 5 99 1 2 13 91 
5 42 7 46 2 20 8 54 14 8 4 28 13 73 12 25 3 57 10 12 11 30 9 97 1 95 0 27 6 18 
12 18 9 36 2 64 8 38 3 73 1 33 0 18 6 66 10 99 7 67 11 74 13 10 4 59 14 29 5 66 
14 40 0 96 12 21 1 78 7 68 3 42 5 73 9 96 4 7 10 53 13 9 2 41 8 38 11 15 6 33 
8 5 4 72 14 88 12 24 0 34 2 56 13 42 9 68 6 52 7 36 10 96 5 92 11 13 1 53 3 29 
13 3 1 82 5 27 0 52 12 91 11 85 8 85 3 50 7 20 2 45 4 52 14 13 10 41 9 84 6 8 
12 28 7 70 14 21 3 21 10 63 8 60 9 69 11 36 4 16 0 35 6 50 5 10 13 56 1 60 2 34 
7 40 0 50 9 11 12 28 11 6 6 76 3 63 14 63 4 20 8 1 2 92 10 9 13 13 5 4 1 80 
12 52 11 88 8 99 7 68 14 14 4 6 9 67 1 22 2 40 6 60 10 66 0 49 13 34 5 60 3 17 
14 43 0 53 12 74 2 2 9 68 5 15 7 11 10 38 1 61 11 95 8 72 4 43 6 74 13 21 3 74 
1 18 3 41 6 75 5 16 8 19 2 40 0 16 9 52 10 48 4 67 7 10 12 95 11 53 14 45 13 89 
14 88 13 12 6 93 5 30 8 7 9 81 7 86 2 63 10 99 11 44 12 42 1 27 0 12 3 44 4 42 
8 15 10 90 11 63 7 76 12 61 0 43 1 9 5 41 6 3 4 90 2 93 13 42 9 11 14 45 3 32 
6 82 1 85 12 69 4 17 7 5 3 99 2 20 8 21 13 31 10 54 0 83 14 38 5 36 9 81 11 20 
14 90 11 94 6 1 3 98 7 18 4 25 9 13 0 19 13 71 1 26 12 86 10 55 5 39 8 72 2 30 
11 87 13 23 5 5 8 35 14 11 10 95 1 48 12 75 3 25 6 56 4 65 0 36 9 28 7 57 2 79 
1 54 7 22 6 26 12 98 4 47 3 99 8 52 11 49 14 92 2 76 9 76 0 27 5 28 13 69 10 28 
10 30 9 65 7 49 5 73 13 53 6 19 4 23 14 44 11 32 1 84 3 67 8 50 12 73 0 47 2 24 
12 30 7 1 9 80 11 84 10 15 6 32 13 96 5 63 14 66 3 99 2 35 0 67 8 78 4 67 1 33 
11 84 10 3 5 88 4 70 12 78 1 86 14 31 2 75 8 99 6 74 13 68 9 82 3 38 7 7 0 52 
6 8 10 43 9 1 12 29 0 20 2 91 4 11 1 53 11 6 3 63 5 24 7 58 13 92 14 88 8 75 
5 87 4 12 11 56 10 44 6 65 2 74 7 20 0 81 14 69 1 33 12 56 8 28 9 99 13 7 3 30 
10 12 4 46 1 46 8 90 14 49 0 87 7 76 13 10 6 17 3 36 9 82 5 1 12 13 11 20 2 60 
4 52 8 4 6 98 0 78 11 18 9 89 1 7 3 24 14 39 10 12 12 41 13 98 5 55 7 81 2 88 
6 21 9 1 13 43 14 42 0 82 7 15 12 28 3 42 4 1 10 47 11 43 5 86 2 73 1 78 8 61 
7 75 5 4 9 93 1 10 0 64 14 39 10 92 8 36 3 35 12 26 4 98 6 52 11 37 13 49 2 86 
9 97 11 34 13 45 4 73 8 87 1 2 14 33 3 26 10 99 0 84 12 67 6 9 2 53 7 74 5 98 
10 46 3 16 12 56 0 60 8 89 7 32 5 2 4 69 6 43 11 21 9 70 2 37 13 88 14 56 1 23 
7 93 12 22 11 59 10 35 13 95 14 93 1 50 6 83 5 58 3 9 4 9 9 49 0 52 8 47 2 35 
6 47 10 35 5 43 14 95 7 89 2 10 9 35 1 34 3 88 4 82 12 57 0 64 11 94 8 27 13 96 
3 44 10 21 11 23 7 99 4 53 1 53 14 46 8 66 0 88 5 24 2 29 9 77 12 63 13 96 6 36 
11 81 14 18 2 44 7 20 1 43 4 33 12 18 3 13 10 2 9 78 8 30 6 47 5 17 0 62 13 52 
7 55 6 29 8 99 5 42 9 47 13 98 3 8 1 71 4 14 14 54 11 3 12 5 2 30 0 63 10 75 
11 20 6 73 13 35 0 66 8 64 5 28 1 39 14 72 4 95 9 63 12 71 3 3 7 8 2 54 10 18 
14 59 9 44 12 4 8 59 5 36 10 12 3 66 0 99 11 46 1 10 2 14 4 54 6 86 13 12 7 7 
11 4 6 84 10 37 4 62 3 19 2 99 7 37 13 44 1 19 5 95 0 88 14 87 9 43 8 43 12 29 
4 84 11 64 10 64 1 83 0 37 5 24 14 18 2 95 9 92 12 76 8 40 6 95 7 43 3 93 13 83 
0 68 2 67 4 35 14 43 5 46 6 86 3 6 8 54 10 11 11 94 13 68 1 26 9 46 7 37 12 44 
2 76 3 4 12 76 5 78 0 58 13 63 8 4 9 70 4 86 11 31 1 72 14 22 7 96 10 7 6 76 
11 28 12 39 1 44 13 30 8 80 7 44 0 19 14 41 6 10 2 67 3 4 10 67 4 15 9 1 5 65 
1 23 6 17 7 45 0 18 3 50 2 18 10 93 13 94 11 17 12 7 14 12 5 49 8 92 9 79 4 30 
14 76 2 88 8 66 6 54 13 29 7 24 1 30 4 99 11 70 10 56 3 88 0 98 9 5 12 58 5 15 
7 1 12 96 3 62 10 73 6 56 2 99 8 15 4 39 13 88 9 56 5 76 11 42 14 92 1 21 0 59 
13 72 0 30 7 25 2 43 8 43 1 22 14 98 3 1 12 96 5 84 10 32 6 12 11 22 4 9 9 69 
10 20 4 42 2 87 14 56 0 99 7 57 6 7 11 63 13 89 3 88 5 65 12 9 1 76 8 32 9 5 
6 71 5 31 7 78 1 74 4 83 14 42 11 94 13 98 10 24 9 38 0 68 3 12 12 64 8 86 2 96 
13 80 9 10 11 97 14 59 7 41 8 56 12 35 1 54 0 63 5 28 3 29 6 5 10 67 2 16 4 50 
12 53 8 72 2 16 11 36 10 62 5 21 14 87 4 72 9 2 6 74 1 40 13 59 0 74 7 25 3 17 
7 58 9 98 10 62 1 70 4 98 8 39 11 85 13 81 6 78 2 91 12 59 5 10 3 40 14 34 0 75 
3 10 6 21 1 47 9 72 11 97 14 26 13 80 2 79 4 70 10 25 8 38 0 45 7 70 12 89 5 94 
12 98 11 93 3 80 0 67 8 45 14 54 7 82 5 27 10 40 4 96 6 56 13 62 1 60 9 47 2 74 
13 58 12 20 8 40 7 9 10 79 0 34 1 70 2 27 14 3 11 76 4 99 6 75 3 54 9 91 5 32 
6 31 11 48 14 58 7 11 12 72 4 34 5 19 8 22 13 5 9 67 10 3 1 50 0 10 3 56 2 61 
14 83 8 57 9 68 2 41 7 16 4 66 12 83 10 7 1 71 3 23 13 91 6 22 11 9 5 22 0 3 
2 91 6 79 1 22 10 64 7 35 11 72 3 11 13 98 5 17 9 62 4 73 8 92 0 15 14 79 12 94 
13 8 10 78 1 81 14 50 8 52 0 95 4 2 11 55 12 2 5 59 7 21 9 56 6 82 2 5 3 13 
4 71 3 57 9 54 12 28 1 37 2 65 7 57 13 83 10 36 11 15 8 38 14 60 6 15 0 62 5 39 
13 23 9 42 5 22 12 41 0 58 4 77 7 71 11 78 14 95 2 74 3 4 6 73 8 22 10 32 1 19 
5 77 10 75 13 15 12 77 6 51 4 53 9 15 2 68 0 95 11 76 14 53 7 83 1 94 3 82 8 79 
9 9 5 57 14 12 13 45 0 46 1 74 2 27 8 51 11 3 3 60 4 70 10 69 12 33 6 47 7 20 
7 52 3 44 6 95 14 76 9 98 5 9 0 32 1 91 4 44 2 12 13 34 11 90 10 58 12 58 8 52 
12 15 14 87 9 71 10 88 6 90 0 38 2 9 7 70 4 69 3 58 1 60 11 21 8 47 13 75 5 61 
13 50 5 68 9 76 0 74 4 55 7 57 8 58 6 79 3 65 2 15 12 7 11 89 10 16 1 79 14 86 
3 7 8 47 10 44 7 19 2 13 4 36 0 4 11 57 14 71 12 67 6 11 9 97 1 61 13 56 5 68 
7 34 3 28 11 35 10 65 9 96 13 14 2 40 12 75 4 77 0 65 1 9 5 69 8 96 6 80 14 12 
3 63 4 4 13 77 6 63 2 51 1 71 12 65 8 28 10 9 0 59 7 47 9 98 14 45 5 86 11 62 
9 96 5 23 11 78 14 57 6 42 8 75 1 57 4 29 2 89 0 67 13 41 7 13 3 96 12 24 10 14 
7 13 10 98 4 99 11 90 6 38 1 80 12 11 9 96 14 76 0 38 3 22 5 79 8 22 13 78 2 52 
2 64 11 25 12 55 1 2 10 49 13 46 6 82 9 96 4 36 7 97 14 35 5 17 8 10 3 73 0 53 
