100 15 
2 1 5 66 0 14 6 51 8 35 12 96 10 76 7 77 4 32 14 20 11 29 1 7 13 59 9 77 3 6 
9 65 2 27 10 76 13 14 11 15 0 80 5 28 12 10 6 11 4 74 7 3 14 32 3 52 1 12 8 33 
13 32 4 8 11 8 2 57 8 51 9 76 7 46 14 69 6 15 1 59 10 63 5 79 3 45 0 60 12 36 
0 75 1 26 6 78 10 3 12 95 14 45 7 64 3 65 11 66 4 91 5 57 2 37 8 18 9 44 13 91 
0 13 6 21 2 14 8 1 12 98 9 89 5 42 1 22 14 31 7 12 4 8 3 41 13 94 10 56 11 94 
8 73 0 18 5 39 2 44 4 81 6 22 1 29 14 43 13 28 10 42 7 22 11 46 3 86 9 73 12 76 
3 96 11 67 5 57 13 35 6 23 7 45 0 60 1 59 9 20 14 71 4 80 8 36 2 53 10 57 12 77 
4 98 3 23 9 9 13 43 8 34 0 48 6 50 7 89 12 12 2 8 11 4 1 16 14 40 5 79 10 31 
1 94 0 37 13 6 9 69 7 32 11 88 12 24 3 70 5 52 4 34 8 58 10 55 14 8 2 99 6 23 
1 14 8 58 9 13 3 12 14 16 12 48 10 11 5 9 2 90 0 93 4 10 6 49 13 54 7 91 11 84 
6 90 12 96 1 18 0 93 13 34 8 66 7 68 14 20 11 3 2 19 9 91 10 87 5 6 3 16 4 92 
9 74 12 6 3 81 8 74 10 34 4 34 2 82 14 7 0 51 11 2 13 18 5 9 7 76 1 2 6 66 
0 50 14 39 3 79 11 8 8 90 7 17 1 38 5 40 10 15 9 4 13 1 4 54 2 52 6 36 12 45 
2 35 6 70 11 6 5 71 14 38 0 74 10 20 4 58 7 51 3 16 13 30 1 43 9 49 8 67 12 60 
7 73 0 17 1 54 10 18 13 21 4 64 12 61 2 9 8 69 5 41 11 28 14 42 3 45 6 67 9 92 
0 17 11 69 3 89 5 54 1 3 4 94 8 72 9 5 13 15 14 95 12 2 10 52 7 63 2 77 6 9 
10 63 6 85 8 92 12 88 9 46 0 5 3 19 5 83 13 66 11 6 7 17 4 41 14 37 1 25 2 51 
12 62 3 54 1 69 9 30 6 32 11 1 0 46 8 20 14 48 7 31 5 36 4 59 13 97 10 99 2 40 
1 15 5 41 10 13 14 52 4 9 12 66 8 44 3 61 0 60 2 84 7 39 11 44 6 98 9 99 13 13 
4 33 7 37 9 25 3 60 1 9 12 95 14 98 6 11 10 61 2 6 8 37 0 83 11 37 13 45 5 22 
9 87 1 20 12 70 7 72 10 69 5 98 13 14 11 56 4 71 8 94 6 83 14 56 2 81 0 96 3 97 
10 10 3 32 11 28 14 51 1 91 0 57 13 82 6 89 4 56 9 89 12 61 2 20 7 31 5 89 8 40 
10 77 3 55 7 97 8 33 0 54 1 63 5 5 2 69 4 96 9 88 11 46 12 72 6 72 13 29 14 61 
7 93 11 98 0 60 10 67 3 67 1 20 6 59 14 49 8 49 12 33 4 33 5 89 2 93 13 64 9 2 
14 87 13 81 4 15 6 86 2 8 8 18 0 95 12 91 7 46 3 95 11 86 10 63 1 85 5 81 9 89 
14 36 10 88 3 79 1 73 5 71 8 54 4 88 9 99 6 26 7 80 0 55 11 58 12 62 13 37 2 24 
0 21 9 51 2 64 12 93 11 52 6 50 3 19 8 80 4 55 7 45 10 41 14 89 13 60 1 56 5 67 
13 55 5 27 11 60 3 75 7 57 12 35 1 41 6 73 10 40 14 36 2 86 8 10 4 16 9 28 0 79 
6 66 13 79 11 60 8 68 5 54 9 63 3 67 7 62 0 89 10 94 4 20 12 98 14 29 1 16 2 24 
1 94 4 93 13 40 7 24 3 96 8 49 2 84 5 89 10 35 14 18 11 32 0 14 6 25 9 66 12 64 
11 30 2 18 4 37 10 16 9 28 3 72 6 99 14 21 5 60 0 8 8 84 13 85 12 4 7 77 1 88 
10 28 5 83 13 90 11 23 4 32 9 91 7 57 2 10 3 88 0 75 1 58 6 52 8 34 14 31 12 48 
14 20 13 74 3 92 8 47 5 92 9 85 1 8 2 78 10 94 12 13 0 47 7 1 11 30 6 92 4 88 
11 18 2 81 5 15 8 11 10 35 0 11 7 27 9 25 4 79 1 44 3 91 12 56 13 84 14 65 6 28 
5 54 7 22 3 29 11 75 14 75 2 15 9 77 10 37 13 86 0 53 12 56 6 11 1 85 8 62 4 37 
10 46 12 30 4 80 11 25 0 36 14 98 7 52 8 45 6 24 1 74 9 33 5 38 3 25 2 93 13 7 
12 48 4 59 11 99 6 31 14 4 13 38 10 90 0 31 7 97 3 39 8 86 9 28 5 98 1 41 2 9 
6 61 1 63 4 38 8 34 7 25 10 15 5 32 9 5 13 58 0 21 11 19 12 82 2 34 3 11 14 15 
12 89 7 32 3 41 11 27 6 76 1 61 4 72 9 79 13 33 2 76 0 48 8 63 10 26 5 10 14 28 
9 37 3 55 11 95 7 30 5 3 2 1 4 92 13 72 12 58 14 3 6 35 10 27 1 61 8 47 0 47 
0 24 13 53 3 74 14 66 7 23 10 33 9 40 1 89 6 10 2 42 12 65 11 99 8 31 5 44 4 40 
0 80 4 91 6 51 14 23 9 23 10 24 11 15 5 6 12 35 3 16 1 1 7 85 8 96 13 16 2 26 
2 74 6 94 4 84 14 50 7 17 3 57 5 57 12 20 10 39 8 3 1 99 13 85 11 25 0 64 9 76 
3 60 5 33 10 10 1 60 7 51 8 32 2 68 0 66 6 36 14 32 13 48 9 27 4 92 12 23 11 44 
8 49 6 60 3 78 5 71 10 64 11 89 9 67 1 74 13 85 0 27 14 10 12 12 4 45 7 47 2 77 
6 76 3 49 11 40 9 7 0 14 7 54 10 34 5 85 13 43 8 94 14 67 2 14 4 96 1 52 12 52 
2 42 12 31 0 31 1 24 6 76 3 93 9 24 13 46 5 66 10 93 4 57 11 35 7 29 14 49 8 8 
4 85 9 51 7 76 14 71 13 62 5 28 3 20 6 95 8 12 1 20 0 62 2 70 12 30 10 82 11 6 
3 44 9 58 12 9 8 8 6 39 2 67 7 80 1 4 14 50 4 76 13 16 11 65 0 17 5 33 10 94 
3 46 6 49 1 60 9 69 7 84 11 7 10 37 5 91 14 95 2 12 8 97 12 28 0 80 4 69 13 75 
2 26 4 7 0 35 11 6 8 44 5 39 9 12 13 42 14 60 12 75 6 84 10 81 1 72 7 81 3 8 
1 40 2 39 11 93 12 54 0 81 7 89 14 41 5 98 6 85 8 27 9 47 3 13 10 79 4 24 13 60 
8 81 5 50 14 91 13 30 0 26 11 11 1 29 7 60 2 44 9 43 6 98 4 52 12 48 10 73 3 62 
3 3 4 95 5 95 8 33 13 95 6 64 11 78 0 4 14 53 12 82 1 99 10 47 7 47 2 72 9 83 
14 40 9 65 4 67 10 77 5 12 11 25 8 73 13 12 12 69 6 85 3 44 2 29 0 22 7 74 1 77 
6 45 0 31 1 7 10 40 12 62 9 90 2 21 14 89 11 16 7 48 5 53 4 44 3 45 13 81 8 6 
4 72 5 16 13 81 1 83 6 44 8 77 0 10 2 41 10 26 7 80 3 71 11 95 9 4 12 40 14 68 
6 26 5 34 2 87 8 56 0 92 4 6 9 45 10 75 14 19 13 46 7 32 3 1 1 34 12 17 11 15 
4 6 14 24 11 54 8 40 2 81 5 24 1 8 13 70 12 27 3 77 7 80 0 13 6 59 10 27 9 96 
6 48 3 10 13 63 4 75 11 48 5 66 8 94 14 23 2 6 1 80 10 2 7 83 12 20 9 7 0 47 
2 82 1 68 5 93 4 37 11 9 0 22 7 45 9 12 13 45 8 60 12 39 14 41 10 48 6 95 3 53 
11 85 10 17 1 4 0 55 12 16 9 88 13 11 3 9 4 16 8 56 6 41 5 42 14 42 7 88 2 73 
8 68 12 9 5 14 6 83 11 61 4 97 7 14 10 89 14 50 1 49 3 24 9 3 2 38 13 33 0 66 
12 65 11 78 14 71 1 95 7 36 10 19 5 4 4 94 8 41 6 37 0 69 9 33 13 9 3 13 2 85 
10 10 1 82 5 22 9 48 2 15 4 52 6 83 13 16 11 1 3 88 8 94 0 21 12 48 14 66 7 52 
14 95 2 27 9 79 4 44 6 17 11 43 3 26 13 19 7 75 12 79 5 68 1 61 10 28 0 12 8 55 
10 16 2 41 5 39 9 59 4 4 0 5 6 5 1 15 11 65 12 89 7 52 13 47 3 84 8 73 14 20 
6 14 9 40 14 84 13 16 11 76 1 50 2 19 8 96 10 49 7 11 5 10 0 30 3 42 12 22 4 29 
12 45 2 25 8 88 0 50 7 21 10 20 13 61 11 89 9 96 6 89 14 28 1 97 5 44 3 17 4 96 
3 98 7 16 9 75 4 49 12 13 1 29 5 59 2 52 11 63 10 20 0 89 14 76 13 51 8 37 6 91 
11 68 2 90 8 43 3 76 6 4 9 90 0 74 13 92 5 34 10 74 4 82 7 20 1 24 12 13 14 86 
12 2 7 75 9 58 5 97 2 23 13 56 11 12 8 22 6 79 10 79 3 83 1 64 4 28 0 12 14 50 
7 61 8 25 13 27 14 63 1 40 4 51 2 14 9 67 10 31 6 81 11 35 12 17 0 69 3 76 5 89 
10 89 4 24 5 60 7 7 9 5 12 4 3 74 2 14 6 28 11 32 8 91 0 10 1 44 14 44 13 54 
1 76 2 41 3 70 7 33 6 73 14 87 11 24 0 40 13 28 4 9 12 67 10 8 9 44 8 34 5 11 
9 90 5 24 6 61 0 60 3 5 10 30 4 86 7 63 14 59 1 21 8 53 11 83 12 56 13 32 2 39 
12 22 8 17 3 94 0 86 4 10 2 77 11 58 10 33 9 1 5 83 14 9 6 81 7 63 13 38 1 92 
13 49 14 47 7 86 6 49 1 56 12 63 10 50 11 17 9 1 5 32 8 24 4 24 2 48 0 88 3 45 
9 74 14 96 12 11 11 36 3 64 7 54 6 71 8 52 0 44 5 31 1 5 2 24 4 28 10 45 13 48 
1 62 12 6 7 84 4 9 5 7 10 59 8 60 2 8 14 48 6 90 9 2 13 75 11 63 0 46 3 34 
14 33 3 90 10 27 13 39 6 30 5 5 8 46 4 62 2 37 0 94 9 82 12 73 11 36 1 15 7 44 
13 78 12 74 3 10 4 76 0 9 6 87 1 48 11 90 10 43 8 39 5 27 9 99 7 5 14 74 2 7 
2 42 13 98 11 72 3 24 7 89 14 48 4 95 5 75 1 95 12 21 0 53 9 10 8 81 6 59 10 33 
10 60 9 79 5 60 0 51 12 69 8 87 7 22 4 83 1 19 2 65 6 27 13 79 14 41 11 9 3 44 
10 75 9 67 0 20 13 89 8 3 2 26 11 79 14 15 5 23 12 59 1 6 6 94 4 45 7 36 3 93 
7 86 3 43 2 26 14 78 4 53 6 95 0 99 10 85 11 57 13 76 12 59 9 19 8 17 1 18 5 89 
7 72 1 62 14 53 6 10 0 93 13 30 9 77 4 16 5 90 12 15 10 71 11 25 8 15 3 73 2 21 
0 25 9 66 8 23 11 63 7 80 12 30 10 84 3 1 13 77 5 56 14 92 1 85 2 57 6 65 4 21 
8 37 11 31 0 96 5 83 2 86 3 52 6 52 9 65 4 49 14 74 1 74 7 3 10 25 13 2 12 67 
9 38 2 5 5 37 13 40 11 76 14 72 12 58 6 66 10 90 3 34 0 86 1 27 4 19 8 20 7 8 
11 51 6 8 3 52 1 91 8 17 2 26 14 12 7 91 12 93 0 77 10 98 5 92 9 50 13 16 4 49 
9 24 8 40 14 36 4 85 13 97 0 63 5 71 3 57 2 10 11 89 10 66 1 8 12 98 6 12 7 4 
9 82 11 38 6 26 14 75 10 26 7 8 0 75 12 40 5 7 13 35 4 46 3 92 1 48 2 24 8 56 
12 70 3 62 2 96 1 28 13 22 10 51 14 76 7 88 8 30 4 28 11 55 5 31 9 93 0 27 6 65 
12 94 3 71 6 81 13 50 9 45 4 62 10 62 2 22 7 53 0 24 11 31 14 88 8 9 5 12 1 60 
2 40 7 79 9 59 12 12 10 16 5 40 14 77 11 62 3 63 6 7 0 36 1 61 8 84 4 46 13 82 
8 11 3 22 7 15 4 64 13 9 10 92 14 38 5 31 11 66 0 64 6 31 12 81 9 92 2 79 1 60 
6 28 8 93 9 45 11 33 12 25 4 91 10 47 0 62 1 82 2 82 5 70 14 37 3 92 7 63 13 45 
3 53 2 55 4 4 14 41 0 93 12 16 7 81 5 76 10 18 11 31 1 95 9 90 13 62 8 89 6 48 
12 49 7 73 3 7 5 74 8 17 1 69 9 32 0 47 11 84 2 16 6 35 14 39 4 73 10 52 13 91 
