100 15 
5 83 12 70 11 74 1 64 13 80 14 2 9 78 0 94 6 39 2 65 4 17 10 99 3 19 8 45 7 35 
12 73 0 80 7 85 3 4 8 20 1 99 11 33 5 28 14 14 13 28 4 6 2 27 10 87 6 63 9 27 
13 55 8 9 2 69 10 82 0 46 12 47 4 36 5 44 9 74 1 23 7 43 3 4 14 91 11 74 6 3 
13 64 6 76 5 23 9 99 2 28 1 69 7 59 0 11 11 91 3 7 14 76 10 24 12 6 8 58 4 75 
12 65 9 62 2 6 7 99 0 5 13 41 3 2 1 13 8 15 6 73 10 50 5 3 11 99 4 58 14 30 
11 47 9 38 13 34 5 90 7 36 2 64 14 84 3 73 12 14 6 42 4 32 0 62 1 89 10 87 8 6 
3 10 13 85 2 23 9 98 10 63 8 98 11 19 0 46 14 52 6 43 4 76 7 49 12 37 5 2 1 5 
3 98 8 56 0 93 12 59 11 38 2 4 9 8 1 95 7 29 5 23 4 87 13 65 10 46 14 1 6 3 
7 43 14 40 13 89 2 20 11 9 5 60 9 28 6 48 1 95 12 82 4 20 10 1 0 16 3 79 8 73 
8 71 5 30 14 10 3 86 4 40 11 55 0 45 1 23 12 18 2 23 10 13 13 21 9 4 6 44 7 17 
1 39 9 56 4 61 8 37 0 82 10 72 14 89 11 98 2 21 12 16 6 6 7 95 13 85 3 79 5 49 
5 53 1 21 9 20 6 12 10 80 11 76 0 55 14 88 2 60 8 55 7 12 3 44 12 56 13 86 4 70 
3 45 10 38 13 74 6 19 4 25 7 1 14 14 0 58 9 25 5 80 12 33 1 20 8 68 11 11 2 17 
10 46 14 49 8 4 12 39 5 86 7 57 6 84 1 7 2 28 0 6 13 67 4 56 11 87 9 47 3 71 
3 34 5 67 9 63 7 65 1 85 0 6 12 83 6 32 14 42 10 71 11 89 2 61 8 51 4 3 13 14 
2 47 7 85 4 18 13 47 5 39 11 8 6 68 12 88 14 43 9 41 8 56 10 26 1 19 0 6 3 35 
9 98 11 34 1 46 2 37 8 74 4 1 10 39 12 51 7 1 5 10 3 73 6 12 0 13 13 92 14 74 
8 34 13 26 7 27 10 99 9 61 11 18 5 61 3 44 2 88 6 35 14 86 12 25 1 30 4 44 0 54 
6 22 11 81 3 55 10 21 1 63 13 97 9 33 14 49 5 5 12 97 2 96 7 53 0 30 8 11 4 58 
0 46 1 12 14 27 12 26 8 16 2 2 13 12 10 90 5 3 6 2 9 42 7 32 11 20 3 54 4 9 
5 80 14 8 6 23 1 91 2 10 4 98 12 16 8 25 10 29 13 13 0 92 3 40 7 73 9 50 11 80 
12 6 3 30 5 44 11 7 9 21 10 49 1 34 14 87 4 68 2 75 0 7 7 72 13 15 8 7 6 43 
6 78 14 12 5 12 13 40 1 19 2 17 3 40 0 54 9 64 7 1 11 3 12 93 8 1 10 29 4 98 
6 89 12 84 10 47 13 80 4 37 5 63 8 1 0 66 3 22 14 58 2 73 7 16 1 97 9 71 11 20 
12 47 11 15 10 56 13 75 2 4 3 72 6 10 9 57 8 63 7 16 5 14 1 58 0 27 4 6 14 19 
14 18 5 74 4 32 7 77 2 83 3 6 9 70 1 29 8 5 10 57 13 29 6 24 12 30 0 7 11 85 
1 41 10 82 9 17 11 9 5 86 6 64 4 78 3 39 0 37 13 58 8 63 7 84 12 66 14 39 2 95 
1 12 8 5 6 55 9 68 13 60 4 5 0 8 10 32 14 86 5 15 2 63 3 59 7 4 11 44 12 75 
11 31 10 21 6 24 14 53 13 46 12 26 4 89 5 14 3 43 0 28 1 46 9 63 7 47 2 52 8 3 
1 8 9 42 4 24 7 30 10 46 13 24 11 71 12 57 5 64 2 24 6 33 0 35 3 81 14 39 8 42 
11 46 1 45 14 47 9 11 6 77 7 88 10 49 0 31 12 10 8 16 2 58 3 51 5 43 4 77 13 25 
4 98 10 10 0 48 8 60 12 80 11 92 2 5 5 51 13 15 14 15 6 23 3 53 9 23 1 17 7 13 
13 80 14 80 12 51 4 95 5 36 9 37 2 19 1 34 11 15 3 26 7 81 6 51 0 39 8 87 10 8 
4 60 11 24 8 16 13 87 3 90 2 5 9 4 1 52 7 6 0 36 6 99 14 48 10 17 12 13 5 4 
11 51 1 30 5 58 12 59 3 23 9 99 2 79 7 6 10 54 14 80 4 60 8 45 13 15 0 4 6 54 
13 15 4 8 5 53 12 90 10 63 6 17 1 83 2 38 9 30 14 20 0 27 8 54 7 20 3 2 11 24 
7 85 2 74 9 70 5 11 6 19 12 51 1 51 11 57 8 34 10 79 3 4 4 65 14 93 0 28 13 56 
11 3 12 8 2 68 4 76 3 45 8 35 7 15 1 28 14 29 9 1 5 23 0 76 13 9 10 62 6 89 
9 10 11 98 8 58 3 68 13 97 14 12 7 10 1 5 2 9 10 7 6 87 0 12 5 77 4 92 12 73 
0 54 7 94 11 5 13 85 1 79 6 92 2 77 14 91 4 61 5 28 8 80 3 57 12 87 10 42 9 78 
5 24 7 12 0 13 13 30 3 55 4 92 6 58 1 55 14 84 11 26 2 71 10 68 8 38 9 93 12 55 
6 45 14 76 5 49 11 28 13 32 2 15 7 45 12 49 0 80 1 2 9 1 3 26 10 71 4 35 8 57 
5 98 4 56 3 28 7 63 6 72 2 39 12 74 8 52 10 56 1 51 9 15 11 56 14 37 0 79 13 1 
2 25 12 73 7 5 6 11 1 26 8 82 5 14 11 56 14 96 0 82 3 67 13 61 4 12 10 81 9 80 
1 50 12 33 2 60 3 70 7 45 8 41 14 99 4 65 13 53 10 43 9 66 6 95 0 80 11 89 5 98 
3 82 14 27 12 11 9 71 0 58 4 40 8 90 5 49 11 44 7 62 13 23 10 28 2 76 1 39 6 27 
13 52 5 86 9 39 10 33 11 98 14 94 6 47 8 54 12 39 4 66 2 49 3 75 7 4 0 61 1 1 
11 3 4 30 12 95 2 55 5 3 7 57 0 20 6 14 8 27 1 20 9 25 14 77 10 87 3 9 13 29 
12 4 13 3 4 17 14 44 5 80 0 53 11 35 8 56 7 56 6 52 2 40 1 31 9 94 10 47 3 50 
6 82 0 36 13 52 5 72 8 28 9 73 2 99 3 88 11 82 7 43 4 1 14 30 10 69 1 2 12 60 
6 48 11 17 12 55 8 76 2 90 3 14 5 38 10 13 13 70 4 5 0 88 9 97 1 18 14 77 7 66 
8 90 10 61 7 18 5 51 14 57 0 1 11 85 13 14 1 50 12 8 3 62 4 76 9 28 6 85 2 95 
11 70 12 93 3 89 4 78 9 2 0 31 6 88 5 43 1 85 2 46 10 12 7 64 8 73 14 11 13 33 
3 46 4 28 0 85 13 9 14 29 7 79 10 66 8 17 5 42 1 47 9 88 11 69 2 8 12 45 6 59 
1 92 5 98 13 79 9 33 12 53 8 10 10 43 6 16 11 87 0 80 14 97 2 16 7 82 3 16 4 72 
12 80 6 21 8 31 4 11 0 82 11 74 9 90 14 62 7 46 2 3 3 35 1 57 5 30 13 67 10 65 
4 5 14 42 3 15 0 70 10 68 12 53 6 9 8 48 11 3 7 56 2 19 13 89 1 72 9 8 5 61 
12 8 14 69 13 43 10 55 9 64 4 61 3 18 8 42 2 42 1 26 6 61 0 76 11 36 7 81 5 38 
0 11 7 73 8 39 9 98 6 42 11 66 12 53 14 54 10 41 13 16 1 44 3 71 4 80 5 54 2 57 
1 30 13 97 10 2 4 34 9 54 2 61 0 80 11 24 5 90 6 74 7 32 3 1 8 23 14 26 12 44 
1 8 8 60 3 91 5 58 6 19 9 25 0 21 12 37 10 19 7 7 11 52 14 12 2 43 4 28 13 23 
14 75 0 1 2 7 4 95 12 13 3 21 8 8 6 73 13 51 7 2 10 16 11 90 5 94 9 27 1 8 
6 82 11 44 1 74 3 74 2 54 0 95 7 54 8 2 5 16 12 47 14 66 13 42 4 86 10 85 9 99 
1 83 9 53 0 53 11 21 8 82 14 85 3 64 5 5 4 20 6 13 7 23 13 7 2 15 12 29 10 1 
3 17 9 44 12 70 14 54 8 8 7 17 5 51 13 47 1 94 10 29 4 59 2 15 0 55 6 46 11 89 
1 6 12 45 2 68 6 43 3 3 7 98 0 78 8 61 5 70 9 44 14 33 11 14 13 19 4 58 10 87 
3 92 13 72 4 39 1 38 5 85 2 40 0 20 7 8 6 46 10 25 8 38 14 11 11 59 9 71 12 65 
14 64 8 10 0 99 6 70 3 83 9 5 7 44 2 27 1 94 12 10 5 28 11 94 10 21 4 53 13 20 
6 95 10 86 1 46 2 17 3 80 11 60 13 47 5 68 12 21 7 37 4 35 0 29 9 23 14 71 8 26 
0 73 3 71 7 37 12 85 9 8 5 94 11 30 4 12 6 98 13 2 2 70 14 11 10 61 1 5 8 79 
1 79 11 31 6 50 14 2 3 11 8 35 7 72 0 53 10 93 9 4 4 81 12 19 2 97 5 81 13 90 
14 60 0 47 6 98 2 69 11 78 1 91 9 45 10 87 8 25 3 21 13 11 7 10 4 12 12 18 5 48 
7 7 10 89 4 87 9 57 0 44 8 80 3 10 2 45 5 84 12 97 13 46 14 34 1 13 6 78 11 54 
13 8 10 69 11 15 9 39 2 8 6 95 3 44 8 36 7 54 12 41 0 83 1 64 5 69 4 17 14 86 
6 73 8 44 2 45 10 60 1 6 4 56 14 30 13 74 9 59 7 24 11 75 0 63 3 25 12 64 5 69 
5 7 1 40 9 89 14 36 11 11 3 95 10 60 8 47 0 14 2 96 7 1 12 27 6 56 4 44 13 99 
1 89 6 43 9 19 4 96 5 57 14 91 11 70 7 87 10 38 2 40 0 8 12 81 13 59 8 88 3 43 
13 7 4 91 12 3 6 35 0 94 11 95 10 73 2 5 3 71 8 5 7 52 5 38 1 45 14 85 9 42 
11 38 13 43 4 9 10 87 3 98 8 76 9 22 2 5 1 84 14 95 12 33 0 1 6 62 5 58 7 19 
5 75 7 19 6 64 3 15 11 96 10 53 14 49 4 40 13 24 2 46 0 15 1 5 9 19 8 1 12 21 
5 88 13 89 4 65 6 84 11 27 10 80 12 36 7 21 1 64 2 87 3 82 8 84 9 69 0 25 14 38 
3 23 13 28 5 4 0 36 1 38 11 70 2 76 12 23 7 92 9 67 10 4 6 72 4 10 8 15 14 80 
12 53 6 78 13 74 9 90 10 59 11 45 1 65 8 27 4 61 0 53 7 19 3 29 5 85 14 68 2 14 
14 11 9 64 5 18 12 13 13 11 10 36 3 95 4 74 6 16 0 83 1 45 7 89 2 26 8 91 11 94 
5 84 3 83 0 74 6 57 4 29 13 10 12 40 1 17 11 29 10 84 8 54 9 76 14 89 7 46 2 59 
12 52 8 55 14 69 9 45 2 2 5 30 11 63 10 85 4 38 13 79 0 86 6 98 3 56 7 93 1 99 
7 79 12 4 14 66 6 18 5 49 1 43 10 74 0 75 13 39 4 88 8 31 3 66 9 63 11 75 2 8 
3 28 2 55 4 76 9 28 1 96 0 77 5 47 14 25 8 34 12 31 11 76 6 96 13 61 7 57 10 93 
1 17 9 33 4 13 6 30 12 36 8 18 10 27 7 63 13 63 0 94 11 66 14 56 5 29 2 62 3 55 
2 42 0 1 11 62 5 12 13 48 10 44 6 36 3 97 7 60 12 63 1 81 9 28 4 26 8 16 14 20 
0 27 11 81 1 7 13 82 6 8 2 20 8 37 10 79 5 7 4 6 9 21 12 37 3 68 7 79 14 69 
4 17 12 1 9 40 8 30 1 47 10 8 11 23 7 10 6 21 14 26 13 73 5 53 0 64 2 20 3 47 
6 8 10 53 0 38 13 39 2 72 4 54 12 4 14 39 9 90 3 12 1 64 5 49 11 46 7 69 8 44 
9 9 2 34 13 37 11 84 6 97 0 62 14 65 12 45 4 83 5 10 1 63 7 67 3 79 8 94 10 99 
4 63 5 20 0 59 6 96 1 37 3 5 9 74 8 98 10 9 12 75 7 5 13 65 2 71 14 99 11 98 
10 31 8 73 11 57 13 8 2 3 3 50 1 89 5 7 4 3 14 61 12 31 9 80 0 58 6 68 7 84 
12 79 8 83 13 46 10 30 5 30 11 74 1 42 14 73 6 99 9 12 0 61 4 27 2 17 7 84 3 18 
12 37 5 92 8 3 7 14 11 94 9 4 6 97 4 13 13 72 3 3 2 33 10 46 14 88 1 5 0 94 
2 49 7 48 5 36 10 47 9 90 12 18 3 45 6 16 4 7 11 43 13 67 1 11 14 46 0 3 8 5 
4 37 1 69 7 56 3 73 12 26 6 96 0 55 14 31 2 15 13 36 9 97 11 91 8 15 5 55 10 61 
