150 15 
14 8 2 49 5 51 6 20 13 50 0 43 10 81 8 63 1 45 12 24 3 19 9 31 11 66 7 67 4 30 
12 69 10 29 0 46 4 1 6 33 14 75 13 80 9 87 5 75 3 8 11 67 8 32 7 80 2 30 1 8 
3 48 7 33 6 8 14 34 13 72 9 55 1 17 5 53 2 54 10 85 4 13 12 5 0 78 8 81 11 54 
8 8 0 90 9 44 4 19 11 97 12 35 5 19 6 36 1 90 10 56 13 14 2 37 14 27 3 90 7 20 
3 8 8 34 6 49 5 59 0 88 4 99 9 35 13 9 11 69 1 42 10 64 2 53 14 36 12 78 7 38 
7 26 14 49 1 64 12 44 0 39 10 58 4 36 9 63 6 55 8 21 3 3 11 68 5 87 2 21 13 44 
2 47 5 65 4 30 13 14 12 77 9 85 3 23 6 68 8 23 7 48 1 60 0 61 10 93 14 83 11 33 
13 17 4 2 12 15 9 57 2 76 5 3 0 32 7 13 11 45 10 47 3 72 6 27 14 3 8 36 1 23 
13 56 3 69 12 34 6 7 11 83 0 98 8 81 2 24 10 39 1 85 9 47 5 93 14 4 7 54 4 19 
12 17 5 30 4 4 3 27 10 41 8 28 7 6 0 36 1 67 11 46 9 79 2 88 6 47 14 53 13 67 
9 41 12 34 5 2 6 37 0 68 3 67 7 88 1 27 14 69 13 52 2 33 11 92 10 41 8 71 4 98 
11 57 0 6 14 62 1 57 6 54 13 86 9 41 12 13 5 78 8 56 10 20 2 96 7 54 3 19 4 56 
9 26 10 76 13 50 12 44 4 98 14 67 7 64 8 61 1 52 11 7 6 12 2 57 5 48 0 75 3 80 
13 26 9 15 3 38 11 24 2 65 7 56 1 68 5 83 0 15 10 90 12 61 6 58 8 45 4 57 14 39 
14 17 5 73 10 27 12 54 3 97 0 94 4 15 8 17 13 24 7 76 2 20 6 12 11 71 1 7 9 85 
7 96 9 62 11 26 3 64 0 1 14 26 4 41 5 58 1 30 12 99 10 82 2 88 8 5 13 57 6 43 
10 39 0 32 6 5 2 36 9 79 3 25 14 18 1 21 4 50 11 27 7 12 8 69 13 59 12 21 5 51 
2 58 13 30 10 6 7 67 3 59 5 56 12 12 9 71 11 13 0 78 14 20 6 62 1 41 8 24 4 24 
1 69 7 51 10 79 9 28 14 21 5 54 8 71 6 41 11 46 0 76 12 50 3 19 4 45 2 47 13 18 
14 24 3 92 8 29 4 57 1 42 13 34 10 7 9 38 12 17 11 14 7 7 0 68 2 28 6 83 5 42 
7 55 12 70 8 21 2 12 4 64 6 57 9 92 3 9 1 30 14 77 0 43 10 69 5 24 11 18 13 7 
6 10 12 8 8 79 3 40 5 47 9 47 4 27 11 25 1 21 0 31 2 41 14 93 7 71 10 20 13 47 
11 2 8 35 13 88 4 93 5 72 10 66 0 93 1 37 2 22 7 28 9 32 14 71 6 64 12 93 3 99 
14 18 13 11 6 46 11 19 3 21 12 21 9 55 2 89 5 66 7 58 10 24 0 61 8 83 4 17 1 19 
1 98 8 52 4 74 9 49 0 84 6 92 13 70 5 97 11 32 7 20 2 56 12 37 10 42 3 56 14 70 
6 95 8 92 12 99 9 39 13 2 4 78 10 75 5 64 2 33 3 48 0 21 11 44 1 90 7 35 14 88 
11 67 4 64 3 89 7 49 10 41 0 94 5 96 8 64 2 91 14 34 12 59 6 12 9 74 13 4 1 6 
13 72 2 13 1 20 11 57 7 43 12 92 14 70 0 17 3 80 5 11 10 7 9 40 8 99 6 13 4 66 
6 95 14 23 12 91 7 27 11 25 5 27 8 96 13 52 9 92 1 90 3 54 4 36 10 93 2 45 0 70 
4 76 11 7 10 92 13 33 6 69 3 4 9 61 14 55 7 92 8 40 2 57 0 33 5 17 12 25 1 26 
12 95 4 59 1 1 9 71 2 65 0 95 7 70 8 88 6 48 11 29 10 48 13 4 3 42 5 77 14 32 
0 41 9 83 13 17 7 80 1 94 3 89 8 61 5 84 6 55 11 34 2 4 14 22 4 29 12 22 10 10 
13 16 14 73 4 88 0 83 2 55 11 13 7 36 3 6 6 96 10 53 8 40 5 93 1 98 12 59 9 66 
1 32 5 15 12 14 4 78 6 62 3 58 0 64 10 45 13 12 7 74 8 57 9 68 11 95 2 14 14 64 
11 32 4 29 10 38 13 65 14 39 6 72 3 7 7 11 5 41 9 27 1 60 2 83 12 77 8 91 0 74 
2 95 13 35 0 93 1 5 5 21 11 41 3 55 7 13 4 46 6 90 9 18 10 33 8 82 12 82 14 33 
7 82 12 30 8 45 0 2 11 32 2 55 4 62 13 58 14 76 1 56 6 79 9 34 10 21 5 86 3 20 
14 83 1 68 8 90 4 4 11 48 10 91 7 56 9 5 5 61 3 93 6 34 13 59 2 47 12 59 0 95 
7 48 12 47 14 60 6 96 3 26 2 80 11 90 4 50 10 29 0 48 8 44 9 57 13 26 5 94 1 35 
7 94 8 98 2 88 1 48 12 42 6 89 9 75 4 44 14 52 5 69 10 25 13 40 11 46 0 92 3 4 
13 62 3 39 7 70 8 33 2 84 14 32 0 8 9 23 1 50 6 15 10 86 4 16 5 59 11 40 12 95 
8 29 4 27 7 85 10 69 2 23 14 54 9 30 1 71 11 36 6 62 3 23 0 86 5 29 13 55 12 26 
12 79 13 47 2 46 9 99 11 71 8 26 5 70 3 71 1 59 7 1 4 7 6 75 14 60 10 19 0 76 
7 96 3 11 8 92 5 50 14 96 11 24 0 9 2 44 10 67 6 55 12 23 4 98 9 30 13 67 1 24 
4 83 3 19 0 11 10 74 1 11 6 35 9 88 14 47 12 69 13 33 5 71 8 16 2 77 11 59 7 80 
13 69 12 87 4 38 10 78 8 59 7 84 0 65 11 1 1 88 3 47 2 88 6 7 14 80 5 4 9 58 
14 21 10 36 13 68 2 31 6 49 4 5 8 73 7 72 12 43 0 8 1 4 5 42 11 78 9 74 3 10 
13 82 9 65 2 91 3 5 14 21 4 80 10 88 6 36 1 75 0 63 7 97 11 65 8 25 5 88 12 10 
10 31 2 88 3 9 12 14 7 73 6 61 14 72 8 99 13 86 0 21 1 90 11 68 9 41 5 92 4 81 
9 1 0 44 14 58 1 86 8 7 3 29 13 67 12 10 2 88 5 59 10 71 7 68 11 52 4 91 6 19 
0 95 13 96 8 49 12 90 11 62 14 99 9 17 4 77 6 71 7 4 1 27 3 69 2 15 5 31 10 98 
6 71 10 4 7 40 3 74 5 24 9 96 4 9 8 32 14 41 13 89 11 59 2 89 1 97 12 92 0 73 
0 63 12 73 1 54 14 43 9 52 10 31 3 13 2 73 4 15 11 9 8 66 6 11 7 73 13 53 5 78 
3 42 11 54 6 61 0 5 14 42 2 51 1 71 4 59 10 5 7 82 12 26 8 14 5 17 9 11 13 48 
10 97 4 65 12 31 14 23 2 93 9 97 7 88 0 65 3 18 13 10 8 66 11 39 5 73 1 10 6 26 
13 33 14 85 9 80 12 33 10 82 0 23 11 7 5 95 2 8 8 72 1 57 7 37 4 50 6 26 3 91 
9 92 6 59 3 38 0 55 13 75 2 1 1 11 4 69 10 63 12 31 5 20 14 66 8 77 7 74 11 73 
13 8 8 64 0 73 10 60 11 96 7 23 12 70 5 26 1 82 6 45 9 22 4 28 2 31 3 95 14 53 
6 39 3 78 9 82 11 3 7 72 5 49 0 82 1 53 2 75 8 79 13 91 4 78 10 8 12 90 14 98 
5 89 9 42 10 15 8 65 2 97 11 67 14 42 1 10 12 2 4 27 3 1 0 53 6 48 7 76 13 18 
9 21 5 65 10 26 7 90 3 80 14 57 2 68 13 89 12 92 4 56 11 96 0 93 1 69 8 77 6 97 
6 86 5 74 1 72 14 91 9 6 7 68 4 32 12 57 13 5 11 63 8 92 3 30 10 80 2 28 0 59 
10 43 12 23 7 73 5 97 2 63 3 41 6 7 13 97 14 43 11 9 8 86 4 62 1 65 9 29 0 30 
11 72 14 20 12 10 3 34 10 15 1 52 13 76 8 8 2 59 7 80 9 49 0 97 5 73 6 30 4 84 
3 67 4 58 8 66 6 49 10 69 2 84 1 63 13 72 14 93 0 94 9 85 5 79 11 14 7 80 12 19 
1 27 5 97 10 42 13 1 4 84 7 18 3 87 12 1 9 52 2 39 8 37 6 35 0 24 14 13 11 59 
8 44 2 85 11 84 14 93 7 56 5 81 4 51 3 18 13 18 1 3 10 19 12 3 0 77 9 24 6 44 
10 9 6 40 7 67 14 43 3 9 2 81 1 87 8 89 13 93 4 19 5 81 12 37 9 95 0 94 11 21 
1 61 5 22 14 21 8 37 6 54 13 38 10 69 7 13 0 85 12 45 2 69 9 63 3 25 11 37 4 81 
8 8 0 5 10 23 12 45 7 33 1 44 13 38 9 38 4 35 3 9 11 8 6 23 5 80 14 4 2 91 
14 76 11 34 1 68 0 14 2 19 8 70 6 54 9 94 12 19 5 80 13 13 3 9 4 78 7 51 10 77 
5 84 12 4 6 71 4 3 0 96 10 56 2 71 13 52 8 30 11 57 14 84 1 96 7 73 3 82 9 34 
11 57 12 53 9 54 14 74 13 22 7 29 6 57 10 58 5 90 0 25 3 4 1 57 4 94 8 83 2 1 
6 11 7 2 1 8 9 51 3 83 0 28 4 89 10 94 5 87 13 70 8 34 14 59 12 59 11 59 2 83 
10 66 6 12 1 54 9 26 12 32 2 32 4 74 8 42 3 48 14 10 7 95 13 5 0 10 5 61 11 59 
2 1 10 47 1 88 13 91 14 79 9 21 11 45 7 31 4 84 8 91 3 41 0 38 12 45 6 4 5 72 
8 76 11 18 14 71 1 48 4 16 13 18 0 93 6 35 9 6 2 35 5 88 7 91 10 6 3 38 12 89 
8 12 7 15 12 90 11 47 4 84 3 44 5 38 13 19 0 35 14 84 9 38 10 54 1 27 2 87 6 34 
0 21 2 7 11 46 1 75 3 90 14 92 9 76 5 48 7 80 4 70 12 67 6 72 8 45 13 12 10 52 
2 99 7 11 1 82 14 57 11 90 5 52 10 45 13 98 9 2 4 92 8 20 6 94 12 83 3 83 0 74 
12 54 14 14 9 95 13 35 7 68 3 86 4 41 11 73 6 54 2 83 10 67 8 42 1 50 0 17 5 63 
5 29 1 16 0 73 7 16 8 27 6 59 4 86 11 99 10 90 13 41 3 23 14 74 12 14 9 44 2 76 
10 76 3 53 4 31 13 80 8 13 6 61 2 50 0 77 12 28 1 21 5 23 7 44 14 22 9 54 11 62 
9 69 3 95 6 1 5 95 7 74 10 38 12 98 1 68 8 12 4 82 2 64 13 48 0 31 11 20 14 16 
3 58 0 11 12 12 5 99 1 38 9 7 13 39 2 94 8 62 6 37 4 64 10 48 14 10 7 25 11 34 
4 58 7 5 0 68 10 44 14 75 9 77 5 99 3 71 1 56 12 69 13 79 11 52 8 33 2 83 6 25 
4 27 6 63 11 2 5 47 10 93 2 44 3 92 0 33 8 40 7 80 1 54 12 65 14 70 9 6 13 39 
5 60 7 94 0 56 10 54 9 38 13 65 2 81 1 5 6 42 8 53 11 66 14 17 4 37 3 56 12 27 
3 81 6 39 4 67 8 80 13 45 14 64 10 85 11 80 9 53 5 47 0 30 7 3 1 37 12 26 2 2 
6 22 1 9 3 91 10 55 11 61 12 89 14 32 13 68 4 26 9 52 0 50 7 76 5 48 8 94 2 84 
5 79 13 66 0 99 8 59 12 91 3 8 1 98 9 5 4 48 10 27 11 99 7 83 14 9 6 82 2 18 
1 11 12 40 8 43 2 97 13 88 7 89 5 88 3 73 10 67 9 30 0 51 14 60 6 12 11 24 4 17 
5 40 2 21 9 86 10 44 13 7 7 73 11 23 0 25 14 34 1 12 8 30 4 93 6 85 3 90 12 84 
1 35 5 11 13 93 7 21 6 39 9 69 4 24 11 7 14 44 10 99 2 61 8 1 12 50 3 53 0 7 
3 7 6 78 13 39 10 67 12 96 11 12 4 42 2 1 0 77 14 9 9 78 7 30 8 35 1 33 5 31 
8 2 11 12 14 66 7 3 13 1 9 59 2 33 4 50 5 78 0 67 10 19 6 27 3 53 12 96 1 69 
8 32 5 66 6 98 9 44 1 35 12 85 13 88 7 71 2 22 4 86 11 2 10 49 14 71 0 71 3 10 
1 37 8 67 13 80 2 72 9 38 11 3 12 52 5 64 6 15 3 17 0 73 14 9 4 77 7 72 10 11 
2 34 12 95 3 7 1 65 9 81 6 28 10 48 13 47 5 91 11 89 7 57 0 26 4 89 14 99 8 40 
6 58 10 82 4 70 3 60 7 37 1 55 12 98 11 78 5 71 13 43 8 73 9 76 2 11 0 63 14 56 
0 79 14 68 3 60 11 39 10 17 2 72 9 53 12 67 13 48 6 4 7 53 5 90 1 83 4 54 8 10 
9 82 3 68 12 44 4 43 8 46 14 33 6 63 0 90 7 10 2 22 10 13 1 29 11 68 13 46 5 82 
14 5 9 88 6 76 12 4 13 83 5 32 1 21 7 21 10 50 4 68 0 91 2 94 3 26 8 78 11 85 
14 69 13 37 5 76 11 34 9 57 0 59 4 15 6 2 7 50 3 84 8 39 10 66 1 37 2 98 12 12 
9 51 1 9 13 46 7 8 10 15 5 10 3 46 6 40 4 25 14 71 2 38 11 45 12 67 0 18 8 27 
12 65 6 89 13 66 2 62 0 91 5 61 8 76 9 53 11 94 4 29 10 27 14 68 7 57 1 37 3 78 
10 85 7 93 5 10 2 5 3 54 1 92 13 34 11 46 12 28 6 89 0 52 8 48 9 18 4 85 14 84 
5 68 10 77 11 84 1 75 14 96 12 52 13 98 9 66 8 68 4 35 0 85 6 94 2 84 7 36 3 7 
1 17 0 11 5 68 14 76 13 81 9 83 8 3 2 63 7 54 4 3 10 4 12 70 11 80 6 77 3 83 
4 8 3 3 12 29 0 98 13 84 6 64 9 64 1 90 14 89 7 33 8 35 11 87 10 95 2 98 5 21 
8 20 6 47 12 10 14 52 13 64 7 52 9 47 10 75 11 44 5 45 2 30 1 11 3 72 0 94 4 28 
0 21 9 32 3 32 12 14 1 10 14 34 8 62 5 35 2 3 11 86 13 3 10 74 4 58 7 30 6 38 
11 64 4 48 6 69 14 89 9 79 8 82 3 39 13 17 2 84 0 32 1 42 10 16 12 88 7 2 5 94 
8 32 9 15 7 83 10 92 3 51 2 56 4 60 13 23 0 3 6 98 1 58 11 44 12 83 5 38 14 77 
13 85 9 93 0 78 11 58 4 64 3 32 10 20 1 79 14 89 12 77 5 12 2 22 8 57 6 50 7 94 
14 34 8 23 13 69 4 11 10 82 2 44 3 14 9 86 11 69 0 8 1 41 5 78 7 45 6 29 12 45 
8 94 11 99 13 55 14 8 10 83 2 80 4 11 12 21 1 98 9 78 0 35 5 56 6 34 3 79 7 71 
13 45 14 8 10 71 4 47 7 41 9 39 1 93 11 58 5 10 3 42 0 11 2 60 6 33 8 4 12 27 
12 39 11 45 4 29 13 83 10 5 8 49 5 84 6 97 9 59 7 11 14 86 0 79 2 65 3 74 1 16 
0 41 1 23 3 84 10 37 8 4 14 74 4 45 11 50 9 30 5 62 12 5 6 11 2 4 7 11 13 92 
6 73 14 54 11 62 7 35 4 37 12 43 0 41 1 46 5 90 8 35 3 49 2 54 10 57 13 63 9 12 
12 76 13 77 7 84 14 79 8 20 6 90 4 94 10 95 9 85 11 29 2 25 5 4 0 68 3 3 1 50 
9 45 0 38 7 6 13 9 6 30 14 76 1 40 12 81 4 32 11 89 8 30 10 64 2 69 3 70 5 26 
1 89 4 98 10 66 14 75 8 58 6 69 3 35 5 27 0 65 13 56 2 26 7 61 9 81 12 5 11 77 
9 8 12 44 10 60 14 12 2 42 7 34 8 35 0 4 5 92 13 1 3 87 4 70 1 90 11 53 6 25 
3 11 0 49 4 85 8 58 1 15 12 43 9 90 7 54 10 44 6 51 2 33 5 94 14 10 13 35 11 85 
6 76 7 89 1 59 8 90 11 54 3 66 4 42 0 57 9 43 10 21 5 94 2 45 13 46 14 99 12 64 
13 14 8 77 5 65 1 23 4 54 0 72 10 2 2 36 7 39 6 80 14 18 9 79 11 74 3 82 12 10 
8 66 6 58 1 7 10 34 3 95 12 19 9 99 4 37 11 80 14 16 5 36 0 21 2 96 7 3 13 18 
13 14 12 51 1 49 9 53 6 53 11 90 4 67 3 83 0 4 7 99 5 75 14 37 2 29 8 10 10 96 
2 2 0 27 1 43 8 9 9 9 14 92 3 32 10 50 7 52 12 50 5 38 4 50 6 9 11 43 13 49 
3 91 10 67 2 34 0 46 7 25 14 85 8 66 13 5 5 73 12 53 9 25 11 78 4 5 6 93 1 22 
1 72 5 47 13 43 0 65 2 63 14 36 11 53 9 78 12 20 3 84 6 69 4 52 7 25 10 41 8 11 
10 6 9 84 13 41 11 73 7 32 0 3 12 67 2 56 6 32 14 2 3 50 8 1 4 30 5 36 1 74 
9 71 7 65 0 61 12 73 8 42 1 17 13 95 6 42 11 78 10 22 5 3 4 52 2 92 14 74 3 87 
0 45 12 21 8 34 7 78 5 49 14 22 1 33 4 95 13 63 3 4 10 13 6 47 11 56 9 17 2 71 
7 42 13 21 3 62 8 55 1 67 2 34 12 36 11 70 10 37 6 9 9 52 0 87 4 6 5 70 14 97 
10 29 14 95 13 26 4 86 3 64 12 57 5 8 0 90 11 34 8 2 9 90 6 84 7 19 2 53 1 55 
12 46 9 99 1 96 4 82 0 66 13 48 11 59 5 42 14 62 2 46 8 75 7 45 3 25 6 64 10 39 
12 11 8 36 13 54 1 7 9 25 11 64 5 4 4 45 2 68 0 67 3 91 10 60 14 58 7 90 6 98 
13 50 1 45 10 74 9 62 4 87 11 56 8 37 12 18 7 33 3 15 6 15 14 83 5 45 0 81 2 7 
13 67 4 89 10 39 2 16 1 86 14 15 3 29 7 95 6 71 8 93 0 76 9 31 5 28 12 49 11 99 
10 76 13 28 1 56 11 63 7 70 5 10 0 99 9 23 8 78 3 92 14 91 2 94 4 52 6 16 12 80 
10 65 7 36 4 3 1 76 0 91 2 6 3 25 5 9 14 19 13 12 9 4 8 93 11 76 6 11 12 97 
13 75 1 26 4 16 14 47 11 13 2 15 5 59 6 6 0 52 8 84 12 27 10 1 9 56 7 21 3 6 
9 26 12 66 11 28 5 86 0 59 4 94 3 71 10 87 6 49 7 33 1 74 2 46 14 58 13 44 8 60 
2 63 8 94 14 44 7 67 10 28 11 62 12 46 4 93 13 67 3 44 5 32 0 25 6 95 9 49 1 14 
14 90 4 85 3 15 9 15 2 16 7 99 13 56 12 77 8 34 0 96 1 20 5 41 10 43 11 41 6 72 
10 2 9 14 8 47 6 40 4 4 7 76 14 79 0 12 11 8 12 3 13 88 5 94 2 62 1 20 3 13 
6 18 3 6 5 75 0 95 2 25 4 99 12 25 10 44 7 53 9 96 13 6 14 69 11 3 8 3 1 25 
