150 15 
5 86 0 8 11 12 2 7 12 73 14 36 10 2 13 56 9 25 6 64 8 18 7 60 1 80 3 32 4 19 
12 49 0 81 9 92 10 10 3 50 2 87 13 20 6 66 8 20 14 59 4 43 1 55 5 33 7 3 11 18 
6 67 9 20 5 81 1 27 14 6 13 94 7 73 2 14 10 24 8 23 11 73 0 19 3 63 12 2 4 49 
2 22 1 53 3 75 8 29 5 97 7 56 4 34 0 75 14 3 10 49 9 34 11 72 6 89 12 71 13 64 
4 64 12 96 3 50 9 50 1 84 5 7 6 29 10 93 14 28 11 7 2 33 7 17 8 9 13 63 0 35 
12 36 3 9 9 89 10 17 11 92 14 31 7 73 2 67 13 5 6 66 1 72 0 25 5 43 4 44 8 97 
8 83 13 21 6 48 2 96 12 77 14 11 4 44 10 92 3 57 9 68 7 49 0 98 11 79 1 31 5 81 
5 21 10 14 0 4 7 33 11 53 13 55 14 33 6 92 1 84 2 15 8 29 9 30 4 78 3 61 12 56 
11 8 3 2 6 50 9 9 7 24 0 85 1 93 14 51 8 62 5 7 10 44 12 84 2 92 4 54 13 64 
11 38 7 68 0 83 8 76 13 23 5 49 12 64 6 98 10 51 1 36 14 50 4 20 2 65 3 57 9 95 
0 90 11 14 13 85 10 21 3 96 12 51 8 8 5 53 14 29 4 98 6 7 2 25 7 16 9 27 1 60 
0 85 6 16 9 25 14 81 10 65 2 85 4 84 12 65 3 22 1 58 13 13 8 13 5 12 11 69 7 79 
8 71 1 50 10 50 2 70 3 6 7 36 6 26 14 40 0 12 13 52 12 68 9 5 4 12 5 76 11 90 
8 67 1 43 10 65 0 83 13 55 5 24 9 62 2 30 12 55 7 86 6 73 11 85 3 28 4 20 14 95 
7 85 14 6 1 45 11 7 2 58 3 61 10 12 12 14 9 55 5 98 4 69 8 55 13 17 0 93 6 51 
10 5 1 10 12 25 0 24 4 20 2 51 11 58 9 33 5 86 7 58 3 37 6 66 8 76 13 48 14 45 
5 47 4 15 7 30 8 70 12 53 3 7 2 73 0 40 1 89 11 95 14 49 10 67 6 14 9 79 13 14 
10 56 12 22 2 51 6 65 8 10 13 91 9 76 1 27 4 19 7 10 11 29 5 44 14 27 0 39 3 97 
7 42 0 8 10 28 4 65 14 26 11 22 1 55 3 68 8 80 2 3 9 45 5 36 6 67 12 32 13 38 
8 81 5 56 7 49 4 34 11 58 1 90 9 94 3 13 14 21 0 40 13 74 10 9 12 23 6 86 2 31 
2 45 14 96 10 24 7 13 11 6 9 73 4 6 1 24 0 83 12 11 3 2 6 3 5 64 8 51 13 33 
1 43 2 78 12 48 14 16 5 12 4 80 0 62 9 10 11 23 6 83 10 34 3 99 8 66 13 25 7 99 
3 17 6 70 2 30 4 98 12 7 13 85 10 5 1 79 5 38 9 54 7 58 11 37 8 13 14 1 0 92 
0 84 3 58 13 93 11 24 7 12 9 85 12 34 10 65 14 73 4 25 2 33 1 78 8 30 5 66 6 98 
6 71 0 63 8 87 10 45 14 56 4 57 2 57 9 26 12 42 13 24 5 4 1 17 7 51 3 60 11 79 
5 62 9 94 2 95 13 19 6 66 4 79 14 10 11 28 12 63 1 20 0 12 8 75 7 44 10 70 3 94 
3 65 13 10 14 45 8 58 5 66 0 19 11 1 7 15 4 76 6 11 12 76 10 25 9 95 1 50 2 26 
1 48 3 63 11 90 9 35 0 61 2 61 6 86 8 85 5 48 12 17 10 18 7 35 14 34 13 52 4 84 
5 17 14 42 12 58 1 30 8 33 2 33 6 22 3 87 10 10 11 69 9 35 13 88 0 79 7 83 4 69 
9 63 0 31 1 7 3 59 5 43 8 25 2 74 7 61 6 62 11 33 10 55 14 24 4 41 13 34 12 34 
12 18 8 5 1 58 9 21 6 65 14 24 3 94 4 26 7 97 2 24 0 60 5 85 10 91 13 36 11 32 
1 39 6 31 11 96 0 23 9 8 4 30 12 21 7 8 5 43 14 45 2 20 3 63 10 63 8 12 13 99 
7 65 2 21 9 30 10 32 0 54 11 41 4 26 6 32 8 14 5 43 12 47 1 55 3 38 13 69 14 87 
11 8 13 55 8 76 5 34 0 17 2 75 12 38 1 29 10 3 6 93 3 1 14 19 7 28 9 72 4 59 
1 18 13 50 4 90 5 7 8 74 2 39 3 84 11 13 7 33 10 28 6 17 0 31 12 55 9 35 14 21 
4 30 6 3 1 89 14 30 8 58 0 17 2 73 3 75 5 17 13 79 7 54 12 30 11 24 10 53 9 78 
6 27 14 9 9 79 3 52 11 9 0 94 13 51 1 22 8 54 12 99 4 54 2 73 7 52 5 70 10 88 
5 89 14 34 13 9 7 78 11 72 12 17 8 21 6 46 10 65 4 50 0 80 3 28 2 95 9 73 1 17 
0 20 9 48 1 87 2 82 11 19 6 21 10 80 4 71 7 17 14 3 8 97 3 12 12 39 5 81 13 91 
8 31 5 95 13 55 0 93 9 82 3 33 14 99 2 86 7 19 12 23 11 1 1 79 6 69 10 10 4 49 
14 45 3 85 5 74 6 74 8 37 7 20 13 89 4 65 12 13 0 46 10 6 2 57 1 19 9 71 11 11 
2 2 5 86 10 70 1 58 14 70 0 37 6 55 4 90 12 30 9 29 7 55 11 53 8 74 3 55 13 59 
13 48 3 98 2 78 14 16 5 32 0 6 4 90 7 24 9 58 6 65 1 51 8 66 12 16 11 51 10 17 
6 67 4 55 2 90 5 86 14 80 10 63 3 46 9 25 8 56 1 22 0 11 12 27 7 37 11 86 13 13 
4 65 11 51 5 3 8 93 1 28 14 59 7 71 10 23 6 4 9 84 0 19 12 68 2 24 13 8 3 41 
8 23 4 74 14 22 13 54 1 23 5 47 9 55 10 77 0 16 11 45 12 45 2 12 3 9 7 8 6 23 
0 6 2 10 12 17 3 45 7 31 8 91 5 65 4 14 9 83 1 95 10 17 6 83 13 6 14 48 11 46 
10 22 13 59 7 3 14 91 3 74 2 27 0 20 8 55 5 10 12 99 11 61 6 19 4 71 1 60 9 84 
9 98 7 30 4 95 0 68 6 83 3 96 11 83 12 37 10 16 14 65 8 10 5 43 13 76 2 38 1 67 
2 33 7 6 4 93 13 21 10 21 5 56 1 36 14 35 8 76 6 40 3 6 9 9 11 37 12 1 0 73 
14 8 4 6 7 38 9 17 5 26 10 45 6 44 2 8 12 55 8 29 1 71 3 67 11 28 0 52 13 62 
0 77 13 7 8 24 5 83 9 73 11 42 14 28 10 35 12 44 7 85 6 6 2 68 4 54 3 23 1 21 
10 75 3 27 2 41 13 46 9 43 8 36 0 40 7 22 4 11 1 45 11 10 6 52 5 63 14 7 12 47 
13 13 11 70 0 17 2 64 3 99 8 21 5 13 10 62 1 27 6 42 7 75 12 72 4 46 9 6 14 41 
9 48 13 4 5 99 2 3 14 54 4 73 0 66 1 90 8 14 12 20 11 52 6 92 7 43 10 37 3 58 
13 1 7 84 10 20 12 78 5 61 1 8 14 87 4 80 9 76 11 58 3 15 6 54 2 26 0 11 8 57 
7 92 10 93 2 12 4 67 0 53 8 24 11 59 5 87 1 37 6 86 3 63 9 86 13 64 12 5 14 34 
0 66 9 60 1 9 11 82 2 94 8 22 5 37 14 43 12 83 4 63 13 64 3 68 7 48 10 28 6 23 
8 12 0 6 14 63 7 96 5 71 13 37 9 62 6 95 3 45 2 86 1 80 4 97 10 27 11 11 12 46 
4 24 3 10 13 21 7 66 1 99 2 17 9 86 6 72 11 76 0 20 5 75 10 60 12 98 14 46 8 66 
3 54 7 83 14 7 6 83 0 54 13 47 8 45 11 19 5 60 9 97 12 83 4 38 2 62 10 69 1 44 
4 5 3 17 8 12 11 26 10 29 5 3 1 38 7 45 13 67 14 63 0 58 2 79 9 77 12 95 6 78 
5 1 12 67 4 16 7 50 13 11 9 1 2 21 3 89 8 51 11 85 1 79 14 5 10 8 6 93 0 22 
1 60 4 32 9 70 0 20 11 35 2 4 13 23 14 72 3 67 10 56 7 36 8 40 6 36 5 67 12 12 
7 1 14 41 2 85 0 84 4 21 10 50 5 4 3 98 12 11 9 1 8 25 1 75 13 37 11 64 6 96 
11 45 1 4 7 67 4 85 12 31 5 5 3 4 2 95 8 19 6 31 14 1 9 3 10 67 13 30 0 67 
10 54 13 69 6 24 5 83 8 17 11 20 2 22 14 66 0 8 9 44 4 5 3 39 7 64 1 66 12 17 
9 41 13 1 5 63 0 83 8 97 1 29 12 31 14 65 10 36 7 49 11 31 3 99 2 72 6 61 4 84 
14 67 6 2 2 27 0 26 7 9 4 19 10 20 5 66 9 1 12 77 11 65 13 75 3 3 1 32 8 46 
4 84 10 97 8 39 6 97 2 79 1 14 13 29 7 3 11 67 9 21 12 61 0 93 5 10 14 67 3 51 
4 13 9 9 11 93 2 82 6 44 0 30 5 8 14 70 12 89 1 82 7 2 8 21 13 70 10 7 3 93 
4 16 11 59 7 58 5 63 12 94 3 87 13 54 0 94 9 67 10 21 14 51 2 58 6 11 1 11 8 90 
8 16 2 46 7 56 12 99 13 20 4 19 0 21 6 62 5 78 3 76 14 60 11 4 1 43 10 78 9 57 
5 46 2 30 9 10 14 60 0 33 6 23 11 22 12 29 10 72 7 23 8 19 3 93 1 41 4 96 13 57 
13 7 10 69 7 38 4 37 11 68 3 40 14 15 9 28 8 68 2 8 0 26 6 6 1 99 12 14 5 55 
10 65 6 16 0 46 11 50 7 23 8 43 3 43 2 94 12 6 5 97 1 79 14 55 9 54 13 50 4 26 
4 1 5 95 13 30 10 44 0 94 12 8 7 72 8 25 3 11 11 31 1 27 2 88 6 65 14 54 9 52 
1 86 10 78 9 85 12 52 4 12 13 85 0 54 14 8 3 60 7 89 6 95 11 23 5 94 8 57 2 14 
12 54 3 77 1 26 4 83 11 50 10 62 13 70 2 9 7 33 8 40 5 57 9 81 0 86 14 46 6 48 
3 12 5 45 0 31 4 5 2 97 12 32 1 28 11 13 14 51 8 42 7 78 6 98 10 31 13 32 9 9 
0 41 6 78 4 71 13 41 14 63 1 74 12 40 8 25 7 52 10 63 3 70 2 12 5 53 9 89 11 41 
14 89 4 13 12 22 2 33 10 49 9 23 0 95 8 2 7 48 1 10 6 81 13 33 5 38 3 73 11 68 
13 95 12 99 5 82 0 91 7 34 8 20 14 36 6 45 9 69 4 45 10 37 11 9 3 13 2 6 1 86 
13 1 4 19 14 28 1 40 9 45 6 69 7 31 10 72 5 18 12 31 3 7 8 67 2 85 11 85 0 74 
11 96 8 70 3 82 4 74 2 34 13 71 12 29 5 73 7 14 1 11 6 12 9 18 14 28 10 64 0 27 
4 35 3 50 1 98 13 50 12 79 11 34 6 87 0 93 2 93 9 40 7 13 5 8 14 7 10 88 8 61 
8 85 5 21 9 17 12 22 13 47 14 57 7 49 3 89 0 30 6 12 4 8 11 62 1 70 10 25 2 3 
11 46 9 51 1 31 0 97 8 8 7 27 13 78 4 94 5 8 12 60 3 70 14 88 2 33 6 89 10 88 
9 90 0 42 5 1 7 14 13 66 2 28 6 86 8 65 14 29 10 5 3 75 12 30 4 71 11 66 1 23 
3 18 10 57 8 38 14 53 6 79 7 24 2 13 1 53 9 91 4 72 12 24 11 29 5 96 13 47 0 70 
14 11 1 3 13 66 3 18 9 86 4 37 5 96 12 32 2 40 6 42 0 93 11 15 10 42 8 62 7 5 
0 22 5 25 14 90 2 43 8 15 4 72 6 1 11 54 12 52 13 76 7 78 3 16 1 73 9 4 10 54 
12 56 10 27 5 13 8 62 6 8 9 28 14 36 7 89 1 67 13 8 3 25 4 91 11 99 0 38 2 50 
2 56 5 69 11 13 14 53 3 4 1 62 7 20 9 80 8 88 12 23 4 37 0 56 10 40 13 69 6 27 
7 60 12 81 13 11 0 47 4 60 10 74 11 16 9 85 3 90 1 81 14 77 2 54 6 37 8 87 5 15 
2 11 11 4 1 70 7 73 6 59 10 1 0 32 5 79 3 36 9 99 4 29 14 37 13 20 8 88 12 37 
2 65 3 90 5 77 14 78 12 48 6 45 4 11 1 88 10 64 0 23 9 88 13 31 8 13 7 20 11 20 
4 21 12 79 11 67 8 62 5 10 9 27 0 66 10 25 1 58 13 37 3 48 7 40 2 87 14 50 6 58 
13 43 7 78 1 52 10 47 5 24 12 1 11 18 4 89 14 66 2 94 9 57 6 11 0 95 8 7 3 50 
8 87 0 2 11 13 7 10 12 40 3 11 9 33 6 58 14 3 2 76 5 69 13 69 4 29 10 97 1 33 
3 76 11 51 5 14 10 51 13 98 7 95 6 11 2 61 4 56 0 92 1 8 12 23 14 78 8 95 9 50 
14 26 9 21 3 82 8 51 4 64 2 34 6 68 10 10 5 25 7 87 0 46 12 98 13 67 11 20 1 12 
5 56 1 88 8 75 13 56 12 23 3 89 14 86 7 39 6 8 10 98 0 21 11 1 4 55 2 39 9 10 
5 75 11 90 12 22 10 82 14 66 13 91 1 84 8 3 4 50 9 23 3 95 7 72 6 85 2 63 0 80 
12 44 6 89 1 2 0 14 4 26 5 77 10 64 14 10 9 28 8 93 3 19 7 93 13 53 11 84 2 38 
3 4 12 67 1 44 11 56 13 60 0 84 2 8 14 43 6 55 9 72 7 99 4 61 8 88 10 25 5 73 
1 28 10 29 8 12 13 77 3 13 12 19 7 61 6 94 9 19 0 94 14 36 2 21 4 92 11 23 5 16 
1 37 10 81 13 46 12 53 7 17 4 72 9 93 8 10 2 39 14 76 0 94 6 86 5 68 11 95 3 3 
0 60 12 36 1 59 3 23 4 52 13 23 6 93 5 49 14 2 9 4 8 88 7 20 10 48 11 41 2 10 
4 27 5 51 8 47 7 63 10 59 3 20 11 32 6 65 9 13 13 95 12 53 14 50 0 15 1 17 2 43 
3 75 12 37 8 98 7 73 9 10 6 16 0 45 1 82 10 21 4 22 13 75 5 15 2 14 11 8 14 82 
11 13 1 61 2 33 8 5 12 35 13 95 0 80 5 78 4 53 14 96 7 33 9 3 10 8 6 49 3 66 
9 71 14 34 1 67 3 14 2 38 0 46 13 8 4 80 6 18 7 43 11 66 5 50 12 26 8 50 10 69 
3 97 5 2 13 47 12 86 7 84 1 38 4 94 14 98 0 55 6 2 2 85 9 50 11 33 8 25 10 70 
0 3 11 42 2 70 13 97 12 68 5 64 9 32 3 40 6 67 10 81 8 11 14 76 1 49 4 92 7 37 
14 93 6 42 3 22 9 65 5 84 4 45 12 96 7 99 2 14 13 12 1 45 8 57 0 97 11 7 10 55 
1 99 14 61 3 21 8 22 10 82 12 4 6 16 4 47 9 68 5 13 0 52 13 80 11 72 7 72 2 91 
10 59 13 79 8 26 3 86 12 17 2 9 7 98 5 53 9 64 14 59 1 14 0 80 6 22 4 31 11 54 
13 28 10 35 4 83 1 95 14 36 0 53 3 90 12 18 6 57 2 68 5 70 9 68 11 1 7 43 8 21 
5 97 4 78 8 31 3 54 10 63 12 75 9 53 1 18 13 95 6 85 14 38 2 4 11 51 7 30 0 63 
0 16 12 57 13 31 14 10 11 85 1 31 10 17 8 39 4 26 2 9 5 31 6 76 9 34 7 3 3 75 
13 22 7 78 2 68 5 97 1 21 14 41 11 6 3 44 10 39 8 31 12 54 6 16 0 33 9 89 4 83 
5 41 9 4 0 61 14 75 12 68 10 82 2 50 11 81 1 89 6 93 8 54 13 81 3 89 7 46 4 15 
14 37 1 61 2 94 5 6 10 73 9 49 8 55 4 2 11 1 0 60 3 87 12 27 7 8 13 92 6 38 
8 39 1 78 5 82 2 32 14 64 11 73 0 35 10 45 4 5 3 77 7 93 6 6 9 59 12 65 13 14 
1 2 10 44 5 35 4 42 12 40 2 81 0 48 8 22 3 63 6 43 7 9 13 72 11 92 14 26 9 25 
6 66 3 82 7 16 9 21 4 31 1 94 0 2 14 39 12 53 11 83 5 88 2 23 8 62 13 76 10 57 
1 2 6 66 5 62 14 40 10 87 12 25 7 38 4 1 9 96 2 23 0 22 13 54 8 40 11 64 3 87 
2 21 13 45 5 51 12 74 1 25 3 6 6 99 8 56 7 7 10 51 9 38 4 62 0 26 11 54 14 31 
14 10 13 82 10 81 7 62 2 96 4 53 1 77 8 14 11 62 9 39 5 39 0 5 12 10 3 84 6 20 
7 87 3 75 8 54 9 57 2 43 4 23 1 48 6 51 10 35 14 31 12 66 5 33 0 34 11 86 13 60 
2 77 6 16 11 50 14 36 13 14 10 76 8 23 9 50 1 92 4 27 3 21 7 90 0 53 5 26 12 86 
9 84 1 12 8 66 5 29 3 86 7 77 11 20 0 44 4 50 12 40 13 32 14 88 6 44 10 54 2 10 
3 5 12 10 6 59 0 35 9 90 14 63 2 34 10 74 8 84 4 26 7 22 13 50 11 18 5 26 1 87 
11 75 5 52 4 17 9 51 0 2 3 90 12 19 13 6 6 18 1 21 10 16 2 8 7 60 14 56 8 7 
9 43 3 36 2 57 14 79 8 98 6 71 0 10 13 54 10 37 1 9 12 60 11 20 7 44 5 75 4 8 
9 5 3 50 14 86 6 60 1 86 4 88 13 91 11 82 0 49 12 58 5 71 8 90 10 6 7 57 2 34 
7 68 9 95 4 21 13 27 6 50 12 47 3 64 0 18 10 23 1 49 14 63 2 62 11 49 5 21 8 31 
6 74 4 8 1 35 5 4 3 22 14 55 7 10 11 53 2 6 12 85 8 21 13 42 0 28 10 96 9 11 
4 71 6 77 0 11 12 11 2 16 13 44 14 16 1 75 11 52 3 80 5 84 8 35 9 32 7 58 10 92 
13 83 12 4 14 77 1 52 3 35 0 87 6 17 7 52 2 70 9 16 4 5 10 82 11 82 5 74 8 5 
2 58 6 34 4 73 11 75 8 12 1 40 10 60 5 97 0 13 13 23 3 83 9 6 14 70 12 96 7 35 
0 37 11 5 7 58 6 93 5 55 10 36 9 50 14 11 8 70 13 66 2 18 1 59 4 41 12 45 3 61 
11 5 4 80 7 33 1 71 9 69 5 19 3 96 6 46 14 70 2 65 10 5 12 62 0 64 8 21 13 26 
14 18 12 97 9 34 4 31 10 56 3 62 1 11 11 83 8 11 0 43 5 81 2 21 6 22 7 84 13 99 
1 62 7 20 3 95 6 18 2 30 10 54 13 71 12 39 5 39 0 40 9 85 4 22 14 39 11 36 8 40 
2 96 13 66 11 94 7 47 9 67 3 45 0 51 14 12 4 5 8 74 6 73 12 8 10 55 1 45 5 19 
5 40 14 60 3 33 6 82 13 89 1 50 7 97 10 39 0 7 9 75 12 23 2 1 11 24 8 42 4 86 
0 57 12 24 14 10 5 46 9 81 13 73 1 51 2 27 3 43 7 27 10 13 8 86 11 63 4 89 6 6 
12 75 11 1 2 70 10 43 8 59 4 34 14 5 0 34 13 38 5 66 1 12 7 57 3 53 9 61 6 53 
