150 15 
13 99 3 37 2 8 9 62 8 87 7 30 5 18 11 62 0 45 12 11 4 92 10 25 1 50 14 95 6 87 
10 84 5 76 4 15 0 65 7 92 1 28 14 15 9 22 11 33 13 25 2 74 8 92 12 14 3 22 6 21 
14 13 6 19 8 6 13 91 5 83 0 62 11 63 10 23 4 62 2 37 9 18 3 90 7 45 1 77 12 98 
14 84 10 72 3 17 1 91 8 58 0 54 13 87 2 9 9 4 12 18 11 56 4 13 5 38 7 14 6 18 
5 79 8 23 9 54 3 74 1 82 2 40 12 18 0 70 10 67 13 8 11 90 4 45 14 17 7 35 6 37 
3 39 7 51 0 63 14 44 8 35 6 60 13 79 2 95 1 11 4 11 11 35 9 17 12 66 5 57 10 20 
8 82 12 71 2 42 5 70 3 10 10 35 14 73 11 85 0 13 1 73 4 65 9 38 7 72 6 43 13 78 
13 79 12 85 8 95 10 87 3 64 4 75 9 66 1 1 7 54 0 20 14 7 5 93 6 5 2 36 11 46 
14 32 0 55 10 38 11 35 13 94 1 87 7 99 2 52 5 68 12 12 4 70 8 42 6 32 9 17 3 7 
13 70 7 84 10 26 8 3 3 25 2 10 4 11 9 70 12 43 0 85 14 35 1 11 11 60 6 72 5 89 
5 60 3 96 14 20 11 77 9 13 6 37 1 29 12 27 10 89 2 1 13 31 4 33 7 7 8 99 0 21 
12 4 6 61 8 67 11 43 14 81 9 80 0 64 1 65 3 70 5 30 10 92 4 67 2 7 7 50 13 1 
3 19 10 82 11 36 0 36 9 14 6 8 7 2 1 58 8 70 12 27 5 56 13 25 2 32 14 69 4 98 
9 65 13 29 7 11 5 28 11 64 1 16 12 49 3 92 6 57 4 96 10 42 8 21 14 50 2 85 0 4 
0 60 12 89 7 22 10 66 8 74 1 73 13 5 5 13 14 98 3 90 11 29 4 92 6 25 9 88 2 19 
7 85 9 46 4 71 11 13 13 36 12 51 10 4 14 6 0 51 2 52 8 37 3 62 1 76 5 54 6 12 
3 90 4 73 13 93 0 14 1 16 2 70 8 38 10 7 7 24 11 13 5 24 12 79 9 11 14 62 6 53 
11 30 13 74 8 40 12 22 5 10 7 85 3 1 1 17 14 45 4 22 0 87 6 14 2 38 9 70 10 97 
3 62 1 16 9 23 2 23 8 3 12 10 4 70 0 75 7 20 14 87 5 27 11 41 10 56 13 3 6 68 
3 3 11 76 0 13 14 37 7 21 5 39 4 2 8 29 13 8 2 17 6 78 12 13 10 50 1 68 9 15 
14 76 7 18 13 48 2 1 8 55 9 38 11 55 3 46 10 57 5 36 0 75 12 91 4 63 1 87 6 18 
2 59 0 99 11 49 9 81 3 34 7 72 13 46 12 13 5 38 4 98 6 77 14 44 10 37 1 7 8 90 
7 9 13 5 14 28 3 61 8 35 12 56 6 36 1 22 10 49 5 7 4 27 0 81 11 62 2 72 9 84 
14 76 4 56 6 67 11 33 0 93 12 8 7 23 10 17 8 52 5 37 13 39 1 42 2 3 3 78 9 92 
14 20 5 87 6 15 4 80 9 7 3 29 11 33 8 21 7 6 10 57 13 91 12 36 0 15 1 66 2 17 
4 65 2 55 10 37 9 44 12 8 13 55 3 71 6 80 7 16 0 66 14 84 11 84 1 52 8 71 5 52 
0 66 5 72 6 14 2 10 13 81 9 41 14 14 7 65 1 73 11 46 4 75 8 33 10 37 3 9 12 1 
13 44 14 37 2 76 9 4 3 50 1 34 5 69 12 49 4 7 8 90 10 77 0 65 7 12 11 89 6 83 
8 12 0 91 2 90 10 51 12 55 14 75 3 97 4 73 6 90 7 86 11 17 5 80 1 24 9 52 13 77 
2 77 0 14 6 90 11 38 14 19 13 38 4 23 9 96 12 6 5 13 1 76 8 92 7 54 10 61 3 1 
1 31 14 33 6 88 11 32 3 43 13 3 0 99 7 53 2 16 9 81 4 1 12 24 5 62 8 77 10 56 
9 66 3 75 11 49 6 70 7 18 10 50 14 80 0 60 4 20 2 5 12 84 1 48 5 73 8 56 13 76 
8 49 6 79 1 15 10 89 3 27 2 61 5 79 14 33 4 46 13 73 12 82 7 88 9 26 0 52 11 83 
0 50 4 13 14 26 12 47 6 34 2 7 9 95 1 53 11 83 5 87 10 53 13 72 8 98 3 92 7 4 
6 72 1 92 9 62 13 99 5 88 8 46 14 16 11 95 10 37 0 74 4 85 3 49 12 36 2 27 7 43 
8 22 1 43 10 54 4 86 11 42 13 4 14 80 7 60 12 52 5 94 3 7 6 64 0 34 2 78 9 17 
3 79 1 81 4 26 8 61 12 6 9 70 7 44 5 77 11 68 10 3 14 66 13 41 2 35 0 80 6 20 
0 95 1 4 9 88 12 29 7 2 2 28 5 16 3 46 14 98 13 77 11 44 10 14 8 29 4 50 6 52 
4 20 9 55 3 28 13 39 12 60 10 74 14 20 2 34 0 71 7 64 5 27 11 84 8 59 1 52 6 80 
12 67 14 51 9 85 11 36 4 49 7 5 6 26 5 37 1 26 10 85 8 35 13 18 3 45 2 1 0 27 
12 56 3 7 7 53 6 93 5 56 4 12 0 41 10 4 9 27 14 83 8 1 1 76 11 55 13 32 2 58 
5 45 9 91 7 98 14 72 10 48 6 60 0 18 8 88 11 19 13 50 2 17 12 99 3 34 4 78 1 90 
8 32 11 81 0 50 7 81 13 55 9 65 6 31 12 43 2 6 1 73 10 15 14 51 5 82 3 21 4 66 
0 71 1 85 13 79 12 62 9 94 4 71 3 62 2 45 6 61 7 61 11 57 14 7 8 79 10 61 5 56 
13 30 14 98 4 50 0 92 9 39 12 60 3 75 11 56 2 4 8 74 10 40 5 21 7 26 6 26 1 33 
0 5 2 46 7 37 14 33 8 17 1 80 12 4 6 75 3 9 10 14 13 78 4 9 11 78 9 92 5 91 
3 96 0 48 11 20 1 89 6 10 9 74 5 81 7 97 4 76 12 77 14 62 8 7 13 83 10 93 2 45 
2 21 9 76 11 80 14 90 12 78 7 92 1 15 8 72 4 63 3 5 6 25 5 54 13 26 0 54 10 91 
3 88 11 65 7 12 8 72 4 54 9 77 0 46 6 55 12 50 10 8 1 73 2 44 14 85 13 59 5 12 
10 85 11 21 8 90 4 31 9 48 0 88 1 63 5 39 12 17 6 80 13 68 7 44 2 70 14 44 3 24 
10 98 13 90 5 59 2 28 11 19 4 2 1 63 14 16 6 88 8 72 9 51 3 70 0 78 7 79 12 91 
12 56 4 79 14 51 9 57 10 48 13 7 5 10 3 25 7 75 6 99 2 22 11 7 8 3 1 40 0 1 
7 38 1 1 2 61 11 28 5 39 10 81 9 25 4 57 3 64 13 38 6 70 0 58 8 14 14 87 12 9 
13 13 3 30 4 4 7 28 5 84 11 90 9 90 8 1 14 75 1 32 2 31 0 84 6 42 12 55 10 98 
10 42 3 86 5 39 9 45 7 97 14 99 11 84 13 26 12 82 8 92 6 78 2 37 0 50 4 38 1 46 
5 93 2 7 8 56 10 79 3 44 0 50 13 33 11 71 4 99 9 77 12 60 14 26 1 74 7 20 6 80 
11 96 6 35 3 38 13 69 0 31 2 64 14 60 9 45 8 1 1 57 4 81 7 47 5 24 12 79 10 94 
8 35 4 10 5 70 11 32 10 74 12 88 9 38 14 10 0 99 13 42 7 69 3 71 2 12 6 87 1 50 
0 79 7 28 3 75 9 3 14 60 4 99 10 41 1 5 11 75 12 64 13 78 5 24 6 35 2 24 8 19 
13 25 8 61 14 84 3 89 6 81 4 80 0 20 9 93 7 52 12 65 1 62 2 55 11 25 10 16 5 56 
1 67 8 17 9 60 0 89 3 68 5 79 14 22 6 38 13 63 10 30 11 20 12 14 2 32 4 71 7 37 
4 34 6 58 10 88 13 50 3 82 14 35 5 44 0 69 7 50 1 12 2 17 11 46 9 56 12 67 8 6 
0 40 8 85 7 82 2 18 4 93 9 96 10 78 3 4 11 49 13 31 5 43 1 2 14 60 6 5 12 73 
3 46 12 23 11 96 10 87 5 90 7 32 0 13 6 18 4 86 9 7 14 47 13 45 8 42 2 81 1 65 
12 6 10 58 14 12 4 87 3 46 9 19 7 47 6 16 0 18 1 83 13 99 2 47 8 32 5 47 11 67 
2 87 7 30 4 45 6 82 3 81 9 33 5 45 0 23 8 36 14 6 12 75 10 88 11 44 1 50 13 9 
2 22 13 48 7 66 14 41 5 30 8 23 4 78 12 61 3 84 11 92 9 82 1 26 6 86 10 12 0 17 
2 41 10 50 13 84 6 23 14 12 5 17 7 39 12 50 3 82 4 35 1 27 8 73 9 39 0 22 11 62 
7 85 0 30 9 11 6 91 11 41 4 60 3 36 12 19 13 43 8 55 14 29 5 93 1 47 10 76 2 66 
13 14 6 48 5 43 8 44 10 17 1 43 2 61 0 12 9 72 14 49 3 80 4 39 11 67 12 41 7 29 
6 81 11 47 7 43 3 97 14 54 1 41 13 3 2 90 0 99 4 21 9 89 10 49 12 40 8 97 5 37 
8 88 6 6 14 68 9 7 3 11 0 86 4 27 11 15 12 9 7 56 2 61 13 13 10 8 5 45 1 80 
8 83 0 24 13 87 5 38 9 48 14 40 11 68 7 20 12 50 1 71 6 5 4 41 2 29 3 64 10 39 
8 51 13 10 4 77 7 94 2 59 6 17 3 98 12 33 11 46 5 89 0 96 1 36 10 60 14 40 9 52 
1 29 0 15 2 68 11 60 12 85 14 4 9 8 3 54 10 30 4 26 13 85 5 67 6 19 7 75 8 7 
2 40 11 55 5 54 13 86 10 79 4 4 12 71 1 79 3 64 0 95 6 88 8 16 7 98 14 96 9 48 
12 98 8 20 13 93 5 30 3 33 1 28 2 9 14 32 11 81 4 49 7 14 10 82 9 98 0 74 6 88 
14 47 13 32 9 79 7 68 0 99 6 13 4 65 10 83 11 55 5 36 2 59 1 78 8 90 3 75 12 62 
0 43 5 75 14 58 3 48 13 6 11 95 4 19 7 68 6 61 2 28 9 36 8 51 12 90 10 53 1 75 
7 59 14 40 4 73 9 94 13 41 11 41 6 29 10 9 2 10 12 66 5 30 3 82 1 89 8 80 0 75 
2 66 13 90 12 26 4 93 8 91 9 15 5 91 3 43 6 8 10 46 11 21 0 54 14 25 7 35 1 32 
7 55 4 34 13 62 2 78 8 24 3 6 11 30 5 72 12 20 1 17 9 16 0 28 10 27 6 37 14 46 
5 18 6 40 0 1 8 18 2 5 14 65 7 42 11 40 4 84 9 38 10 81 3 33 12 44 13 91 1 83 
5 46 4 39 12 11 0 62 7 41 11 40 14 21 8 65 2 23 10 80 13 51 1 43 3 41 6 28 9 82 
2 74 10 37 12 51 0 72 11 25 4 47 3 14 14 44 5 60 7 63 13 67 9 39 8 16 1 44 6 57 
12 36 5 81 3 60 10 92 6 8 2 73 9 88 14 78 13 84 8 36 0 99 11 34 4 69 7 46 1 19 
4 79 7 70 13 8 1 20 6 64 14 64 11 40 3 98 0 4 2 30 5 57 9 26 12 57 10 73 8 74 
2 10 13 99 5 50 3 71 12 53 7 51 4 53 14 53 1 2 9 47 0 83 10 20 8 62 6 99 11 68 
9 25 14 42 11 73 8 54 13 3 7 59 10 28 4 63 12 77 1 38 3 29 0 1 2 44 5 77 6 30 
2 87 6 85 3 65 13 69 4 1 12 29 1 67 5 25 0 36 10 57 8 53 9 51 7 49 11 75 14 7 
2 87 6 40 12 92 0 89 11 5 5 66 1 21 7 94 4 68 13 36 8 54 9 43 3 84 10 3 14 67 
5 55 6 4 14 95 0 71 10 11 7 87 3 23 4 22 9 82 12 70 8 29 1 44 2 21 11 6 13 91 
8 41 10 39 11 59 7 62 3 7 2 3 12 56 6 81 9 4 13 95 5 68 0 46 4 47 14 16 1 69 
5 8 8 92 11 96 9 14 13 41 1 72 3 12 14 2 7 31 10 86 0 21 2 50 12 94 6 12 4 72 
3 28 6 8 5 75 2 28 8 95 11 72 7 76 12 58 9 60 14 70 0 35 13 3 1 25 10 35 4 69 
5 27 0 66 1 69 6 60 9 63 3 64 2 32 14 78 4 58 12 42 10 31 7 48 8 95 13 14 11 88 
5 22 10 44 2 15 1 35 12 86 8 9 6 7 14 54 7 29 9 59 4 23 3 65 11 12 13 60 0 65 
0 60 7 91 12 64 3 37 13 55 2 25 10 84 9 23 11 41 1 27 14 85 5 68 8 69 6 66 4 16 
6 92 13 8 5 38 7 29 0 9 12 52 11 39 3 51 10 72 9 69 2 2 4 63 8 38 14 13 1 17 
4 59 12 31 5 13 1 39 3 36 0 34 14 8 10 67 7 80 8 78 9 5 13 67 6 77 2 95 11 86 
7 81 3 45 11 58 8 65 0 22 2 98 6 90 9 69 10 26 13 41 12 64 14 38 4 23 1 88 5 71 
2 28 13 75 6 86 1 91 11 15 7 74 12 37 14 96 0 67 4 28 9 95 8 97 5 65 3 92 10 1 
3 80 0 13 13 61 6 84 14 98 4 13 10 43 5 88 7 15 11 62 1 38 12 99 8 16 9 12 2 98 
0 14 10 39 12 35 5 83 13 54 9 42 7 36 4 9 8 66 3 21 2 11 14 60 6 58 11 85 1 17 
12 88 3 13 0 43 7 62 4 75 6 90 8 2 13 22 14 14 10 95 9 63 5 36 1 43 2 84 11 10 
7 94 9 49 5 19 0 35 10 67 12 3 8 89 13 18 1 51 11 88 2 17 3 64 14 53 4 68 6 77 
13 59 12 69 4 43 14 26 11 43 1 8 9 69 6 60 5 77 2 89 8 98 0 31 7 98 3 15 10 96 
5 89 12 41 8 29 7 79 10 36 11 6 9 57 3 74 2 98 4 51 1 25 13 76 14 28 6 31 0 53 
2 62 5 8 14 64 10 13 0 73 4 50 13 60 6 19 1 42 12 23 3 42 7 61 9 34 8 58 11 6 
6 68 8 7 2 27 12 27 1 37 4 43 13 40 7 60 0 3 5 65 3 64 14 58 10 32 9 99 11 89 
7 21 14 85 13 75 6 52 8 60 0 23 2 13 1 35 11 36 4 34 5 97 9 98 10 63 12 87 3 61 
6 3 2 67 3 66 11 30 10 87 13 63 12 41 9 55 0 50 1 4 8 90 14 65 5 43 7 98 4 43 
6 30 10 78 2 14 4 19 3 45 11 27 5 34 8 11 9 29 13 6 0 22 12 81 14 77 7 61 1 15 
3 14 13 84 0 47 2 2 10 39 9 92 7 98 14 95 5 51 1 29 4 47 11 8 6 72 12 45 8 73 
4 16 3 93 5 51 9 19 14 76 11 83 1 55 2 85 6 42 10 98 12 80 13 43 0 25 8 73 7 4 
14 95 4 93 8 89 9 12 13 65 1 11 3 39 11 46 10 69 6 90 7 48 12 87 0 95 2 62 5 20 
6 97 2 28 1 28 3 11 9 32 13 48 5 34 10 84 11 76 14 91 0 23 12 98 4 21 8 74 7 69 
14 17 13 23 6 46 10 28 1 96 0 87 11 10 9 65 12 22 3 9 4 80 8 56 5 3 7 57 2 90 
1 74 8 19 3 6 9 18 12 35 13 90 0 12 7 52 5 78 4 88 11 48 2 21 6 68 14 50 10 49 
0 76 9 68 11 26 1 31 10 49 12 74 5 8 14 15 3 48 6 81 8 25 2 62 4 50 13 26 7 1 
10 49 2 17 7 91 8 88 5 6 12 71 6 72 9 80 4 60 14 2 13 22 3 13 0 91 11 45 1 82 
6 71 10 32 2 87 0 63 3 74 5 41 8 4 7 83 1 54 13 34 4 43 14 75 12 82 9 29 11 91 
9 37 13 17 5 29 11 1 2 94 8 65 4 81 0 98 14 71 1 41 10 72 6 4 3 63 7 17 12 88 
14 74 10 42 1 52 6 28 2 48 13 88 5 93 7 85 4 46 8 31 12 86 9 55 11 97 0 53 3 19 
9 14 6 43 14 31 13 36 5 66 4 34 8 79 0 32 2 56 10 96 1 17 11 69 12 64 3 77 7 64 
3 9 13 86 12 68 10 7 7 73 5 17 2 38 14 22 11 5 4 2 0 4 9 78 1 97 6 14 8 81 
13 20 12 52 7 27 6 93 4 81 10 82 3 85 8 7 9 12 11 92 0 60 5 66 1 30 14 33 2 63 
11 14 0 59 1 4 10 15 2 53 3 88 5 5 12 87 4 24 13 37 7 96 8 39 9 17 6 37 14 44 
8 22 5 27 0 49 3 77 11 41 14 41 10 21 7 63 1 55 6 38 12 20 9 36 2 85 13 24 4 48 
0 22 14 92 4 55 5 89 11 48 8 86 12 44 6 53 3 74 13 98 9 93 1 56 10 6 7 80 2 36 
8 84 1 1 4 67 12 12 2 33 11 48 6 75 13 85 14 36 10 21 3 71 7 39 0 75 9 92 5 98 
3 37 9 54 8 90 6 17 14 79 2 95 5 47 11 90 0 85 4 74 7 68 10 21 1 58 13 36 12 66 
3 96 2 65 1 38 8 14 10 26 6 66 14 96 7 98 5 64 4 15 11 50 9 81 0 76 12 45 13 83 
4 43 3 62 10 17 12 70 14 69 7 20 11 99 2 67 6 38 1 48 5 16 13 53 0 86 9 58 8 93 
8 24 10 63 2 49 4 36 13 6 11 83 14 5 0 87 1 28 9 6 7 87 3 73 6 71 5 38 12 41 
12 59 0 8 14 17 7 32 11 40 3 58 2 37 6 65 1 75 9 29 10 13 4 97 5 90 13 29 8 8 
10 55 12 96 11 55 8 32 3 44 7 28 13 89 6 71 0 70 1 99 2 11 5 87 4 13 14 72 9 41 
14 35 11 59 13 83 10 16 0 17 6 72 1 30 3 38 2 97 5 19 8 17 7 61 4 25 9 36 12 66 
12 52 0 30 2 27 6 98 8 95 9 58 14 6 11 26 3 18 10 43 5 99 7 12 1 35 13 71 4 39 
3 24 9 66 1 46 0 67 2 77 6 97 14 72 5 32 10 86 13 3 4 25 11 26 7 97 12 30 8 88 
9 49 5 25 0 14 1 30 12 48 13 62 7 49 8 46 10 1 2 31 4 42 11 8 14 60 3 46 6 35 
8 24 5 65 9 90 11 75 13 83 1 36 3 42 10 11 14 22 0 79 12 81 6 86 7 62 2 90 4 58 
10 62 6 11 12 23 3 21 11 35 14 26 1 65 9 80 5 31 0 71 13 75 7 45 8 82 4 34 2 72 
11 83 10 23 14 57 8 40 13 47 2 36 7 65 0 38 5 10 1 49 6 87 3 70 9 97 4 76 12 89 
2 95 1 22 12 14 8 41 0 20 10 49 14 24 7 19 11 36 9 82 6 96 5 94 13 74 4 99 3 59 
13 38 1 31 14 5 5 95 9 4 0 45 6 76 10 84 4 98 11 76 3 68 12 33 2 62 8 67 7 54 
10 42 2 88 9 34 7 55 0 62 11 11 4 47 13 47 5 14 14 83 12 48 6 7 3 34 1 31 8 38 
1 77 10 85 13 50 8 22 4 6 5 85 14 50 9 35 0 14 7 46 11 81 3 35 12 9 2 44 6 85 
3 95 4 30 7 95 1 92 14 30 6 82 10 28 0 68 5 83 8 70 11 99 12 95 13 54 2 35 9 28 
0 5 14 9 9 40 3 43 8 98 1 41 10 78 2 8 4 97 13 71 6 84 7 28 5 10 12 48 11 33 
