150 15 
9 79 8 15 1 85 12 81 10 9 11 55 2 4 0 22 3 28 4 93 13 36 6 71 14 50 5 93 7 78 
2 78 7 10 13 44 5 41 4 96 1 65 8 54 11 54 9 39 6 11 14 98 10 83 0 55 12 31 3 94 
14 54 1 68 10 61 9 28 8 86 7 1 11 83 5 66 2 44 0 49 6 49 13 98 12 34 4 20 3 91 
12 30 4 68 14 73 6 81 10 35 11 78 3 44 5 69 9 42 8 17 7 14 13 68 2 73 1 52 0 3 
2 3 14 22 5 14 10 39 3 51 1 42 0 78 12 25 9 17 8 23 4 66 13 86 7 23 6 62 11 53 
10 90 4 83 1 4 3 86 14 39 5 73 6 35 13 51 12 77 0 79 8 43 2 22 9 89 11 51 7 81 
13 17 8 44 2 80 1 46 4 99 14 43 0 52 6 33 9 52 7 4 12 86 5 33 10 43 3 83 11 64 
6 53 13 29 4 88 12 56 2 90 14 45 1 99 11 21 5 59 7 84 10 53 9 78 8 48 3 82 0 98 
13 5 8 62 2 58 1 28 7 9 3 26 5 19 10 29 11 68 9 4 14 51 12 96 6 62 4 97 0 13 
11 56 6 28 10 85 0 2 1 4 8 49 7 9 13 49 4 76 3 47 12 61 9 44 14 28 5 62 2 64 
5 6 14 39 0 74 7 87 2 74 4 61 3 33 1 48 12 74 8 71 11 57 6 94 10 64 13 87 9 24 
14 96 12 64 6 61 2 76 11 14 1 19 3 15 9 90 8 90 7 29 4 91 10 74 5 71 0 65 13 78 
12 79 5 9 10 33 4 39 1 88 9 8 6 24 2 17 0 90 7 48 14 56 3 56 13 93 8 3 11 31 
11 49 8 59 1 79 10 29 4 64 9 3 7 41 2 7 12 80 13 84 14 13 6 38 5 31 3 37 0 50 
6 59 0 59 2 9 3 15 7 13 13 81 5 72 10 20 12 38 9 76 1 78 8 24 14 46 11 46 4 36 
13 52 4 19 5 65 0 72 2 52 7 13 8 11 6 89 3 31 14 13 1 93 10 13 9 48 12 99 11 21 
5 59 6 58 11 7 4 51 2 25 9 7 12 88 0 72 13 88 3 45 10 4 1 75 7 1 14 87 8 44 
1 17 13 79 3 39 5 57 14 85 11 52 9 79 2 63 8 34 7 59 4 33 6 14 10 73 0 6 12 73 
5 9 2 51 9 15 10 61 4 95 0 2 8 70 7 75 14 50 6 45 11 6 1 83 3 39 12 94 13 69 
14 58 13 29 3 43 0 36 9 57 8 48 12 54 2 18 11 91 6 45 7 79 5 93 1 69 10 21 4 15 
6 34 3 16 12 2 4 63 10 22 7 96 0 87 2 85 5 50 14 36 8 33 13 95 9 60 1 19 11 61 
7 48 11 96 6 91 12 85 9 43 5 34 8 8 2 28 13 73 4 81 0 59 14 18 10 81 3 25 1 25 
5 77 13 24 7 68 14 56 8 47 6 20 3 75 10 32 9 85 4 60 12 23 2 1 1 38 0 99 11 10 
6 19 7 67 10 94 9 64 12 22 14 73 1 43 3 76 0 14 13 35 4 27 5 61 8 12 2 87 11 71 
11 69 8 79 14 51 0 42 4 69 5 48 10 50 1 14 12 63 3 89 2 44 13 77 7 16 6 86 9 56 
6 68 9 55 8 93 1 49 14 66 11 68 0 81 3 79 5 86 2 8 4 28 13 37 12 73 7 64 10 36 
4 60 8 62 6 20 13 65 14 82 9 32 0 81 2 24 5 7 1 99 3 19 12 44 11 77 7 82 10 85 
6 62 5 75 2 45 14 56 4 9 1 57 7 12 11 34 13 51 12 27 10 54 9 2 8 86 0 66 3 80 
10 72 7 81 13 90 11 16 4 31 1 8 9 67 2 84 5 57 3 99 12 6 6 85 14 72 0 62 8 73 
3 71 7 84 5 80 13 72 0 96 10 34 2 93 9 50 4 17 14 52 11 93 8 15 1 65 6 4 12 96 
2 73 9 92 14 66 8 18 11 97 12 34 0 68 6 62 4 63 1 3 3 4 13 23 7 9 10 78 5 76 
11 79 12 68 9 65 6 17 3 46 4 8 2 70 8 17 10 57 1 18 0 69 5 36 7 82 13 47 14 90 
6 19 7 57 4 79 14 18 9 93 11 15 10 76 2 85 13 19 3 58 8 66 5 33 12 25 0 98 1 69 
2 79 3 3 14 93 5 27 7 26 8 41 1 16 11 81 10 67 6 72 9 25 13 32 0 3 12 53 4 82 
4 30 11 11 7 89 12 81 13 14 14 14 8 69 1 26 6 92 0 16 9 61 10 45 3 94 2 15 5 32 
1 73 2 81 9 82 13 9 12 5 14 11 11 93 6 77 3 23 5 5 8 6 4 90 10 80 0 96 7 81 
14 25 6 51 2 90 12 52 10 88 3 77 7 30 0 34 5 8 9 22 1 76 8 28 13 60 4 16 11 37 
5 83 0 54 3 93 11 18 10 79 14 5 1 69 2 45 6 63 9 28 8 97 4 29 7 87 13 44 12 88 
1 18 11 51 0 68 14 8 9 61 10 22 6 9 5 97 13 8 8 28 12 50 4 97 3 98 7 19 2 30 
11 37 10 45 14 61 9 29 8 66 0 56 3 47 12 36 2 12 13 77 4 86 5 72 6 76 7 30 1 42 
6 72 2 4 9 71 3 92 1 12 12 33 13 96 8 72 0 70 7 34 4 28 11 5 10 15 14 66 5 72 
8 16 1 53 2 5 5 38 7 60 13 56 0 62 9 40 14 60 12 87 6 39 11 80 4 57 3 17 10 53 
13 34 9 6 11 1 4 55 8 72 0 46 2 72 10 99 12 59 1 65 3 36 14 12 6 89 5 28 7 49 
0 71 11 45 6 82 5 94 9 58 12 13 14 22 13 33 7 16 3 87 1 53 10 73 2 87 4 1 8 9 
10 76 5 30 4 59 0 32 6 67 13 69 7 57 2 1 12 3 3 81 1 16 8 15 14 5 9 96 11 91 
12 23 10 98 14 31 1 94 0 78 5 53 7 23 4 5 13 7 9 29 2 10 6 59 11 19 3 41 8 26 
5 94 9 50 13 68 7 23 3 50 11 13 4 38 2 90 12 5 8 61 0 89 1 11 14 17 10 87 6 80 
9 21 5 37 8 37 4 66 10 75 12 3 11 54 0 37 6 42 14 50 13 30 2 81 1 98 7 60 3 44 
1 23 13 68 5 16 2 15 6 36 10 20 9 60 4 25 7 13 12 33 8 46 3 85 0 31 14 72 11 39 
0 40 7 34 5 3 9 29 13 81 4 70 14 31 6 8 10 32 8 87 2 50 12 96 11 18 3 75 1 4 
8 78 9 72 11 68 2 99 5 47 1 28 14 43 0 48 10 48 12 90 6 11 13 39 7 70 4 58 3 42 
10 66 1 69 7 81 0 43 13 17 4 21 11 71 9 77 5 58 12 39 3 79 6 3 14 60 8 11 2 47 
10 95 5 89 2 62 7 78 1 21 0 57 9 99 12 15 14 67 8 77 6 3 11 53 13 12 3 21 4 13 
13 83 9 68 12 38 3 94 10 63 8 67 1 15 2 8 5 53 4 63 6 68 14 60 7 58 0 68 11 29 
6 98 0 18 12 84 14 84 10 68 2 50 3 71 4 50 13 13 9 75 11 46 8 61 1 97 5 88 7 57 
12 54 2 53 14 88 6 52 11 7 13 67 4 96 9 26 5 78 3 99 7 60 1 81 0 36 10 64 8 4 
3 99 4 38 5 21 12 52 6 57 10 96 13 88 8 71 9 71 14 46 7 30 11 99 0 41 2 97 1 16 
1 86 14 33 4 78 0 60 10 28 2 41 11 53 9 88 5 82 6 67 3 55 12 64 8 23 13 37 7 44 
10 84 1 39 6 95 14 45 5 74 9 52 13 70 4 42 12 69 8 49 2 36 11 86 0 9 3 88 7 42 
12 64 3 46 8 19 14 61 10 8 9 84 4 85 5 32 7 92 13 32 11 22 6 51 0 55 2 68 1 53 
8 85 14 31 0 67 13 47 9 80 4 64 1 9 11 32 12 80 6 49 10 71 2 95 7 13 3 36 5 44 
2 38 14 67 8 63 6 67 11 33 4 62 1 35 12 51 13 48 3 34 9 51 10 89 5 7 7 43 0 86 
0 66 7 10 5 44 3 50 13 14 12 77 10 64 14 94 1 43 9 28 11 37 6 72 4 12 2 52 8 36 
6 3 9 67 14 95 7 15 4 90 3 29 2 26 10 11 5 76 12 82 1 58 8 14 13 90 0 63 11 47 
1 53 6 97 9 17 13 41 0 49 3 55 5 49 8 16 10 56 12 22 2 67 14 27 11 31 4 20 7 50 
7 55 10 60 12 33 2 8 14 55 6 60 0 12 9 74 1 33 11 33 3 45 8 88 13 2 4 29 5 35 
1 61 10 29 12 90 3 5 9 61 11 1 4 44 5 22 7 65 2 67 6 11 0 44 14 87 13 75 8 9 
2 37 6 76 12 85 10 30 5 64 8 96 3 17 1 69 9 28 14 58 7 93 13 15 0 70 4 64 11 3 
2 81 1 1 9 83 7 40 12 4 4 62 3 76 10 75 5 83 8 63 14 29 0 61 6 14 11 38 13 13 
3 5 5 71 12 88 13 19 2 73 9 22 11 77 4 43 14 35 1 7 7 52 10 6 8 38 0 79 6 64 
3 37 1 7 7 22 0 40 8 27 2 9 14 31 12 98 5 80 11 96 6 29 10 96 13 78 4 18 9 48 
10 72 0 91 14 78 6 72 1 75 9 2 2 94 3 97 13 22 8 1 12 24 5 73 7 59 11 67 4 32 
2 21 9 54 10 77 12 97 5 29 6 43 11 11 14 34 4 21 7 4 0 1 8 27 3 4 13 58 1 87 
9 85 10 67 0 36 2 86 3 53 13 9 5 68 12 19 14 42 8 39 11 72 4 87 6 80 1 97 7 37 
8 12 1 5 3 10 9 84 12 46 4 23 2 37 10 63 7 16 11 4 6 10 14 44 13 30 5 48 0 27 
1 19 7 90 13 17 2 24 14 11 3 74 11 45 12 64 8 79 4 99 0 99 5 88 10 54 6 57 9 54 
1 21 4 34 7 27 5 36 0 17 10 40 8 1 3 26 13 78 11 67 12 55 9 59 6 49 2 72 14 19 
6 72 5 45 12 45 1 29 9 26 0 64 4 45 14 8 11 24 7 11 3 6 13 43 2 76 10 81 8 26 
6 11 7 2 0 64 10 82 13 88 8 93 2 8 12 16 4 65 11 93 9 89 5 86 14 87 3 46 1 2 
5 84 13 47 0 84 8 38 1 67 3 49 6 7 9 49 4 97 11 66 7 70 14 50 12 30 2 10 10 80 
4 91 9 59 0 4 3 17 1 95 14 12 13 20 10 29 12 4 5 27 11 16 8 9 7 74 2 69 6 17 
6 63 0 4 13 40 2 6 11 70 5 29 4 94 10 35 12 78 8 97 14 58 1 82 9 87 3 20 7 10 
5 3 7 63 12 11 9 17 6 55 2 53 8 27 3 69 4 79 14 84 1 16 13 78 11 33 10 39 0 74 
13 23 1 97 6 53 5 94 7 81 4 1 14 77 11 54 8 68 3 70 0 65 2 22 9 95 12 27 10 65 
11 7 0 18 1 30 10 79 4 3 13 69 7 27 8 67 3 51 2 75 9 93 6 43 12 71 5 87 14 3 
10 37 1 9 13 48 7 54 2 92 5 50 3 37 4 1 6 55 9 99 14 76 12 10 8 73 0 81 11 76 
11 96 8 4 6 1 2 48 12 11 14 8 1 42 5 78 0 65 7 25 10 1 3 41 9 9 4 73 13 40 
5 77 10 31 0 93 4 58 11 91 12 11 3 76 8 20 9 16 6 52 7 72 14 10 2 89 13 31 1 39 
1 29 9 14 3 60 7 48 13 88 5 85 6 52 12 84 2 67 10 3 0 86 11 77 8 66 14 55 4 17 
3 53 2 10 13 23 5 75 10 35 12 72 8 5 0 63 1 57 4 14 11 86 9 54 14 13 6 27 7 56 
8 59 7 50 10 11 0 4 4 20 11 35 9 12 2 16 13 82 12 24 1 68 3 89 5 90 14 3 6 81 
14 49 8 89 5 64 12 14 3 26 13 14 7 4 6 30 11 34 1 54 10 83 0 63 9 85 2 82 4 77 
5 36 8 77 12 29 10 74 14 19 11 54 9 80 4 46 2 47 13 63 0 12 7 28 1 77 3 75 6 70 
0 32 10 91 7 5 4 71 11 97 6 53 14 28 2 58 1 22 12 74 8 41 5 58 13 82 9 59 3 66 
12 48 3 38 2 69 0 19 10 52 1 1 11 44 4 22 13 50 7 35 8 46 5 6 14 63 6 51 9 93 
5 7 2 43 14 79 0 76 9 59 12 81 1 41 13 82 8 43 6 42 10 36 7 48 4 59 3 74 11 68 
5 20 13 12 4 34 11 9 14 48 8 23 3 95 7 2 12 46 2 5 10 44 1 51 6 71 0 74 9 74 
2 74 0 83 11 2 12 29 9 72 4 19 8 48 13 2 5 35 6 97 1 68 7 82 14 86 3 99 10 26 
4 28 11 56 14 69 5 32 7 16 0 95 13 58 9 57 3 94 2 17 1 4 10 88 8 20 12 2 6 67 
5 16 3 56 9 42 4 94 10 54 0 9 6 73 7 90 11 28 8 89 12 67 2 48 14 73 13 90 1 37 
14 48 6 36 1 49 12 12 3 63 9 69 0 74 11 29 4 91 8 94 10 9 2 32 7 99 13 61 5 39 
4 67 1 52 7 98 9 32 11 15 12 26 5 45 0 89 13 53 2 10 6 57 3 14 10 56 8 50 14 43 
5 96 4 2 14 98 7 87 3 14 0 95 8 65 10 27 9 18 11 25 12 42 1 41 2 66 13 28 6 76 
1 6 11 50 14 92 12 5 7 38 6 34 5 13 4 93 2 54 13 63 9 5 0 68 3 6 10 73 8 64 
4 90 8 60 12 80 2 72 13 96 1 68 11 70 14 84 7 33 5 77 6 54 10 27 9 33 3 20 0 85 
9 1 11 69 5 85 13 9 8 34 0 79 1 94 3 19 10 7 4 8 12 20 14 80 2 24 6 7 7 99 
13 85 14 66 3 39 0 28 12 29 5 15 7 6 9 8 1 3 6 8 2 81 11 27 8 63 4 90 10 18 
5 88 13 36 10 85 8 42 4 94 7 93 14 92 6 12 2 73 3 7 12 43 1 19 11 77 9 70 0 42 
3 34 9 72 5 49 10 78 8 56 12 41 13 24 14 80 6 15 7 14 2 51 0 22 11 60 4 49 1 44 
3 74 0 21 14 92 8 20 12 53 9 62 6 95 2 32 11 94 4 82 5 79 13 52 10 92 1 83 7 73 
1 58 14 6 0 36 4 83 10 91 11 1 6 48 3 59 8 92 9 71 7 90 2 72 5 1 12 76 13 4 
11 89 14 73 13 75 3 57 5 89 10 16 9 32 0 69 6 56 1 52 2 57 12 56 7 42 8 1 4 51 
1 80 0 68 10 58 6 23 4 84 5 52 3 7 2 11 7 55 13 43 9 25 14 15 11 55 8 11 12 50 
1 46 14 36 6 31 4 6 0 5 13 61 2 87 12 17 7 39 10 17 5 17 3 76 11 17 9 43 8 94 
6 57 10 39 2 99 9 54 8 38 13 52 4 31 11 79 3 29 0 77 7 74 5 3 1 40 12 52 14 6 
3 32 5 7 4 91 11 77 2 76 7 67 14 50 9 98 10 51 13 45 0 42 12 28 1 98 8 6 6 89 
7 34 13 14 4 61 11 49 1 13 2 59 12 12 5 70 10 93 0 73 8 18 6 23 9 83 14 7 3 4 
2 66 9 44 14 48 12 67 7 73 1 15 5 72 13 33 10 91 8 12 4 40 6 58 3 17 11 24 0 89 
7 36 11 29 5 14 2 60 10 81 3 58 12 39 1 66 8 34 6 52 9 20 14 33 13 76 0 56 4 80 
9 81 14 54 0 54 4 78 5 40 1 86 3 69 2 74 10 56 6 32 8 20 7 94 13 9 12 98 11 27 
13 88 5 14 14 83 0 21 4 42 1 87 3 49 9 84 12 27 10 17 6 55 8 96 2 9 7 86 11 40 
7 57 9 16 1 51 2 19 10 32 11 88 0 45 14 62 3 76 5 21 4 4 8 84 12 57 13 95 6 60 
10 69 14 59 1 2 2 71 9 53 4 45 6 62 13 17 5 54 3 79 11 72 7 88 12 11 0 55 8 65 
13 91 14 16 3 24 11 87 10 43 4 87 1 50 2 21 7 89 5 19 8 77 9 42 0 75 12 74 6 50 
9 31 11 67 1 31 8 93 13 27 3 84 2 43 7 24 4 16 12 77 6 24 5 69 10 50 0 12 14 68 
11 91 5 64 2 44 8 67 9 55 7 18 12 9 3 10 10 8 6 10 14 86 4 31 13 13 1 71 0 97 
4 5 0 56 3 77 9 18 7 25 11 77 10 63 5 16 8 69 1 63 14 9 12 69 6 37 13 12 2 94 
6 16 13 68 7 55 8 1 4 92 12 35 2 41 10 33 9 12 5 26 0 90 1 2 14 90 3 62 11 35 
4 82 10 88 8 73 5 96 3 63 14 4 13 84 6 48 0 90 9 63 11 34 1 48 2 62 12 14 7 71 
1 32 9 43 8 53 7 2 5 34 14 7 2 57 11 33 12 91 0 34 13 36 10 40 6 22 3 11 4 92 
4 17 12 59 5 17 7 44 1 96 0 48 6 15 13 40 9 7 11 38 14 3 3 82 8 81 2 19 10 54 
13 77 1 3 7 19 2 24 5 17 14 17 0 74 6 26 9 71 11 74 3 34 4 39 10 23 8 91 12 14 
2 29 10 84 1 52 4 50 5 49 11 67 8 57 12 84 13 78 9 35 0 27 6 61 7 3 3 23 14 35 
0 31 6 67 9 25 1 97 2 5 14 43 10 95 11 39 3 69 5 56 8 31 12 69 4 95 13 83 7 78 
13 12 1 50 11 33 7 49 3 82 4 33 5 18 2 79 9 22 12 36 8 29 14 35 10 56 0 25 6 8 
13 84 14 8 6 67 10 60 9 93 1 87 11 85 2 73 12 4 4 33 0 74 8 82 7 99 5 93 3 53 
9 44 1 89 0 97 3 41 6 44 2 53 13 47 11 2 8 95 7 76 14 5 4 67 10 22 5 40 12 14 
14 19 11 66 2 50 9 49 0 23 1 85 3 38 7 49 5 94 13 48 4 93 10 63 8 62 6 70 12 66 
10 96 13 66 2 32 5 98 0 88 1 52 8 40 7 60 14 89 3 62 4 46 6 68 11 3 12 85 9 37 
3 47 2 36 1 28 10 32 6 89 0 60 4 69 9 7 14 38 11 79 5 65 13 83 12 7 8 36 7 11 
1 98 0 81 11 89 2 65 9 79 6 60 8 88 14 4 4 34 13 28 7 39 5 10 3 46 12 70 10 66 
0 88 11 83 14 47 13 88 6 59 2 74 4 16 9 55 12 75 1 14 3 78 8 29 5 19 7 19 10 22 
4 61 7 13 8 50 10 35 9 97 1 88 0 71 14 55 13 98 3 39 11 51 5 47 2 18 12 77 6 50 
9 85 6 21 7 39 14 25 2 42 3 80 13 63 1 55 11 16 8 1 5 95 10 45 0 97 12 75 4 46 
3 91 14 56 8 74 12 69 10 15 6 43 9 66 2 38 0 23 4 15 7 40 13 7 11 36 5 52 1 84 
3 1 12 86 9 51 0 6 4 94 1 43 7 26 14 63 11 39 2 33 8 77 13 70 5 97 6 80 10 40 
10 29 6 19 13 73 7 71 8 51 11 67 2 50 1 44 0 78 4 19 9 25 5 27 12 34 3 3 14 65 
2 94 6 61 7 29 3 91 13 78 0 13 8 16 12 7 5 30 4 25 11 27 10 85 9 94 1 62 14 52 
1 82 9 41 11 8 0 56 13 62 8 32 14 23 2 35 7 41 6 14 3 30 5 52 12 45 4 79 10 3 
0 51 1 85 2 56 12 74 10 77 5 61 6 4 8 16 13 31 11 46 3 21 14 20 4 51 9 95 7 81 
