150 15 
3 31 6 73 14 28 1 72 7 45 10 66 12 13 13 46 5 74 8 79 0 24 11 70 4 94 2 90 9 64 
1 67 14 47 10 33 12 8 3 52 13 62 0 32 7 13 4 42 9 47 5 84 8 90 11 31 2 90 6 74 
8 71 2 32 13 35 4 25 14 15 10 85 1 55 9 99 11 17 5 80 3 35 0 8 7 2 6 62 12 87 
14 22 6 62 4 77 12 6 8 57 13 62 3 53 5 15 10 74 9 68 0 8 1 11 2 32 7 97 11 24 
4 92 1 35 14 39 9 19 7 19 10 66 13 4 8 54 6 94 3 94 5 71 0 65 11 86 2 56 12 3 
1 45 8 47 6 83 9 44 2 61 7 88 0 68 4 2 14 98 5 42 11 79 3 87 13 93 10 7 12 26 
7 82 12 27 3 3 14 29 4 56 9 49 10 8 8 98 0 27 5 22 6 68 1 47 11 15 13 98 2 47 
5 99 7 93 0 29 14 80 4 80 8 77 10 64 3 29 2 82 11 77 9 86 13 24 6 99 12 85 1 5 
3 29 8 9 10 11 6 66 14 23 7 88 4 63 9 81 5 64 0 72 1 90 11 23 13 66 2 1 12 38 
14 34 13 39 9 13 4 55 12 15 3 86 11 13 5 9 10 1 7 79 8 34 6 3 2 37 1 31 0 98 
12 60 4 61 1 27 10 26 2 13 11 42 9 21 14 6 6 43 13 18 3 77 5 39 8 82 0 97 7 9 
4 84 10 27 3 82 0 65 12 80 2 97 13 37 8 22 6 95 14 38 1 92 11 4 7 17 9 28 5 96 
1 20 12 59 4 16 0 89 3 64 10 30 8 91 9 49 11 89 13 14 7 24 2 52 6 99 5 3 14 93 
14 48 5 6 3 45 7 83 6 5 13 79 9 76 11 55 1 75 4 31 2 35 10 24 8 28 12 26 0 77 
8 2 9 2 0 13 13 37 14 95 7 68 4 35 1 45 5 25 2 17 3 72 12 37 6 94 11 29 10 27 
4 23 3 63 12 6 14 98 0 69 9 20 10 45 13 91 11 51 2 41 6 74 5 63 1 82 8 91 7 76 
8 82 3 60 14 88 6 37 0 55 2 15 4 4 7 52 12 4 1 49 5 39 9 66 11 25 10 61 13 75 
0 62 4 89 3 10 6 22 8 53 5 91 2 19 1 60 14 5 11 13 9 23 7 74 12 99 13 76 10 26 
3 34 5 88 14 99 10 53 1 32 0 35 4 7 7 64 8 68 9 53 6 90 2 91 12 79 13 53 11 97 
1 70 14 42 2 1 5 66 11 82 7 53 0 48 9 27 13 26 8 56 4 64 10 82 6 78 3 89 12 94 
12 82 6 48 11 72 2 26 3 50 13 80 9 25 0 40 5 50 4 68 1 38 10 48 14 65 7 64 8 62 
13 2 0 56 14 63 10 67 4 32 3 14 12 91 8 42 6 86 9 85 11 83 1 43 7 77 2 83 5 76 
2 72 11 90 7 56 14 51 5 68 10 84 9 27 0 18 12 35 8 97 1 87 6 43 4 51 13 52 3 33 
11 64 4 40 1 46 9 48 0 17 8 63 13 45 3 74 10 23 2 19 6 17 12 83 14 31 7 82 5 66 
11 88 1 11 9 40 6 83 8 76 3 49 2 19 12 43 14 6 4 60 7 9 10 54 5 9 0 1 13 7 
3 11 0 90 5 4 2 29 9 75 6 18 12 32 14 12 11 1 10 51 1 37 4 22 13 80 8 20 7 69 
14 49 2 26 0 84 12 64 13 47 6 74 1 69 10 17 9 99 8 69 7 31 11 20 5 88 3 19 4 75 
2 75 11 53 0 35 10 51 6 66 1 16 9 1 12 71 7 17 13 43 5 30 4 91 8 30 3 51 14 44 
4 26 12 97 7 77 6 2 3 38 8 40 13 74 10 25 0 53 1 64 5 55 9 79 14 2 2 55 11 75 
11 32 12 79 13 10 10 9 0 80 6 40 4 64 14 60 9 3 2 18 8 69 7 68 3 52 1 45 5 33 
14 36 13 86 5 37 8 30 10 68 9 23 6 62 2 92 12 48 3 65 0 33 4 20 7 5 11 95 1 40 
1 44 5 77 13 88 2 62 0 60 7 94 14 73 8 55 10 55 11 45 3 89 4 62 9 93 12 92 6 43 
10 73 6 93 2 30 5 8 3 6 9 74 14 41 8 56 12 63 1 73 7 17 0 11 13 78 11 68 4 66 
11 74 2 98 9 75 7 18 8 85 6 74 5 13 0 21 10 43 14 92 4 52 13 82 1 17 12 40 3 57 
3 60 7 34 6 35 5 72 10 94 0 48 8 37 14 1 12 29 4 17 2 72 11 60 1 87 9 46 13 40 
4 45 10 13 3 10 7 80 6 99 11 15 8 44 5 3 0 59 13 81 14 15 2 79 9 1 12 73 1 74 
4 92 9 55 0 4 8 13 12 53 5 74 13 13 6 66 3 64 14 40 10 40 2 47 1 60 11 42 7 87 
11 58 3 57 0 6 4 57 7 67 14 2 2 11 6 63 12 34 10 19 9 46 13 20 5 91 8 62 1 65 
1 90 9 57 11 53 8 56 14 19 5 73 0 71 6 47 3 47 12 95 4 84 10 42 13 10 2 72 7 42 
0 41 14 44 11 94 1 23 12 8 10 2 2 36 4 80 3 74 8 33 9 25 5 77 7 75 13 60 6 92 
6 6 7 98 4 68 11 25 8 22 5 32 10 11 13 63 0 80 14 82 12 95 2 13 1 37 3 90 9 69 
3 13 6 85 11 55 2 79 9 30 4 96 7 62 8 91 5 87 13 12 12 42 14 82 1 6 0 57 10 66 
8 53 0 24 6 79 9 88 14 6 11 84 1 42 10 89 5 24 7 69 3 78 4 1 2 97 12 38 13 15 
5 9 4 59 0 47 13 23 11 84 3 16 1 92 8 65 10 88 12 9 9 94 6 91 14 44 2 48 7 92 
5 6 4 76 12 67 13 80 10 69 14 38 3 40 8 25 9 35 1 25 11 59 2 73 0 71 7 11 6 9 
13 27 6 60 11 89 3 32 4 35 10 33 8 15 5 48 2 90 14 52 9 20 0 92 7 52 12 6 1 94 
9 47 7 61 6 43 12 5 4 68 5 20 14 16 3 88 0 39 8 37 11 35 10 1 13 85 2 7 1 49 
6 65 11 73 5 17 12 46 1 76 0 81 4 91 14 31 2 31 10 22 3 33 7 47 9 57 13 54 8 6 
7 84 13 68 8 47 10 71 1 69 4 73 0 67 5 93 2 47 12 32 6 77 9 78 3 21 11 66 14 83 
7 15 6 63 13 97 0 22 1 50 12 69 3 2 14 15 11 15 8 53 5 94 10 15 2 66 4 37 9 94 
6 49 10 64 5 81 11 23 13 33 2 61 0 12 14 81 1 70 8 16 9 81 7 96 4 45 12 13 3 93 
10 2 13 27 1 55 5 50 6 55 7 6 9 17 0 31 3 36 8 16 11 63 2 20 14 40 12 17 4 72 
12 98 7 93 1 4 0 27 13 69 6 45 5 36 3 77 8 52 11 25 10 56 4 94 14 9 2 11 9 74 
3 73 2 65 8 40 6 41 11 48 7 36 12 52 10 4 0 3 4 2 13 55 1 1 5 73 9 53 14 82 
6 85 8 86 13 29 7 85 1 35 12 43 2 85 9 7 3 81 0 54 14 44 10 64 11 68 5 36 4 54 
3 11 2 2 1 24 10 29 5 30 13 97 9 19 8 47 14 54 12 46 4 15 11 94 0 16 7 60 6 70 
4 31 1 63 12 33 10 32 5 89 7 22 0 51 11 65 6 66 14 24 2 41 3 35 8 38 9 49 13 41 
2 64 14 25 12 11 9 57 11 32 10 36 5 85 0 81 3 58 4 7 6 95 7 28 1 49 13 33 8 5 
6 49 8 71 14 41 0 20 11 82 9 61 10 1 12 59 2 22 1 54 7 99 3 68 13 47 4 33 5 13 
10 31 3 71 9 4 0 24 6 20 2 41 14 44 11 57 13 39 12 63 8 70 7 59 5 33 1 34 4 56 
12 82 9 47 5 81 11 19 6 32 8 36 7 93 10 75 13 32 1 4 14 49 3 99 0 32 4 8 2 20 
2 64 12 49 4 45 7 34 13 71 9 88 8 57 11 82 1 6 14 56 6 78 0 44 5 24 3 87 10 93 
5 94 8 21 10 44 13 98 7 56 0 67 12 80 14 50 2 65 11 63 9 55 3 94 1 19 6 57 4 93 
0 31 1 99 13 49 14 69 2 79 8 11 4 88 6 34 12 73 11 9 5 27 10 89 3 34 7 63 9 80 
13 43 10 27 9 81 7 84 5 53 14 98 12 14 4 22 0 98 2 12 6 19 3 49 1 59 11 12 8 26 
0 96 1 61 13 76 14 10 7 96 2 9 10 55 11 40 4 28 3 32 12 17 9 43 5 93 6 39 8 19 
14 4 0 48 12 45 10 98 3 49 1 88 2 32 6 48 7 69 8 44 13 1 4 82 9 14 5 6 11 48 
4 72 9 42 13 13 12 53 7 95 8 80 1 62 2 90 5 49 6 99 10 75 14 56 11 38 0 8 3 40 
8 41 9 64 0 33 5 92 6 88 14 5 4 89 11 34 1 55 10 57 13 87 7 52 12 87 3 48 2 13 
14 52 11 11 0 53 6 56 12 64 7 8 1 91 2 56 5 74 4 45 3 7 10 11 9 5 8 55 13 35 
8 34 14 77 5 45 4 34 0 40 12 55 7 7 3 61 6 32 13 49 9 37 1 73 2 95 11 23 10 49 
4 82 8 56 9 64 0 74 5 36 3 20 13 78 6 97 12 28 1 66 14 64 10 42 7 98 11 47 2 77 
11 80 10 6 1 81 8 38 12 76 4 90 14 38 3 53 6 24 0 1 5 73 7 4 9 21 13 57 2 39 
7 12 12 76 10 23 13 22 6 6 0 93 2 83 11 46 5 18 9 44 4 50 8 38 14 65 3 10 1 25 
12 13 13 48 7 14 6 98 11 73 0 99 8 44 4 64 10 43 14 67 9 61 5 47 3 83 1 88 2 45 
2 78 5 19 3 37 7 82 9 38 0 41 8 35 6 23 14 14 11 97 12 99 1 83 4 5 10 56 13 27 
5 1 11 20 0 82 7 60 12 18 3 20 14 58 9 89 4 9 2 50 10 56 13 40 8 66 6 8 1 63 
2 74 7 78 13 2 9 28 5 44 0 72 1 58 3 46 10 11 14 39 4 46 12 82 6 8 8 71 11 80 
11 38 7 35 9 27 0 54 6 98 4 40 10 62 14 83 13 59 2 67 5 4 3 90 1 57 12 83 8 58 
0 69 6 25 11 30 9 80 3 5 10 85 12 96 13 76 5 76 7 45 14 38 4 4 8 99 1 98 2 74 
7 51 10 76 5 83 14 70 0 56 8 36 6 76 9 79 12 46 11 9 13 52 4 33 1 63 3 50 2 61 
8 29 14 50 5 47 12 92 9 14 13 30 6 28 1 41 2 43 0 53 10 13 7 92 4 44 3 34 11 63 
9 99 6 83 11 15 2 46 1 12 14 11 4 34 10 41 3 80 13 26 12 26 8 10 0 77 5 93 7 42 
10 40 2 25 6 11 14 78 7 73 9 71 11 33 12 88 4 70 13 43 3 12 5 81 1 83 8 76 0 60 
6 70 13 84 1 12 9 88 14 39 10 55 12 45 0 32 11 2 2 26 5 46 8 27 3 82 4 38 7 10 
3 24 9 49 11 64 5 69 13 49 7 8 2 9 0 83 8 58 6 86 12 45 4 55 10 31 14 45 1 41 
13 44 4 73 1 45 5 45 11 95 12 38 7 61 8 62 6 57 14 32 9 1 0 68 2 53 3 45 10 50 
6 26 0 19 12 57 13 67 4 64 11 43 5 59 8 42 3 17 9 48 7 67 1 38 2 3 10 99 14 50 
4 84 9 37 1 41 8 6 7 55 2 2 11 35 3 22 12 37 6 89 5 84 14 94 0 80 13 11 10 52 
5 24 10 26 0 33 11 95 7 73 8 50 1 20 9 20 2 93 12 16 6 8 13 34 4 37 14 78 3 97 
14 53 13 89 5 9 4 23 2 13 7 11 9 81 11 37 1 23 8 40 0 82 10 25 6 13 3 9 12 14 
1 43 11 64 12 33 9 8 8 42 7 8 0 58 5 55 14 47 2 80 13 10 6 78 10 21 4 47 3 31 
1 91 8 81 5 97 10 21 14 95 13 80 7 43 2 66 6 36 12 47 11 16 0 61 4 36 9 34 3 97 
13 56 0 17 9 17 10 28 12 60 8 43 1 64 2 36 11 92 7 45 4 77 14 56 3 59 5 78 6 71 
6 69 14 73 2 49 13 35 4 45 0 86 10 46 7 70 12 11 11 85 9 65 5 21 8 65 1 89 3 99 
9 84 7 90 11 29 8 7 0 11 1 20 3 55 4 59 10 12 14 81 13 56 12 27 5 75 6 38 2 93 
1 64 12 88 4 57 5 2 2 78 8 27 7 87 6 33 9 80 14 53 0 69 11 47 13 35 3 22 10 6 
8 24 10 61 2 38 11 45 13 97 1 61 9 59 0 24 5 77 4 39 12 14 14 77 3 87 6 41 7 32 
1 23 9 76 2 54 6 16 11 59 8 16 4 34 10 62 12 94 13 26 0 18 14 26 5 84 7 70 3 14 
1 17 0 55 7 89 13 69 8 64 3 17 4 82 2 17 5 44 9 97 11 66 12 70 6 33 14 17 10 32 
5 69 10 36 13 31 12 82 1 60 3 46 2 29 11 13 14 55 7 61 9 39 8 96 0 29 6 32 4 26 
8 12 7 76 4 37 14 27 10 67 6 73 12 25 9 72 2 81 3 9 1 51 13 74 0 98 11 55 5 14 
0 77 3 89 11 90 4 28 14 10 6 22 10 66 1 59 2 65 5 69 8 92 12 90 9 59 13 69 7 90 
9 4 11 83 10 6 12 72 1 30 8 6 7 29 14 73 3 41 6 13 4 30 0 80 5 93 13 26 2 62 
7 36 13 66 9 23 8 13 4 4 14 65 0 59 6 65 5 96 10 75 12 7 3 50 11 99 2 9 1 51 
2 27 11 71 13 98 3 94 6 37 5 54 7 68 14 8 9 13 1 17 4 99 0 63 12 82 8 19 10 54 
0 31 8 62 7 44 14 91 10 26 1 36 12 55 13 60 11 3 3 42 9 94 4 10 6 16 2 54 5 71 
1 61 13 36 14 88 4 64 0 77 11 46 12 61 3 65 8 25 7 46 5 20 2 25 10 15 6 83 9 70 
2 27 1 45 0 59 5 53 6 43 10 54 13 84 4 17 8 22 14 20 9 74 3 96 12 51 11 52 7 41 
11 87 5 50 7 83 2 69 8 59 14 45 12 15 0 8 13 12 1 10 9 81 3 5 4 4 10 62 6 18 
1 86 3 42 12 94 14 10 6 3 4 38 11 40 8 4 5 78 7 80 13 5 9 1 2 84 0 42 10 21 
11 36 0 72 8 58 6 3 10 40 12 27 3 70 7 31 14 27 1 81 2 20 9 71 5 4 13 50 4 40 
3 68 14 47 1 76 7 23 0 22 5 49 4 94 12 1 13 84 6 1 10 5 9 44 8 53 11 75 2 34 
4 57 3 30 12 44 11 22 10 47 6 50 9 68 13 36 2 57 0 86 1 49 8 50 5 9 14 11 7 6 
9 36 10 3 0 31 2 72 4 79 8 93 11 38 3 88 1 4 5 51 14 75 13 49 6 67 7 67 12 21 
10 60 1 71 14 14 11 28 4 12 3 6 6 22 7 65 9 10 2 42 12 13 8 67 0 28 13 23 5 40 
9 52 5 58 3 15 2 99 7 12 6 82 12 29 13 31 14 76 1 13 8 56 4 33 10 6 11 68 0 20 
1 80 4 12 14 64 11 47 2 8 9 28 5 8 13 30 6 31 3 87 10 32 0 35 7 55 8 85 12 58 
6 39 12 14 14 24 9 43 4 56 5 99 1 22 11 84 10 6 2 65 13 41 7 57 0 5 3 95 8 11 
12 99 8 47 5 50 11 92 13 91 14 81 9 58 7 35 3 53 2 52 6 54 4 34 0 36 1 77 10 47 
13 28 12 39 1 1 11 83 2 90 5 9 9 38 0 18 6 63 3 45 10 23 7 32 4 60 8 12 14 37 
6 11 9 36 3 46 11 19 7 62 8 37 13 58 10 55 4 82 14 4 0 69 2 60 1 24 12 81 5 15 
11 68 14 56 13 29 12 76 8 62 7 82 10 73 2 24 1 2 3 95 6 22 9 54 4 42 0 29 5 4 
1 53 0 77 14 3 5 31 9 38 13 19 12 47 7 43 2 53 3 19 8 86 11 77 4 58 6 22 10 68 
14 91 10 78 1 20 13 28 6 88 2 7 4 46 7 90 9 32 8 93 11 54 5 94 12 26 3 2 0 93 
7 24 10 82 12 18 11 17 5 22 13 52 0 73 3 93 6 6 9 99 1 4 14 6 2 25 8 50 4 75 
3 68 12 59 6 6 0 75 4 73 9 35 2 9 14 10 10 42 1 17 8 56 7 9 11 52 5 71 13 29 
4 45 14 22 10 4 0 35 11 51 9 10 8 40 13 31 2 70 3 84 5 95 6 85 1 60 7 50 12 73 
0 71 5 47 10 16 12 17 14 81 4 43 9 71 8 56 1 14 3 78 11 57 6 38 7 16 2 31 13 77 
12 3 3 6 9 54 6 40 4 10 7 12 14 47 0 26 1 71 13 16 11 58 2 34 8 18 10 41 5 5 
14 49 3 48 12 38 11 66 0 96 5 13 2 49 6 84 13 31 10 13 7 8 1 15 9 33 4 54 8 57 
5 91 2 30 8 71 4 90 14 1 3 56 1 57 6 82 10 98 9 63 11 26 0 7 7 51 13 27 12 72 
0 23 9 22 6 22 12 55 13 85 11 4 7 34 8 50 5 56 10 26 4 82 2 72 3 47 1 53 14 47 
13 55 9 34 8 81 14 35 7 92 10 1 3 90 6 38 5 7 0 28 4 25 11 93 2 63 1 72 12 70 
9 15 0 73 10 82 8 95 5 35 14 5 13 51 7 26 2 96 1 99 12 42 11 19 4 36 6 51 3 90 
13 42 4 72 7 48 11 30 14 47 2 72 6 63 10 71 3 54 0 36 12 40 5 75 1 81 8 72 9 22 
11 18 10 64 5 18 2 80 4 48 3 6 1 1 0 85 6 19 9 28 14 66 7 50 8 92 12 17 13 37 
7 9 11 63 12 93 10 79 8 78 4 54 0 66 3 69 2 39 1 17 14 86 6 76 5 99 13 40 9 71 
5 45 6 75 11 70 2 52 3 90 7 34 0 81 9 19 10 2 12 41 8 20 1 81 13 23 4 43 14 38 
5 67 3 16 10 26 4 88 9 3 8 43 7 19 6 40 0 48 11 91 13 8 2 22 1 45 12 71 14 61 
6 59 0 3 9 38 14 58 7 72 13 49 8 59 12 47 11 51 1 63 10 32 5 53 4 34 3 71 2 21 
11 73 6 22 9 84 1 11 3 37 8 58 14 7 13 42 4 7 7 49 12 24 5 28 10 29 2 50 0 53 
0 84 7 72 4 87 12 86 14 99 2 60 13 25 8 40 5 98 10 38 3 36 1 47 6 43 9 38 11 94 
6 47 14 67 1 74 8 26 12 9 4 30 9 65 11 70 5 44 7 51 2 3 10 54 3 29 0 36 13 17 
3 32 2 74 8 18 14 69 9 91 10 36 1 74 12 17 4 85 0 18 7 84 6 8 13 41 11 32 5 72 
13 87 1 49 10 76 4 38 11 25 12 22 5 4 8 90 14 62 9 47 2 13 3 77 0 6 7 20 6 51 
5 96 3 63 7 91 6 97 9 32 8 36 12 19 11 35 4 36 10 29 14 79 13 77 0 11 2 34 1 46 
11 55 2 16 9 45 4 35 13 59 10 3 12 93 0 27 8 33 6 51 14 41 1 53 7 73 5 31 3 73 
1 9 5 99 2 67 12 95 9 74 8 71 14 35 0 12 10 80 7 97 6 47 4 9 13 80 11 19 3 45 
1 38 9 3 4 68 6 10 8 78 5 63 2 35 7 37 11 14 10 62 13 98 14 98 12 73 0 1 3 51 
