150 15 
6 42 12 50 10 55 1 2 3 77 9 66 13 59 14 70 4 30 11 35 0 8 8 84 2 21 5 49 7 56 
3 84 13 64 7 44 1 98 0 58 9 90 12 4 11 71 5 7 6 94 10 14 8 91 2 66 4 7 14 76 
3 54 5 32 14 53 10 93 9 23 4 67 13 39 12 93 6 2 11 68 7 84 0 86 8 8 1 36 2 88 
4 38 9 69 0 84 11 52 12 64 6 10 3 72 10 49 8 9 5 90 2 50 1 7 13 1 14 36 7 69 
1 47 12 29 2 59 4 52 7 9 5 60 10 32 8 48 3 23 14 92 11 83 6 58 0 41 9 1 13 18 
6 61 0 99 11 8 1 3 7 85 5 10 8 39 13 82 12 80 3 55 2 26 9 26 4 11 14 61 10 91 
2 33 13 94 9 10 3 71 11 52 0 63 1 20 6 24 10 20 4 41 7 81 5 85 12 66 14 34 8 60 
12 3 6 82 3 85 1 64 0 68 9 44 5 3 11 71 7 41 2 41 10 19 8 61 14 68 13 36 4 93 
10 18 5 73 3 55 4 18 13 8 9 37 2 53 7 17 6 3 0 31 14 79 1 24 12 76 8 98 11 25 
5 56 14 50 1 35 13 43 7 20 2 32 6 25 11 71 12 4 9 61 8 22 4 82 10 73 0 35 3 8 
7 39 2 41 5 27 3 67 4 5 10 5 11 58 13 53 8 92 9 19 1 11 14 52 0 14 6 93 12 13 
5 49 12 79 13 40 8 99 10 77 2 46 7 80 11 16 14 93 9 47 3 3 0 86 1 69 6 57 4 38 
2 71 11 44 12 70 9 57 0 26 8 13 4 48 3 77 6 13 14 90 13 89 5 18 7 79 1 77 10 98 
1 93 13 94 14 98 4 22 0 65 10 96 2 99 5 74 7 92 6 9 11 98 3 87 12 60 9 78 8 61 
9 66 8 61 12 14 0 26 10 72 6 13 3 67 4 55 11 94 7 45 2 39 14 19 5 95 1 69 13 18 
2 70 13 28 7 49 4 69 3 46 1 62 9 88 6 22 12 94 5 99 0 40 14 51 8 95 10 2 11 41 
4 61 14 9 10 94 2 93 13 54 9 54 6 81 5 19 8 99 1 8 7 12 0 86 11 18 3 18 12 79 
10 15 2 31 9 60 5 57 0 23 3 19 7 81 14 52 6 89 1 45 4 8 11 71 13 39 12 75 8 59 
1 66 4 6 2 94 5 66 14 97 8 10 11 69 12 36 10 29 6 97 0 8 3 80 7 24 9 50 13 21 
0 52 13 19 10 79 14 70 7 95 5 46 11 45 2 96 3 25 12 77 1 27 9 24 4 84 6 11 8 49 
14 90 0 31 8 67 6 49 10 95 9 65 4 47 2 33 7 38 12 21 3 65 5 67 11 88 13 77 1 48 
12 34 8 58 14 23 13 49 6 6 0 44 7 70 9 1 1 48 10 55 11 75 5 71 2 15 3 32 4 29 
6 78 7 63 9 50 2 34 4 38 10 24 12 70 3 12 8 95 0 31 14 9 11 52 5 10 13 63 1 6 
0 83 11 18 2 5 10 21 4 9 1 65 7 97 14 31 5 99 12 3 6 46 13 78 3 20 9 39 8 79 
5 36 8 73 14 32 10 87 4 27 11 16 0 76 13 20 1 62 9 27 3 43 6 79 12 47 7 21 2 82 
7 19 4 35 11 13 14 97 2 38 8 36 9 33 3 58 10 57 5 11 0 15 12 26 6 40 1 31 13 37 
7 73 12 72 9 73 11 50 0 67 8 25 14 31 10 18 13 59 4 53 5 12 3 80 2 8 6 98 1 88 
5 15 12 53 11 93 9 82 14 69 8 7 1 52 13 24 6 63 10 92 0 77 2 24 7 94 3 90 4 33 
2 1 1 91 3 91 9 98 11 80 4 88 8 39 7 37 13 25 10 96 5 56 6 81 12 69 0 59 14 24 
1 49 11 85 0 62 9 55 7 34 12 10 5 64 14 20 6 26 3 35 13 61 2 88 8 14 4 73 10 82 
11 44 6 67 9 95 10 81 3 97 2 88 7 50 5 38 4 37 13 44 8 3 1 99 14 8 0 96 12 65 
11 97 7 20 8 17 9 86 6 31 4 55 12 57 3 88 0 56 14 7 10 97 1 61 5 24 2 12 13 47 
10 16 5 84 12 60 0 73 9 28 6 16 13 22 8 84 11 6 1 58 2 80 7 98 4 94 3 9 14 40 
12 1 4 35 1 95 10 80 13 40 3 89 6 21 11 15 0 41 2 51 5 62 8 96 9 40 14 58 7 3 
11 56 10 87 6 15 1 74 12 28 2 18 5 71 13 21 3 90 0 18 14 43 9 24 7 50 4 81 8 15 
1 19 13 97 7 47 0 48 5 78 14 12 8 7 3 85 11 68 6 63 12 71 2 49 4 37 9 56 10 8 
13 51 4 87 8 84 10 73 9 88 0 9 2 2 5 93 14 37 7 68 1 48 11 69 6 64 3 49 12 95 
6 19 2 58 10 69 9 54 11 9 13 73 7 38 8 52 1 68 12 18 5 52 4 46 14 46 3 6 0 13 
5 74 0 33 11 17 12 97 13 9 6 2 9 63 7 49 14 38 8 59 10 48 1 29 2 57 3 25 4 46 
10 73 11 74 4 99 6 52 1 80 12 30 14 50 5 91 9 3 8 39 13 63 3 78 0 61 2 95 7 83 
8 56 13 29 6 93 5 96 7 11 3 38 2 73 1 50 9 60 10 23 14 54 0 91 4 93 12 48 11 15 
12 41 1 36 8 84 14 84 4 45 2 77 13 68 6 11 7 78 5 82 3 59 10 61 11 87 9 68 0 8 
6 18 12 94 10 28 3 16 11 9 14 80 8 32 7 5 5 19 9 82 4 8 0 94 13 61 2 38 1 83 
9 43 13 23 7 23 2 19 1 67 8 82 12 17 5 9 11 59 0 95 6 77 3 33 14 18 10 89 4 27 
8 72 4 28 9 91 11 72 0 26 5 46 7 68 10 64 1 64 3 55 6 47 14 55 13 95 2 61 12 26 
7 2 8 5 10 70 5 62 3 97 0 30 1 43 14 63 11 24 6 56 9 40 2 82 12 89 4 26 13 41 
5 2 14 94 10 63 7 38 9 76 11 81 4 31 2 41 8 81 6 65 3 70 12 65 1 13 0 47 13 1 
6 36 4 68 1 29 8 94 5 66 14 84 11 77 12 80 10 41 0 19 9 25 2 18 13 58 7 2 3 97 
6 5 1 6 13 38 5 24 8 84 4 93 7 33 10 55 0 82 11 27 2 33 3 68 12 9 9 1 14 1 
13 95 3 22 9 57 2 66 6 51 8 20 12 50 0 17 11 72 7 87 1 67 5 41 10 21 4 26 14 21 
3 66 8 74 7 59 4 54 9 99 12 96 14 49 10 11 11 28 1 40 0 1 6 57 5 71 2 75 13 33 
4 53 8 4 14 39 13 91 10 49 1 42 2 25 6 98 3 47 9 52 12 8 7 33 5 4 11 80 0 19 
13 38 11 6 9 54 0 91 6 84 1 50 10 7 12 4 5 58 8 71 14 60 7 6 4 42 2 20 3 25 
10 74 8 24 1 30 5 52 0 14 4 82 14 58 2 33 13 82 12 20 9 70 3 62 7 54 6 1 11 47 
4 61 6 14 12 56 11 8 5 46 0 12 14 10 1 4 10 42 3 53 7 78 8 12 13 86 2 98 9 92 
6 21 10 14 4 77 8 61 11 44 2 53 13 26 1 93 9 73 0 39 7 30 5 67 14 7 3 13 12 53 
9 57 5 98 13 74 14 89 1 21 6 33 11 53 4 19 10 28 8 3 3 45 7 91 0 38 12 14 2 96 
12 74 7 12 9 95 6 37 3 56 1 44 8 28 4 52 11 20 10 83 5 77 13 40 2 49 0 78 14 16 
10 80 6 28 13 19 5 21 14 39 11 56 2 26 12 91 8 64 9 82 7 28 1 20 3 38 0 28 4 52 
5 71 4 87 8 26 11 25 13 83 9 11 2 20 10 77 12 24 6 59 0 5 1 78 3 58 7 9 14 38 
13 45 4 71 14 53 2 81 9 19 12 79 3 66 11 49 8 45 5 47 0 13 7 24 10 97 1 21 6 83 
12 20 4 1 3 32 7 20 13 8 2 86 11 81 1 28 14 72 5 4 6 14 0 80 10 74 9 71 8 90 
0 32 4 98 12 99 10 32 8 9 7 11 14 73 1 57 13 16 6 52 2 21 9 98 5 57 11 50 3 15 
2 34 13 54 9 24 10 46 14 46 3 19 0 11 6 20 7 53 1 65 5 51 8 74 12 92 4 50 11 98 
2 73 10 53 8 8 4 11 3 16 1 70 11 14 14 15 6 24 7 28 9 97 12 6 13 33 5 26 0 46 
9 23 10 56 14 60 12 77 7 63 4 89 8 60 2 22 13 97 1 69 0 64 5 78 3 60 6 57 11 33 
0 96 11 74 10 70 14 24 7 67 12 15 13 97 9 79 1 30 8 95 6 14 5 53 3 99 4 57 2 19 
11 27 4 26 7 13 5 2 2 19 13 43 6 78 12 64 9 60 3 71 0 47 10 75 14 51 8 52 1 39 
0 94 7 95 9 38 3 75 5 46 4 52 12 72 11 81 14 19 10 38 2 14 13 8 6 90 8 4 1 51 
13 14 9 67 12 90 11 17 0 51 3 96 7 31 1 21 6 82 2 81 8 27 4 44 14 91 10 34 5 57 
5 51 0 83 13 56 10 25 9 8 4 45 1 87 8 35 6 66 2 97 14 29 12 2 11 7 3 96 7 30 
10 61 8 40 6 51 1 56 7 88 4 46 13 1 14 94 5 32 9 58 3 78 0 13 2 35 12 45 11 91 
14 69 13 75 3 44 12 3 1 75 7 97 5 57 9 83 11 33 10 87 2 60 0 73 8 13 6 65 4 62 
1 77 14 25 12 44 9 91 13 86 10 7 3 47 5 71 7 29 11 88 4 21 8 30 0 99 2 80 6 53 
4 91 10 87 5 56 0 82 6 79 13 54 7 98 3 75 9 90 2 68 1 26 11 82 12 81 8 41 14 37 
11 77 3 92 13 87 5 84 7 9 4 6 0 70 1 25 12 53 6 73 8 43 2 14 9 97 14 26 10 35 
11 23 7 75 0 63 8 10 3 35 9 58 6 19 5 41 4 33 2 19 1 93 13 91 12 2 14 47 10 71 
14 49 4 93 12 4 11 5 9 99 6 93 3 66 0 13 13 30 5 99 1 48 2 39 10 55 7 24 8 81 
3 62 1 83 2 5 5 10 7 96 13 80 12 6 14 74 8 19 4 97 9 82 0 10 10 33 11 60 6 48 
6 45 4 20 13 57 8 75 12 51 11 46 7 57 5 22 3 78 10 1 0 97 2 50 14 2 9 20 1 51 
14 18 2 34 5 97 8 38 12 83 10 35 11 63 9 31 3 73 13 57 1 19 6 14 4 21 0 86 7 22 
4 89 5 8 9 50 13 49 2 21 10 68 6 74 3 67 14 93 1 95 7 62 0 21 8 42 12 25 11 57 
3 88 12 96 7 61 5 49 13 78 14 48 1 9 2 35 10 52 6 90 9 25 8 42 0 46 4 45 11 82 
14 85 11 24 2 52 10 10 1 10 9 61 5 35 13 30 6 68 7 24 0 20 12 32 3 45 4 50 8 72 
13 46 7 77 3 51 12 98 5 79 1 89 11 43 10 21 14 34 6 31 9 13 0 4 2 65 8 3 4 16 
6 66 13 9 5 93 1 1 11 2 8 38 3 53 4 2 9 45 7 93 10 47 0 63 14 53 2 5 12 94 
12 63 4 57 6 31 3 58 13 97 2 54 11 29 9 14 0 20 8 32 5 54 10 23 7 87 14 14 1 46 
11 56 0 85 1 58 9 83 4 29 14 16 2 76 7 99 3 54 12 29 5 88 8 14 6 97 13 11 10 49 
3 16 9 62 5 54 14 19 13 20 0 8 6 83 10 58 1 74 8 70 11 87 2 66 7 21 4 89 12 93 
8 83 9 18 0 43 5 47 10 23 1 22 4 83 12 77 11 48 3 42 14 87 6 39 2 81 13 23 7 48 
5 56 4 58 9 98 11 34 12 68 7 67 2 72 6 75 3 21 10 21 1 15 14 75 13 1 8 47 0 99 
8 41 7 50 0 34 10 82 5 50 12 29 1 58 2 66 6 62 11 59 13 56 4 23 9 42 3 2 14 10 
1 83 2 72 9 28 6 1 5 30 4 72 11 66 14 43 3 77 12 30 10 63 0 28 7 79 13 12 8 99 
11 64 3 50 13 71 14 93 2 35 10 60 1 59 5 60 7 82 12 50 6 77 9 53 8 69 0 19 4 37 
5 15 0 84 1 57 12 23 4 29 10 37 7 51 11 26 3 87 8 15 13 30 6 91 14 33 9 90 2 50 
11 37 4 91 5 62 2 15 10 7 8 29 14 48 0 8 12 90 1 28 13 45 9 63 7 34 6 71 3 80 
12 22 6 75 3 98 14 68 7 95 0 71 13 43 1 4 2 79 11 53 5 18 9 19 8 96 4 60 10 48 
6 63 2 48 13 70 5 74 11 68 9 46 4 60 7 29 3 22 10 78 1 95 0 18 8 12 14 42 12 30 
1 90 14 48 4 34 11 5 3 62 2 68 6 48 5 9 7 2 12 8 13 12 8 58 9 25 0 25 10 20 
8 16 7 23 5 62 14 19 0 27 1 95 6 35 2 93 13 45 10 74 9 63 11 92 3 77 4 4 12 89 
4 42 8 24 0 66 1 82 6 30 12 17 5 89 13 14 9 13 10 62 2 8 14 52 3 44 7 83 11 39 
13 8 1 79 7 52 0 75 9 41 6 84 5 45 14 56 8 69 11 23 4 27 12 20 10 33 2 64 3 13 
6 77 8 97 14 51 2 58 4 26 5 34 13 92 12 23 3 60 1 80 11 51 10 10 9 38 7 40 0 63 
3 92 5 39 0 54 11 71 8 65 10 69 6 71 12 43 13 34 2 8 9 50 7 4 1 89 4 56 14 57 
2 33 3 74 8 94 1 39 14 85 9 28 7 57 10 21 12 32 4 46 11 7 5 89 0 53 6 93 13 90 
13 63 10 50 12 5 8 30 2 35 3 91 11 25 5 72 9 92 14 60 0 27 4 63 6 19 7 69 1 97 
11 51 1 15 10 79 3 75 7 42 8 7 4 90 5 86 13 2 0 71 9 35 2 48 14 82 6 91 12 82 
3 28 2 18 7 84 12 35 1 36 14 66 10 56 0 5 9 26 8 76 4 77 11 50 13 92 5 11 6 89 
12 35 13 94 3 98 5 56 11 31 9 69 6 47 0 61 7 39 8 29 10 81 14 79 4 15 1 5 2 31 
4 60 5 66 10 21 11 26 14 79 2 81 6 52 8 62 1 90 13 86 3 75 9 25 0 70 7 83 12 94 
11 21 3 81 13 16 7 49 8 34 14 22 2 49 12 80 0 34 9 14 5 33 4 9 10 42 6 49 1 25 
11 95 0 26 10 92 12 7 8 54 5 36 14 89 9 84 1 29 4 35 7 35 6 86 2 17 3 72 13 66 
7 53 11 58 6 92 0 52 14 76 10 97 5 28 12 38 4 96 9 2 8 39 3 89 1 76 2 58 13 42 
6 77 11 42 2 59 9 71 7 4 5 94 0 3 3 34 1 57 14 40 8 43 10 14 12 25 13 64 4 15 
11 79 5 10 10 93 7 19 3 56 9 32 4 70 1 76 0 57 8 20 6 60 2 52 13 72 14 71 12 42 
8 75 12 13 0 81 5 19 6 14 4 96 3 21 7 56 14 1 10 16 11 73 9 39 1 38 2 38 13 25 
12 63 8 42 13 61 7 72 4 71 6 12 2 28 1 38 5 12 9 67 11 31 3 56 10 65 14 83 0 44 
9 31 0 39 3 96 1 9 4 32 10 33 5 45 14 69 6 78 8 1 2 75 12 64 11 40 13 50 7 4 
13 76 3 86 6 19 10 4 9 34 5 99 14 67 0 76 4 9 8 77 12 2 2 37 11 21 7 60 1 97 
3 65 8 63 1 1 9 12 5 90 13 18 12 80 11 98 7 11 6 66 0 5 4 26 2 8 10 52 14 78 
8 9 0 61 12 64 7 53 6 43 2 98 1 50 10 4 14 61 5 72 13 14 3 25 11 64 4 49 9 65 
0 86 2 65 9 81 1 6 8 2 14 87 5 35 6 54 4 93 13 37 10 91 3 12 11 84 7 89 12 20 
1 29 11 64 6 26 12 33 14 92 8 85 9 87 13 47 0 90 4 72 3 7 2 36 5 77 7 17 10 12 
13 97 12 46 1 21 10 66 6 69 14 64 7 67 4 35 8 11 11 23 2 91 9 48 3 38 5 87 0 36 
7 9 13 82 14 41 1 87 12 77 10 74 4 18 0 40 2 47 6 36 3 82 8 13 9 11 5 63 11 79 
8 18 13 99 5 23 1 90 14 77 0 34 4 36 2 32 10 73 9 51 6 56 7 23 11 73 12 48 3 65 
7 10 13 89 5 38 8 42 2 12 12 24 3 57 4 70 1 57 6 50 14 84 0 18 11 38 10 7 9 81 
9 47 12 73 7 91 2 38 4 62 8 81 14 59 11 28 10 83 6 42 1 56 0 55 5 90 3 40 13 35 
5 22 12 99 14 46 8 64 2 71 10 65 3 92 9 9 0 7 4 11 1 93 11 94 7 46 13 38 6 33 
3 64 8 37 6 9 2 55 4 15 7 9 14 56 0 56 11 89 13 31 1 15 9 72 10 78 5 19 12 26 
2 2 6 62 14 77 5 37 7 12 12 72 0 56 9 47 3 83 4 94 10 20 1 80 8 54 13 9 11 79 
12 33 3 48 9 21 4 56 10 19 6 57 5 3 11 3 7 24 0 52 13 93 14 65 2 69 1 47 8 12 
4 70 11 55 12 80 13 2 1 10 10 1 8 37 6 3 14 90 2 60 9 45 0 75 3 24 5 61 7 23 
5 51 13 38 0 24 11 91 9 10 7 99 6 51 4 81 12 89 8 76 10 38 3 30 1 90 2 31 14 82 
2 32 12 83 1 66 10 18 3 75 7 43 0 48 13 22 5 27 6 75 11 18 8 11 4 38 14 67 9 65 
3 70 13 96 6 87 2 37 7 50 1 26 14 25 8 8 12 34 10 28 5 42 0 13 9 9 11 64 4 89 
11 75 7 66 5 3 6 58 9 81 4 8 2 74 10 12 1 49 13 49 14 22 0 15 3 90 12 64 8 8 
13 6 2 88 6 46 14 20 4 16 0 6 10 75 1 58 8 55 9 18 12 71 5 85 7 98 3 83 11 28 
8 69 0 40 13 75 10 19 11 45 4 69 5 96 6 19 2 67 12 77 3 51 1 20 14 58 9 41 7 97 
6 21 5 14 9 27 12 40 3 85 11 27 10 80 0 95 14 69 4 47 2 41 7 71 1 83 13 10 8 50 
4 34 2 26 14 61 8 91 12 10 7 12 1 96 0 70 6 8 13 72 11 82 3 13 9 58 10 40 5 12 
8 71 7 81 1 21 3 21 12 73 11 39 13 39 6 36 4 13 5 27 0 68 14 35 10 77 2 64 9 99 
6 72 1 39 3 38 7 14 2 72 10 31 12 40 8 85 13 5 9 5 0 74 5 8 14 86 11 91 4 67 
11 82 2 31 10 48 8 2 3 12 0 41 14 66 6 4 9 60 4 48 5 49 1 88 13 24 7 60 12 65 
6 61 5 87 14 41 10 34 3 1 2 83 9 8 11 84 13 74 8 17 4 70 7 23 0 49 12 59 1 43 
11 84 7 77 10 65 4 54 0 42 2 41 14 43 3 89 1 13 13 56 12 58 8 59 9 9 6 18 5 6 
5 7 1 7 7 98 2 11 10 78 13 99 8 10 0 49 14 61 12 37 6 74 4 26 3 80 11 30 9 63 
10 2 5 65 4 23 7 63 11 90 2 61 0 98 8 24 6 72 12 85 9 89 13 50 3 81 1 40 14 85 
12 21 5 83 6 16 3 74 14 82 7 88 9 34 8 25 1 85 2 89 0 86 10 43 13 76 4 75 11 91 
6 70 14 18 5 87 0 30 11 47 4 96 9 91 8 28 10 2 7 89 3 92 12 9 13 59 1 21 2 28 
