150 15 
6 66 8 70 5 33 10 37 7 59 13 47 4 24 0 49 2 60 3 95 12 50 1 32 9 18 11 10 14 57 
5 72 0 77 4 88 11 80 1 28 12 96 7 18 9 68 8 86 6 37 10 73 14 49 2 34 13 45 3 26 
1 43 5 23 6 99 0 2 10 68 12 63 9 49 13 23 14 39 4 36 2 72 11 15 3 43 7 78 8 43 
7 2 9 87 0 58 6 65 5 55 4 8 8 70 1 29 3 82 11 36 2 25 12 41 10 13 13 59 14 47 
8 87 9 22 5 84 14 33 10 82 3 44 7 66 2 62 12 96 0 36 4 73 1 12 6 92 13 56 11 83 
9 86 0 7 10 65 5 97 8 37 12 35 4 45 1 43 14 40 2 47 7 49 13 85 3 82 6 22 11 60 
11 20 12 89 13 17 10 3 6 19 5 39 2 77 14 72 0 89 9 1 8 77 1 19 3 79 4 99 7 81 
13 12 5 88 10 12 0 5 11 72 1 95 2 85 7 60 12 35 8 75 14 15 4 4 3 5 6 27 9 63 
2 62 12 10 11 6 9 81 14 81 1 96 10 98 6 82 4 58 5 6 13 86 8 35 0 83 7 90 3 84 
10 79 2 40 1 69 4 87 5 18 6 2 8 93 12 26 7 52 0 29 9 67 3 82 14 55 13 39 11 9 
2 31 6 45 0 18 11 14 3 94 7 20 10 89 8 86 14 70 9 76 12 2 13 64 4 18 1 9 5 5 
3 11 7 48 10 28 12 22 1 28 2 96 13 81 9 19 0 50 8 13 11 70 6 85 14 5 5 38 4 21 
6 17 7 96 13 9 10 33 8 4 9 4 4 84 0 88 14 89 1 99 11 24 2 6 5 20 3 63 12 41 
3 70 12 28 1 37 6 38 9 1 7 37 8 98 4 27 0 30 13 27 10 5 11 51 2 46 5 6 14 60 
3 78 6 10 0 43 14 99 9 40 12 89 8 81 1 57 10 97 2 15 4 66 13 19 5 6 7 27 11 25 
6 43 2 58 0 7 1 20 10 94 3 78 7 34 9 49 12 9 4 12 13 79 5 43 8 52 11 97 14 29 
2 51 5 31 3 67 1 67 9 17 0 3 6 39 11 45 12 4 4 40 14 64 10 23 7 94 8 15 13 98 
14 55 0 40 13 26 2 47 9 12 6 36 10 38 4 4 1 94 5 5 3 10 8 6 7 96 11 64 12 49 
1 65 6 77 11 3 9 74 12 20 5 15 7 29 10 10 8 19 2 5 3 10 14 34 4 57 0 16 13 5 
2 86 0 99 4 96 9 92 11 65 14 36 1 48 8 32 12 76 10 85 3 19 6 1 7 97 5 78 13 58 
6 22 8 23 10 59 3 62 7 60 14 40 0 42 2 52 4 81 5 96 13 53 12 83 1 98 11 37 9 11 
14 5 7 23 5 98 13 2 12 73 9 64 11 61 6 62 10 66 8 27 0 10 4 14 3 82 1 44 2 37 
11 89 0 29 14 61 7 54 10 45 3 73 12 72 13 49 8 80 1 35 5 78 6 15 2 91 9 44 4 26 
0 64 11 56 1 71 9 66 5 94 12 26 14 54 8 28 6 91 4 68 2 57 10 92 3 87 13 63 7 79 
9 58 11 12 13 28 12 80 4 74 10 6 5 16 8 52 7 68 1 35 3 41 2 99 6 1 14 5 0 98 
14 61 6 87 9 61 10 52 0 90 11 15 2 90 8 26 5 94 4 55 12 75 7 24 3 76 1 10 13 53 
9 29 3 36 2 93 6 76 13 45 7 9 1 15 12 53 11 96 5 12 8 75 4 73 10 63 0 15 14 20 
1 41 6 51 12 93 10 48 5 6 8 97 3 98 7 98 4 12 0 96 13 87 14 19 2 42 9 43 11 55 
5 3 6 72 7 19 12 20 8 64 1 3 4 86 11 90 10 50 9 58 14 72 0 23 3 62 13 72 2 54 
6 74 0 51 12 31 14 72 7 56 4 62 9 7 5 79 10 72 13 62 11 39 8 11 1 19 2 82 3 3 
1 62 4 55 2 50 5 9 6 10 14 85 3 18 7 96 12 50 11 31 8 49 13 91 0 3 10 15 9 23 
5 66 7 87 2 72 14 57 3 95 6 52 10 51 13 67 12 9 9 18 8 6 0 51 4 40 1 82 11 29 
7 19 13 31 2 15 4 91 8 93 1 37 11 17 10 11 0 73 3 31 9 83 14 89 6 37 12 8 5 91 
5 90 0 52 10 15 6 85 14 21 11 91 8 46 3 55 2 55 7 42 4 7 12 15 1 43 13 99 9 33 
0 37 11 43 2 71 4 67 8 5 6 87 9 46 3 27 5 91 14 44 12 19 10 29 13 14 1 56 7 80 
12 3 0 6 14 97 7 52 11 7 4 62 13 2 3 80 2 91 1 60 6 21 5 17 8 69 9 70 10 22 
3 1 7 85 11 23 5 88 9 62 8 83 10 48 14 70 13 50 6 96 1 2 0 91 4 87 2 28 12 22 
1 45 13 96 4 10 5 91 9 99 10 59 8 69 0 25 6 28 2 75 3 4 7 91 11 41 12 29 14 36 
11 97 8 4 9 89 0 11 6 80 1 17 14 16 4 38 7 96 2 92 12 17 10 8 3 49 5 33 13 33 
4 48 7 93 12 44 0 44 3 48 1 39 5 43 9 6 6 45 14 78 10 48 2 47 8 75 13 29 11 33 
0 16 13 97 12 39 8 39 7 91 3 14 6 97 2 30 4 97 14 79 11 32 1 2 5 63 10 14 9 6 
12 80 4 61 9 97 10 48 8 96 5 33 7 49 2 79 1 67 14 16 3 51 13 11 6 85 0 66 11 42 
11 20 2 15 10 7 14 39 9 14 13 66 5 59 3 36 1 88 8 36 0 66 6 54 12 31 7 19 4 12 
1 88 10 3 0 48 14 68 13 60 11 84 2 73 5 54 3 51 4 32 12 41 6 59 8 32 9 56 7 42 
6 79 1 78 8 64 4 23 11 24 12 82 0 55 10 81 14 40 5 64 13 76 7 92 3 43 2 72 9 46 
6 45 12 55 7 36 10 1 1 60 0 61 4 57 2 78 14 76 13 23 8 55 5 41 11 70 9 42 3 82 
6 18 2 3 3 49 4 69 8 95 11 64 1 18 12 36 13 48 5 35 10 99 9 15 14 38 0 38 7 21 
0 23 12 11 10 61 1 26 2 58 5 55 14 24 6 20 7 68 11 93 8 73 9 20 4 38 3 73 13 88 
12 2 3 29 7 36 5 31 8 26 4 61 9 64 1 80 10 49 11 96 2 91 0 13 14 51 6 39 13 29 
2 3 13 52 5 2 6 65 11 44 7 93 14 70 3 27 10 54 1 95 8 41 0 47 12 5 9 32 4 49 
3 13 1 98 11 78 2 32 10 64 4 38 8 15 0 47 6 50 9 95 12 24 13 20 5 28 14 70 7 80 
1 91 0 3 5 89 4 30 3 80 6 97 8 81 14 34 13 56 9 59 2 68 10 11 12 46 7 31 11 62 
0 72 4 93 9 40 14 77 2 84 10 69 6 89 12 13 11 44 5 98 3 58 7 63 13 34 1 66 8 37 
0 80 4 52 1 69 8 19 10 73 5 26 12 14 13 66 14 77 9 4 11 86 2 80 3 62 6 49 7 65 
11 13 6 15 12 91 14 85 0 25 13 56 2 99 4 53 7 93 5 43 8 53 10 25 3 98 9 75 1 88 
0 92 9 85 8 76 12 84 13 98 4 40 14 79 2 2 7 43 10 20 11 22 5 24 1 30 6 58 3 6 
9 65 8 90 0 73 5 66 3 72 4 61 10 32 11 67 2 64 14 60 6 26 7 71 1 96 13 51 12 51 
12 83 10 19 7 92 9 19 2 83 6 60 13 45 3 98 0 51 14 34 11 16 5 23 4 32 8 90 1 42 
10 38 12 44 11 12 8 65 4 65 9 58 14 88 7 97 0 61 13 19 1 57 5 35 2 15 3 69 6 59 
9 37 0 89 3 96 13 25 12 33 2 31 1 32 7 63 5 14 14 95 10 27 8 97 11 52 6 49 4 20 
11 18 8 25 13 63 1 89 4 63 6 17 5 96 10 72 14 47 3 7 2 53 0 14 12 9 9 22 7 98 
13 85 14 67 1 27 10 57 9 28 0 49 11 50 5 64 4 57 7 37 6 55 3 86 2 75 8 79 12 37 
12 22 3 6 10 43 2 5 4 12 7 14 9 86 0 79 11 37 1 28 14 25 13 41 6 35 5 81 8 13 
0 15 10 28 12 68 11 47 14 99 4 26 2 75 1 4 5 76 6 54 13 97 3 85 7 14 8 54 9 95 
10 88 11 41 5 83 3 18 9 37 6 21 4 54 12 97 0 6 2 39 13 36 7 89 14 32 1 94 8 60 
6 22 1 38 8 68 13 96 5 93 10 43 0 3 14 19 2 52 3 6 4 27 9 64 7 25 11 43 12 61 
14 12 1 71 12 2 2 48 4 47 13 20 7 33 5 75 3 89 11 52 8 99 9 55 0 18 6 17 10 57 
4 59 2 42 10 78 6 49 12 51 5 31 0 97 14 92 3 26 13 17 8 90 7 4 1 79 9 35 11 1 
0 32 12 44 5 20 14 24 11 22 8 16 13 26 9 49 6 80 2 38 7 54 4 85 3 5 1 82 10 20 
9 68 12 59 11 14 1 49 5 69 0 12 13 95 14 64 10 82 4 85 8 18 7 81 6 96 2 68 3 27 
8 44 5 27 7 99 12 60 3 57 0 73 13 7 14 19 11 51 6 88 1 85 10 65 2 85 4 68 9 32 
0 47 9 1 11 66 3 77 14 86 6 21 12 20 13 36 5 37 2 22 8 17 7 31 4 98 1 54 10 48 
1 71 4 98 10 46 3 65 0 52 8 40 2 98 11 57 7 45 12 88 14 95 5 27 6 29 13 85 9 25 
3 54 2 19 12 54 1 22 0 19 13 93 6 48 4 62 5 3 7 39 14 59 10 78 8 57 11 47 9 25 
1 30 10 71 9 19 2 77 7 40 3 88 14 44 6 94 12 95 5 17 4 65 13 95 8 40 11 52 0 22 
10 86 0 34 9 46 5 84 11 5 2 26 1 41 3 71 8 45 14 85 6 86 13 44 12 45 4 59 7 74 
6 71 5 13 12 38 8 7 1 21 0 66 4 62 10 38 7 15 9 59 2 73 3 64 11 93 14 50 13 32 
12 31 2 14 1 18 13 30 14 54 11 39 7 17 6 24 4 92 10 97 5 23 3 56 8 31 0 30 9 96 
9 76 8 93 7 43 12 71 3 15 10 60 11 72 13 61 6 46 14 67 2 38 0 31 1 64 5 72 4 2 
6 87 5 40 3 21 2 18 10 27 9 42 1 71 14 32 8 30 0 85 12 71 11 28 13 89 7 28 4 51 
2 19 13 43 8 29 1 35 14 20 7 3 11 17 3 53 12 41 6 45 9 20 5 4 0 91 4 69 10 48 
10 95 11 72 9 13 5 71 2 98 7 57 14 53 13 78 0 73 1 49 3 56 6 72 8 67 12 55 4 13 
12 1 7 66 1 36 11 27 13 42 8 99 0 66 2 66 4 13 5 99 6 6 3 88 10 26 9 52 14 85 
10 65 12 78 1 23 14 34 4 5 7 83 2 86 3 2 8 32 13 26 0 22 11 31 6 27 9 56 5 3 
12 25 7 25 6 10 1 14 13 50 4 20 0 95 2 1 11 29 10 88 8 85 9 66 5 45 14 67 3 11 
6 70 1 11 3 42 4 70 8 21 10 34 14 3 11 25 9 96 0 93 7 16 12 54 5 88 13 43 2 7 
3 66 10 75 4 97 12 50 5 89 1 68 0 44 9 87 6 32 8 46 13 59 7 3 11 25 14 54 2 42 
10 80 12 39 6 30 4 56 2 53 13 34 7 23 11 82 9 54 3 89 14 1 0 41 1 47 5 16 8 64 
4 18 7 97 3 68 8 68 0 82 12 53 2 73 9 35 11 71 5 22 14 3 13 97 6 55 1 83 10 52 
2 80 6 62 3 37 7 5 5 67 8 48 0 85 11 34 12 23 4 27 1 30 13 22 9 9 10 86 14 86 
12 74 14 22 10 26 6 7 5 58 7 3 8 90 11 20 4 67 13 82 1 65 2 78 3 74 9 18 0 32 
12 63 5 26 9 91 0 79 8 2 1 23 6 22 14 59 13 69 7 21 11 13 10 7 3 93 2 98 4 74 
12 52 10 33 11 47 9 12 5 41 6 43 13 92 4 56 0 35 1 99 8 74 14 20 2 66 7 79 3 33 
8 75 9 62 11 35 13 36 3 58 14 75 5 55 4 39 2 97 0 29 10 81 1 3 6 70 7 29 12 71 
6 49 1 34 9 32 7 74 10 19 8 65 12 21 13 57 3 70 2 3 4 51 5 85 11 55 14 15 0 29 
1 37 0 42 3 44 6 9 7 34 10 70 14 11 13 77 9 97 2 93 5 15 12 79 11 4 4 90 8 4 
4 69 12 72 10 92 1 42 14 53 5 78 2 67 13 31 3 49 9 52 7 80 6 91 11 82 0 29 8 4 
4 97 14 43 9 32 1 20 8 52 0 18 12 80 7 17 10 16 5 54 13 49 11 59 2 19 3 52 6 55 
4 35 10 59 0 86 11 37 5 51 12 52 3 38 8 10 9 8 14 31 7 53 13 58 2 6 1 25 6 25 
11 84 1 46 2 2 5 63 8 98 6 25 13 72 9 66 12 83 7 58 14 85 0 55 10 34 3 39 4 2 
7 84 5 75 6 80 9 65 10 36 1 25 0 60 14 8 8 18 2 61 13 92 12 36 3 83 4 21 11 38 
5 54 8 75 6 39 11 55 1 2 7 83 4 99 13 16 12 83 2 98 14 91 0 99 10 47 9 18 3 31 
1 47 5 22 7 84 10 7 14 26 6 63 0 56 4 97 13 13 3 17 8 63 2 36 9 20 12 4 11 41 
6 73 3 53 2 99 10 22 14 83 1 56 9 35 7 3 5 31 8 75 11 19 13 59 12 13 4 61 0 38 
2 76 7 7 8 52 10 55 13 39 11 27 14 29 1 20 9 25 6 45 4 67 12 43 5 87 0 89 3 91 
0 46 5 1 9 96 1 21 2 53 13 33 8 19 4 9 7 7 6 70 11 31 14 14 3 80 12 77 10 3 
12 26 6 21 11 68 1 59 0 16 7 34 10 58 3 10 5 53 9 65 8 60 4 8 14 67 2 39 13 62 
3 1 8 12 10 38 11 24 12 97 14 73 1 34 6 88 5 65 0 39 9 67 2 47 13 11 7 57 4 80 
1 44 7 55 0 45 8 27 13 49 12 97 6 5 14 91 3 47 10 77 5 86 11 70 2 67 9 96 4 76 
4 87 1 92 11 33 10 9 12 33 13 92 2 8 14 8 3 60 5 31 0 7 8 46 6 43 9 53 7 35 
3 77 4 22 14 10 8 76 9 25 10 51 12 68 2 96 13 86 5 3 11 74 6 57 7 57 1 80 0 15 
7 85 13 65 12 66 11 15 10 82 0 23 2 74 3 11 5 75 9 33 4 24 6 46 1 77 14 16 8 1 
10 64 1 6 5 70 8 11 4 46 13 88 6 47 0 6 12 26 7 52 11 25 3 11 9 39 2 26 14 35 
6 87 13 72 8 96 1 85 11 74 5 12 12 93 4 87 2 99 0 83 7 86 10 18 3 91 9 5 14 81 
14 70 10 73 7 23 1 32 5 94 9 32 12 30 2 24 8 9 0 73 3 21 11 5 4 91 13 97 6 49 
5 79 7 82 8 87 0 82 3 98 2 54 12 83 1 67 13 74 6 80 11 76 4 74 10 33 14 87 9 9 
0 41 11 34 3 25 14 93 8 95 12 69 4 22 7 78 10 4 1 58 9 12 6 5 5 68 2 44 13 11 
12 82 10 85 1 80 5 41 7 32 8 29 4 17 9 3 3 79 11 25 2 11 6 96 13 77 14 43 0 17 
12 38 10 72 13 42 4 66 5 2 8 2 6 35 1 78 9 29 2 93 3 50 14 16 0 99 11 81 7 5 
1 57 2 32 0 27 7 63 4 28 8 82 5 47 10 78 9 86 13 45 11 21 6 72 12 20 14 26 3 39 
12 13 3 60 8 76 9 87 13 96 6 52 5 84 10 6 2 21 14 56 1 98 4 54 7 71 0 31 11 66 
0 39 14 70 2 80 8 67 9 91 11 31 5 29 4 22 6 8 10 24 3 1 12 46 13 7 1 2 7 67 
11 70 6 14 10 30 8 6 3 21 9 74 5 15 2 50 12 34 14 57 4 73 7 98 0 55 1 25 13 86 
12 20 7 81 3 83 1 80 10 14 14 75 8 9 6 75 4 89 9 6 11 3 2 58 13 51 0 86 5 99 
4 5 11 64 13 21 12 18 1 69 10 83 9 5 14 56 2 55 6 4 7 20 8 89 0 4 3 22 5 85 
0 1 5 55 3 18 4 94 9 9 7 69 2 61 14 9 12 87 8 35 6 49 10 19 1 77 13 65 11 13 
12 55 3 83 5 88 4 59 11 52 8 1 1 50 6 15 13 15 14 48 2 7 9 85 10 19 0 72 7 92 
11 43 8 73 12 72 2 85 7 84 10 56 14 10 4 18 13 37 6 13 0 25 3 36 5 50 1 19 9 30 
5 8 12 3 3 42 6 88 13 96 10 11 4 57 8 54 11 53 0 58 9 86 14 61 2 68 7 21 1 96 
9 10 6 24 4 19 8 6 5 32 0 61 11 35 14 44 12 50 7 67 13 84 1 58 3 65 2 69 10 66 
13 26 7 80 4 4 10 57 12 85 11 43 0 62 8 35 14 74 9 21 2 7 3 38 1 64 5 2 6 77 
11 22 3 28 10 91 13 60 8 27 14 24 1 13 6 73 5 15 2 60 9 46 4 64 7 55 12 34 0 20 
5 54 12 58 9 30 7 83 3 39 0 48 6 98 1 30 13 20 14 86 4 72 11 18 8 5 10 66 2 28 
11 97 7 64 10 71 12 31 9 53 3 3 6 30 1 15 4 24 0 7 2 75 14 51 5 70 13 1 8 6 
4 48 9 43 3 14 5 35 6 44 11 99 10 15 12 75 7 99 0 62 1 70 13 6 8 80 2 23 14 82 
9 17 2 90 7 20 0 35 5 66 3 35 14 51 6 54 1 80 12 86 13 34 8 75 10 79 11 97 4 53 
6 79 12 88 1 75 3 60 10 43 14 57 9 49 8 65 0 2 7 33 11 8 5 58 13 74 4 90 2 25 
12 45 0 14 14 17 7 78 4 72 6 33 11 60 2 65 1 86 9 20 10 60 5 85 3 79 13 24 8 88 
1 86 7 89 8 53 2 70 0 96 6 84 4 97 5 44 13 7 9 29 11 68 12 79 14 79 3 93 10 16 
3 9 1 53 4 46 6 31 12 51 13 86 10 77 11 75 5 36 9 72 0 51 14 80 2 45 7 63 8 2 
7 4 3 1 1 7 14 20 0 85 9 92 6 51 12 88 2 75 8 45 4 30 13 57 11 3 5 53 10 49 
3 87 12 25 4 68 0 54 11 18 1 32 6 93 8 4 2 35 7 35 10 55 9 60 5 95 14 36 13 23 
4 22 12 55 2 48 13 47 8 56 7 41 10 19 1 64 11 39 0 22 6 34 14 17 3 20 9 34 5 49 
12 56 14 25 7 28 3 96 10 96 0 22 13 3 2 78 8 64 6 29 5 14 11 68 1 62 9 94 4 20 
6 10 1 45 8 49 9 26 0 10 7 48 12 75 11 42 4 90 10 75 5 72 3 23 14 97 13 25 2 50 
13 43 10 16 9 97 14 52 2 98 6 38 7 1 3 71 8 38 4 85 5 25 11 2 1 45 0 25 12 93 
1 92 2 98 8 66 4 50 13 67 12 95 11 75 7 95 3 41 5 61 6 66 14 61 10 67 9 36 0 2 
8 8 7 68 12 81 1 22 4 23 3 39 2 46 10 34 13 8 9 20 11 30 0 10 6 88 14 98 5 80 
11 78 8 56 12 44 6 13 3 63 9 99 0 10 10 90 1 34 14 73 7 30 5 49 4 34 2 87 13 60 
9 61 11 28 2 56 7 66 4 54 6 60 8 35 1 55 5 42 14 70 10 97 3 92 0 57 13 98 12 52 
