150 15 
6 7 14 69 12 37 3 48 1 78 2 51 7 45 8 46 11 16 0 9 9 10 10 99 13 7 5 13 4 81 
6 6 1 37 0 89 9 78 5 55 12 19 11 26 7 40 4 84 13 7 8 42 3 92 10 59 14 67 2 60 
7 77 6 55 2 49 13 7 5 86 10 51 14 82 8 5 0 11 3 95 12 35 9 17 11 56 4 74 1 97 
2 35 8 26 9 56 11 45 0 30 3 76 12 53 5 41 6 2 14 13 4 22 1 15 10 77 13 60 7 8 
2 19 13 37 10 83 6 82 4 18 8 94 9 25 14 46 7 56 5 22 11 55 0 6 1 74 12 8 3 10 
12 50 11 47 10 57 2 33 4 81 3 29 5 39 6 66 13 74 8 57 14 82 1 69 9 2 7 65 0 53 
1 81 7 43 9 74 14 21 13 79 0 92 5 30 10 19 4 78 2 66 6 40 11 13 3 32 12 43 8 22 
14 34 4 14 11 41 9 70 5 8 6 93 10 30 0 79 12 57 7 47 13 19 8 3 2 59 1 49 3 48 
10 39 11 2 0 70 1 44 5 14 7 12 3 37 14 26 4 15 8 77 6 89 9 25 13 31 2 45 12 12 
7 69 4 19 12 13 2 90 10 41 5 55 14 16 0 90 11 51 3 36 9 98 8 44 6 19 1 55 13 49 
12 49 5 21 9 5 10 97 8 90 4 68 2 67 14 52 0 9 3 44 13 4 1 18 7 71 6 21 11 24 
12 81 3 98 14 77 0 90 13 73 6 88 2 56 8 57 10 52 5 43 9 56 7 6 11 73 4 69 1 19 
14 84 8 18 5 96 6 87 1 62 10 86 12 10 9 54 0 43 7 79 3 80 2 33 13 56 11 46 4 86 
1 27 0 78 13 58 7 41 12 77 3 91 10 44 5 1 8 5 14 21 4 54 6 28 2 35 9 69 11 21 
13 16 3 36 11 45 1 7 5 72 2 30 12 81 6 13 14 52 9 13 0 21 8 4 7 96 4 22 10 68 
7 35 11 69 3 1 14 10 6 4 1 13 9 15 8 96 13 4 2 42 12 54 0 36 5 66 4 50 10 63 
2 11 0 58 3 16 1 63 13 14 12 91 4 1 6 6 5 82 7 13 14 47 10 14 11 90 9 37 8 41 
7 41 8 64 12 14 14 50 10 30 13 54 3 51 0 44 9 5 5 66 1 87 6 17 11 87 2 18 4 49 
2 78 5 15 7 60 9 84 1 54 0 59 11 77 3 14 14 94 12 10 13 45 4 84 8 19 6 13 10 17 
3 26 9 19 2 91 0 99 5 87 7 25 1 21 10 26 14 81 8 38 11 66 4 50 6 48 13 89 12 49 
2 57 9 13 14 3 13 88 6 76 11 57 7 12 1 38 0 26 3 51 5 64 10 78 12 57 4 7 8 21 
0 29 2 98 10 96 6 4 13 17 7 36 5 73 14 40 11 58 12 9 1 5 8 57 9 45 4 46 3 2 
8 91 2 28 9 75 1 14 7 35 12 56 6 34 10 66 13 50 11 19 5 32 0 82 4 12 3 49 14 37 
2 29 7 36 0 15 10 59 13 27 8 27 5 74 12 83 14 41 9 95 3 94 4 33 6 69 1 29 11 7 
0 47 2 43 5 81 11 78 12 26 14 72 9 8 13 27 1 9 4 23 7 86 8 20 6 46 10 50 3 48 
10 86 8 8 1 16 4 44 12 21 5 21 11 30 7 93 0 72 14 34 3 59 13 30 9 81 6 99 2 70 
6 81 8 18 14 10 5 94 11 30 0 87 9 35 10 90 7 16 3 76 4 96 1 46 13 44 12 50 2 91 
3 30 6 8 5 74 10 13 1 10 11 90 12 54 7 79 2 66 0 33 9 93 8 26 4 10 13 44 14 59 
6 59 12 21 8 52 11 71 14 75 3 74 4 7 9 24 7 61 2 74 1 81 0 81 13 21 5 53 10 52 
13 87 1 20 2 95 12 32 9 15 4 29 7 72 11 64 0 41 10 13 8 56 6 34 3 13 14 65 5 47 
1 58 6 85 10 84 9 61 2 65 14 16 7 1 12 51 11 7 5 94 8 2 4 86 13 91 3 67 0 64 
6 75 11 47 2 27 4 40 14 97 9 76 12 19 13 69 10 2 8 27 3 59 5 55 7 92 1 36 0 12 
2 59 7 85 4 56 3 38 6 74 0 50 13 35 10 78 5 35 9 24 12 74 8 74 14 87 11 78 1 10 
9 69 12 79 13 69 7 57 6 12 2 63 5 39 8 7 11 77 3 25 1 74 14 96 0 4 4 2 10 51 
14 4 12 94 9 21 0 73 1 52 5 11 8 77 2 25 6 70 13 18 7 94 4 22 3 31 11 73 10 15 
2 11 0 56 9 87 13 48 14 78 10 38 11 35 12 50 6 86 7 81 1 52 4 30 3 7 5 11 8 56 
10 18 1 49 4 9 5 66 0 87 6 65 9 2 14 97 13 88 3 44 12 58 7 84 2 46 11 69 8 31 
5 43 13 93 1 23 11 81 4 13 2 41 14 17 3 38 9 30 7 19 12 88 8 36 0 34 10 24 6 57 
7 36 9 11 10 46 13 9 14 36 8 12 2 10 11 44 6 85 3 75 5 52 1 3 0 48 12 91 4 32 
3 68 11 57 0 81 12 48 7 85 9 4 8 71 13 78 10 48 5 10 2 13 6 44 14 94 1 84 4 40 
10 85 4 27 7 44 2 28 12 20 11 33 8 36 5 68 14 80 6 90 1 97 9 74 13 66 0 52 3 52 
9 21 2 65 13 27 3 11 11 49 4 16 6 3 10 73 5 60 1 59 0 56 8 26 12 98 14 88 7 4 
5 56 3 56 13 28 12 17 2 21 0 46 4 93 10 85 7 23 8 12 1 13 11 40 9 65 14 69 6 33 
13 25 6 78 2 2 9 98 8 11 7 19 10 17 12 17 14 48 5 62 3 17 1 11 11 88 0 71 4 69 
10 87 1 86 0 27 9 44 2 16 5 9 11 7 7 85 12 43 8 78 13 32 14 89 3 3 4 92 6 26 
9 71 10 20 4 46 7 74 2 2 12 52 14 19 6 83 1 16 0 73 11 16 5 74 3 58 13 75 8 32 
5 71 8 19 13 14 10 33 7 60 0 47 11 74 2 94 14 88 9 35 4 13 12 89 1 6 6 55 3 22 
1 6 12 81 5 43 11 21 14 66 9 77 10 34 3 72 13 72 0 92 4 25 8 59 7 60 2 80 6 75 
1 5 6 3 8 74 13 86 2 30 7 75 9 61 5 26 4 79 14 41 12 11 0 65 10 73 3 62 11 88 
4 46 7 2 3 28 0 15 1 43 6 81 9 4 14 93 10 22 5 23 12 30 13 88 8 37 11 81 2 82 
14 83 6 50 2 1 0 61 3 50 5 61 4 69 8 63 9 25 10 25 11 14 13 4 7 40 1 8 12 9 
8 96 10 3 1 19 14 66 7 31 2 62 12 31 5 25 6 77 9 10 3 50 13 24 0 26 11 21 4 22 
11 59 12 79 8 30 5 50 4 22 14 13 0 19 13 58 9 23 10 24 1 79 6 87 3 35 7 69 2 24 
2 71 4 93 5 98 14 75 9 12 3 65 10 37 0 36 7 45 6 58 13 3 1 82 8 5 11 12 12 53 
7 79 12 60 0 83 8 33 3 30 9 9 5 83 6 41 10 46 1 90 14 31 4 37 2 34 13 38 11 29 
9 82 10 94 12 9 11 33 7 19 6 63 13 24 8 59 5 87 2 29 1 11 4 86 3 61 0 65 14 46 
6 66 9 44 3 83 4 18 7 38 13 25 12 63 14 47 10 17 1 69 5 42 11 38 2 57 0 27 8 25 
13 62 0 85 2 68 10 70 4 64 8 53 3 36 1 96 6 83 9 25 7 21 12 20 11 91 5 72 14 48 
14 12 12 16 3 28 13 26 7 41 4 75 0 55 6 93 5 80 11 71 9 31 2 97 1 23 10 77 8 49 
6 7 14 13 2 78 5 70 11 45 4 29 8 85 0 3 10 78 3 51 9 80 13 95 12 29 7 55 1 78 
0 50 6 3 11 95 8 1 9 36 10 1 12 14 13 93 1 41 2 48 4 79 14 62 5 79 3 28 7 75 
0 19 12 59 2 6 3 38 14 46 13 27 6 92 4 35 7 33 9 91 10 18 5 83 1 99 8 34 11 50 
9 89 12 10 8 67 3 40 13 88 11 26 10 94 7 10 0 85 4 91 6 58 1 97 2 24 5 67 14 16 
6 95 1 78 0 8 11 49 7 59 5 84 14 61 2 32 12 36 3 99 13 26 9 60 8 60 10 1 4 33 
14 15 12 15 11 43 1 55 10 99 13 22 3 15 9 22 4 77 0 86 2 20 7 75 5 60 6 29 8 91 
11 51 4 39 14 61 0 24 12 88 5 18 13 6 3 96 10 88 1 84 8 29 7 2 9 27 2 3 6 46 
0 22 4 45 6 44 14 83 2 4 3 73 5 1 12 20 13 45 9 14 11 26 7 18 1 27 8 23 10 93 
10 65 3 83 8 94 7 1 1 97 5 66 12 90 6 92 11 92 14 52 0 20 2 8 9 68 4 36 13 86 
14 55 10 56 3 18 9 23 13 46 8 81 2 36 7 38 5 6 11 33 4 96 12 50 6 24 0 92 1 20 
0 97 5 66 6 89 1 46 4 37 14 98 11 59 3 57 8 30 9 46 10 21 7 68 12 13 2 86 13 24 
6 38 12 14 8 45 2 43 3 32 5 43 13 54 14 84 0 4 11 24 7 37 4 28 10 71 1 26 9 77 
11 19 5 57 12 15 0 47 1 89 6 51 7 18 3 63 10 21 13 52 2 72 14 27 4 66 8 69 9 80 
2 96 9 54 6 33 0 53 7 21 5 86 14 82 10 67 1 77 4 59 11 93 3 59 13 74 12 70 8 19 
3 67 1 96 14 43 7 54 6 50 11 32 10 48 2 26 8 8 12 98 13 50 4 10 5 24 9 97 0 69 
11 15 10 97 4 22 12 25 1 73 7 1 5 86 13 62 0 15 3 46 14 8 8 14 9 97 2 72 6 75 
3 33 2 18 9 45 10 35 4 80 5 97 12 11 13 61 0 23 14 62 7 28 6 83 1 3 8 91 11 5 
0 82 13 84 10 41 2 20 11 39 4 94 9 1 1 19 7 83 8 86 3 6 12 10 6 21 5 98 14 49 
6 46 2 90 3 97 10 18 13 64 5 96 9 21 14 14 0 88 8 47 1 47 4 9 7 73 11 29 12 17 
4 22 2 1 6 49 3 51 0 2 9 98 12 99 1 27 10 81 8 13 7 23 13 77 5 63 14 47 11 1 
12 42 13 13 5 25 11 78 4 86 2 79 1 78 8 41 9 25 6 92 3 73 7 1 10 43 14 90 0 79 
11 95 6 25 13 14 9 68 12 3 4 37 0 41 1 34 5 65 7 31 10 6 8 13 14 77 3 88 2 57 
12 93 10 72 4 12 5 85 11 28 13 32 14 33 2 44 3 82 1 17 7 4 8 54 6 4 0 33 9 96 
13 76 8 86 14 3 11 42 10 76 6 80 3 29 5 20 7 78 12 90 1 45 0 61 4 36 9 13 2 68 
3 71 0 54 2 50 1 80 6 28 7 86 12 8 4 94 11 40 10 6 13 75 14 51 5 64 9 77 8 44 
3 92 11 5 4 28 7 75 10 37 2 93 6 33 13 59 14 81 1 45 8 35 0 57 5 89 9 50 12 57 
2 83 6 50 7 48 12 26 11 85 10 74 1 42 0 66 14 95 9 30 8 71 3 40 13 1 4 46 5 96 
2 85 10 33 13 9 0 60 8 32 1 1 3 95 5 4 4 18 11 85 7 71 6 26 14 95 12 15 9 43 
8 88 2 57 11 76 13 26 14 80 4 69 12 73 9 22 6 59 10 39 5 3 7 85 0 33 1 82 3 75 
1 77 2 70 8 41 9 33 13 59 7 56 0 44 12 54 10 59 3 59 5 4 6 16 14 29 4 85 11 26 
5 90 10 29 6 32 13 73 4 35 3 61 0 55 9 18 14 57 2 41 12 70 11 30 7 12 1 68 8 93 
12 91 3 96 9 32 5 94 13 45 11 70 2 15 6 61 1 88 7 68 8 67 4 82 0 47 14 35 10 46 
14 62 4 32 11 90 9 48 2 78 7 46 8 39 3 44 13 86 6 10 10 3 12 52 0 5 5 96 1 98 
12 36 10 55 8 17 5 18 13 90 14 57 9 98 11 72 1 19 0 60 7 62 3 80 2 59 4 78 6 53 
4 80 9 51 7 68 3 86 6 88 1 45 14 59 5 64 12 47 10 34 2 2 8 67 0 9 13 4 11 34 
2 4 4 12 3 91 0 90 7 51 8 53 11 95 13 17 6 94 14 37 12 43 10 37 1 62 9 51 5 76 
8 25 10 68 9 6 5 99 4 41 7 13 2 90 11 12 14 36 3 39 13 40 12 7 0 46 6 40 1 38 
13 63 12 7 1 5 10 89 9 96 5 73 3 39 7 51 0 40 14 50 2 25 6 65 4 74 11 17 8 37 
5 66 10 3 3 20 11 90 4 17 0 81 12 24 13 96 9 6 14 95 6 24 1 18 8 83 7 61 2 18 
7 41 11 79 6 97 3 72 13 4 14 81 12 83 2 35 1 91 10 33 0 50 4 17 5 41 8 88 9 96 
4 95 14 52 2 18 10 41 1 47 9 26 0 37 7 67 8 23 13 69 3 57 5 16 6 85 12 21 11 86 
5 31 12 47 6 12 10 41 13 50 11 69 14 40 4 22 0 7 1 34 8 38 9 43 2 44 7 73 3 34 
7 30 2 64 11 87 1 60 5 55 14 22 9 53 3 63 4 7 8 41 0 90 6 8 13 17 12 91 10 26 
13 62 7 56 10 81 0 58 14 25 11 43 3 13 5 25 8 40 6 60 4 59 12 92 1 77 9 55 2 93 
10 55 9 24 0 26 12 79 7 6 1 16 8 86 3 77 6 57 11 8 14 66 13 76 2 91 4 19 5 65 
0 49 8 2 3 90 6 97 11 61 13 74 14 40 5 45 4 75 10 61 2 83 7 34 12 16 9 59 1 63 
0 14 14 7 2 45 12 14 3 59 6 82 5 30 1 86 7 70 10 40 13 57 8 6 9 39 11 22 4 26 
5 90 10 51 8 92 4 33 1 63 3 32 7 35 14 9 2 5 12 99 11 18 9 86 13 32 0 3 6 89 
14 40 10 20 2 1 11 98 3 52 1 21 5 10 0 36 7 52 12 42 13 62 9 95 4 83 8 37 6 75 
12 32 13 79 8 39 11 97 1 64 5 96 3 38 10 29 2 10 9 27 4 78 0 90 14 99 6 97 7 12 
7 75 5 59 8 89 3 37 4 3 12 27 0 92 9 41 14 78 10 82 2 27 1 84 11 45 13 15 6 45 
12 26 6 73 5 25 0 4 14 26 13 78 11 79 2 23 1 95 7 83 3 94 8 67 10 71 9 44 4 85 
11 61 4 66 13 29 6 21 12 61 7 25 0 78 9 45 14 60 10 28 5 56 3 39 8 55 2 21 1 98 
7 74 0 30 13 75 14 29 2 45 10 75 4 38 3 14 8 82 11 11 5 48 6 88 9 65 1 46 12 48 
2 59 11 38 4 26 12 19 10 55 9 10 1 60 5 56 7 26 8 96 14 83 6 17 0 45 3 17 13 77 
1 26 4 67 0 19 14 8 9 27 2 95 6 1 3 30 8 41 5 90 10 14 12 45 13 16 11 31 7 75 
11 5 0 52 9 97 8 24 5 73 12 89 2 62 13 98 3 4 4 67 6 49 10 80 7 80 14 22 1 4 
5 13 8 27 11 41 13 7 14 15 7 16 2 20 4 22 1 63 10 2 3 35 12 33 9 1 0 71 6 2 
3 46 9 17 2 1 7 9 14 57 10 55 0 97 1 85 4 51 11 93 6 74 12 89 13 65 5 36 8 42 
7 87 3 85 5 78 2 19 10 38 12 34 0 63 9 76 4 86 8 40 14 19 11 36 1 28 6 24 13 97 
4 30 14 38 2 68 13 63 9 85 5 10 3 61 8 44 10 27 0 76 1 12 11 44 6 14 12 75 7 65 
14 72 11 4 0 48 1 59 7 48 10 3 9 65 12 51 4 32 5 70 13 47 2 62 3 88 8 49 6 53 
11 59 6 10 0 16 14 96 3 72 2 54 4 63 12 14 1 18 7 3 9 23 10 59 8 32 5 7 13 77 
7 59 13 83 4 83 8 28 11 3 9 29 2 4 14 63 5 71 10 91 3 6 6 40 0 36 12 62 1 48 
12 12 14 37 7 20 9 28 1 37 6 20 3 8 11 11 2 88 5 47 4 93 13 80 10 43 0 64 8 71 
6 32 12 73 11 10 14 35 7 92 2 20 13 7 4 21 1 63 9 51 0 55 3 3 10 96 8 7 5 11 
8 62 5 53 10 46 2 63 13 69 9 40 7 14 11 49 1 77 6 62 14 29 3 36 12 57 0 58 4 45 
6 87 2 68 3 87 12 2 8 65 9 92 0 82 10 50 5 32 7 70 14 8 11 76 4 88 13 57 1 28 
14 65 4 33 13 43 2 28 8 98 7 90 3 17 0 79 6 25 5 21 9 11 10 14 11 18 12 92 1 90 
5 74 14 56 7 72 2 82 12 80 4 15 9 97 11 77 1 47 0 25 13 64 8 73 6 93 10 48 3 82 
0 99 2 50 10 70 6 64 7 8 8 63 5 96 11 2 4 85 14 85 3 94 12 16 13 46 9 72 1 62 
3 96 7 84 9 80 4 67 14 58 13 2 6 11 5 90 0 7 11 61 8 61 10 42 1 45 12 14 2 27 
8 21 14 86 13 54 3 84 6 45 5 36 12 96 2 68 4 40 11 17 7 31 0 37 9 35 10 55 1 81 
2 10 7 42 12 73 13 65 3 55 8 16 1 92 6 29 10 50 5 91 4 55 11 73 0 65 9 25 14 37 
12 51 13 35 8 10 5 73 14 33 6 90 2 12 11 1 3 83 0 58 10 48 1 65 9 26 7 17 4 48 
11 51 14 33 3 42 12 62 1 16 8 51 2 77 6 36 7 10 13 85 4 51 10 45 0 61 9 58 5 84 
9 41 1 20 0 93 6 70 12 76 7 30 14 47 2 28 4 30 3 82 8 58 5 8 11 16 13 84 10 1 
9 4 4 62 14 39 8 14 11 97 10 84 12 38 6 80 7 63 3 90 13 89 5 64 0 53 2 51 1 80 
1 44 7 1 10 8 12 53 6 81 2 31 13 89 3 45 0 84 9 93 4 17 8 43 14 25 11 12 5 48 
7 21 0 34 6 53 12 70 13 7 8 37 4 22 10 4 3 32 9 87 1 3 11 40 14 13 5 51 2 74 
7 67 1 56 8 70 3 48 6 98 13 47 0 83 10 10 11 44 4 82 14 89 9 92 12 54 5 25 2 91 
7 74 3 87 12 71 6 5 13 48 9 49 4 54 0 84 14 80 11 96 10 25 5 29 2 2 1 30 8 38 
13 85 8 17 12 80 5 84 9 74 11 58 3 76 0 60 7 93 10 75 2 64 1 22 6 16 14 73 4 54 
8 36 7 57 3 85 9 51 14 70 1 92 11 66 0 98 10 61 4 63 6 26 5 13 2 52 12 26 13 55 
5 21 8 1 3 67 13 61 0 47 1 95 12 17 14 25 7 36 11 96 4 28 2 98 6 83 10 63 9 4 
2 36 3 54 6 81 14 89 11 80 7 72 13 1 4 37 10 47 5 98 0 8 8 95 12 5 9 61 1 96 
4 43 0 16 2 65 9 85 1 35 11 16 12 74 13 26 10 78 5 15 14 21 3 68 6 66 7 99 8 90 
5 50 0 23 3 20 13 85 12 9 1 55 4 5 6 17 2 79 10 54 11 42 7 59 9 98 8 50 14 75 
2 19 9 3 4 46 14 73 1 51 0 16 12 93 13 70 8 14 11 65 5 45 7 71 6 14 10 8 3 64 
8 66 1 85 6 21 0 71 11 81 7 58 10 53 13 71 9 23 14 68 4 98 12 63 5 37 3 70 2 53 
2 95 5 36 10 93 4 52 11 22 8 41 9 57 13 75 12 89 14 79 0 20 6 69 3 92 1 99 7 8 
