150 15 
12 71 14 82 8 11 11 60 7 64 9 79 6 88 5 17 4 84 0 3 3 60 2 39 10 35 1 65 13 9 
9 15 5 18 0 83 2 88 10 93 12 98 3 88 8 46 6 55 7 25 4 85 11 91 1 37 14 87 13 49 
3 10 0 15 2 19 7 20 6 22 1 54 10 97 5 9 14 93 13 99 12 35 11 8 9 79 8 34 4 48 
12 42 4 7 11 63 9 2 8 22 1 21 2 26 13 36 7 79 3 33 14 50 6 90 5 20 10 41 0 69 
0 90 5 92 6 35 12 3 10 98 2 56 11 63 4 46 1 23 8 37 13 58 14 43 9 97 3 51 7 99 
6 20 4 18 11 20 8 22 2 23 9 58 14 65 13 54 0 25 1 29 7 53 10 10 3 45 12 34 5 11 
10 95 13 77 0 13 5 21 3 44 9 21 12 41 7 5 4 9 11 1 1 2 2 52 14 38 6 90 8 92 
12 76 13 96 0 27 11 8 2 52 5 35 9 52 10 10 6 98 4 43 14 18 3 50 8 86 1 15 7 8 
9 8 8 52 2 92 0 98 12 3 11 41 5 69 1 31 3 85 4 82 6 73 14 37 10 59 7 64 13 57 
7 16 10 30 3 70 11 11 12 19 1 40 14 16 4 81 6 62 2 58 0 98 9 58 5 12 13 20 8 28 
8 47 5 62 3 80 6 13 0 20 4 88 11 20 13 22 7 61 1 7 2 41 12 63 14 90 10 74 9 86 
8 31 3 15 14 66 6 70 9 91 1 52 11 58 12 62 10 46 4 7 2 71 7 79 0 66 13 2 5 17 
12 61 2 37 10 57 4 40 0 19 8 88 11 83 5 81 9 12 6 21 3 6 14 49 1 34 13 78 7 28 
5 24 4 94 9 37 13 41 14 52 1 84 12 61 2 28 8 95 11 39 0 66 10 79 6 71 7 15 3 42 
9 55 8 99 0 64 10 52 5 7 14 69 13 24 6 97 12 49 11 77 7 28 1 8 4 37 2 65 3 91 
2 72 11 30 5 4 4 15 0 73 6 31 14 38 13 7 3 35 9 88 8 95 7 75 10 89 12 61 1 88 
5 55 0 47 1 68 3 49 2 95 12 3 6 49 13 24 8 56 9 74 11 5 10 95 14 51 4 38 7 73 
9 70 8 69 4 11 6 90 10 88 13 4 2 99 5 15 1 41 3 1 7 3 12 74 14 14 0 23 11 32 
11 12 14 75 9 38 13 35 1 87 12 39 0 38 2 26 7 63 8 32 10 80 6 54 3 44 5 79 4 67 
12 22 0 88 13 79 2 29 10 68 1 61 9 95 6 34 14 88 11 82 7 60 8 82 3 2 5 86 4 20 
12 83 3 16 11 12 10 87 0 46 5 60 9 69 4 24 13 70 1 25 7 58 14 44 6 77 8 47 2 51 
13 18 4 3 5 35 7 16 6 37 3 42 14 46 2 91 1 64 9 3 0 22 10 4 11 8 12 58 8 83 
14 83 6 35 4 74 12 84 10 35 9 81 0 11 8 40 3 97 1 1 7 27 5 96 2 92 13 95 11 9 
3 75 2 56 0 56 8 97 10 98 1 47 5 31 12 73 4 25 9 32 11 23 13 90 6 80 7 97 14 98 
4 23 2 94 7 11 9 34 6 81 8 55 13 28 11 4 3 33 5 53 0 79 10 1 1 79 14 4 12 25 
2 76 9 37 11 91 3 74 13 25 12 78 6 19 5 47 1 75 0 89 4 38 14 32 7 40 8 11 10 66 
14 47 10 53 4 85 8 43 0 71 11 19 9 57 7 12 13 16 3 99 12 75 1 99 2 53 6 49 5 50 
14 49 1 25 4 96 10 96 11 25 7 42 3 4 2 16 6 16 12 62 5 98 13 84 9 82 8 19 0 31 
0 53 5 92 3 8 12 13 6 20 2 85 10 99 9 71 14 55 7 7 4 3 11 38 1 21 13 8 8 55 
12 94 2 27 13 52 1 2 9 32 8 77 7 43 4 80 5 98 11 21 3 90 10 84 6 76 0 28 14 49 
13 13 3 28 2 40 0 8 9 51 4 23 1 68 10 90 11 25 6 99 12 22 7 7 5 1 14 68 8 92 
10 39 13 48 6 45 9 84 1 40 14 6 11 28 8 37 3 64 5 95 12 45 4 50 2 94 0 78 7 47 
0 11 2 67 14 51 3 48 10 67 4 12 7 90 1 87 11 73 13 39 9 96 12 55 8 49 5 64 6 16 
3 69 7 61 2 60 11 39 4 93 8 53 12 75 1 53 14 63 6 30 10 79 9 25 0 35 13 29 5 32 
9 77 5 85 0 27 11 44 12 6 7 82 13 33 10 64 1 38 3 52 8 75 14 5 2 25 6 10 4 75 
10 68 6 97 5 25 14 95 7 87 3 59 11 86 1 35 12 75 9 49 0 2 13 52 4 66 8 68 2 43 
11 31 2 37 7 86 3 47 4 57 5 58 8 83 13 89 6 2 9 23 14 33 10 43 12 40 0 3 1 28 
3 94 1 84 8 30 5 12 14 20 13 74 2 25 11 28 7 99 6 41 12 12 4 29 9 94 0 39 10 4 
11 1 2 44 13 8 8 46 12 73 7 4 5 26 1 55 9 70 6 14 10 74 14 69 0 33 4 1 3 5 
2 86 3 99 13 31 10 44 0 41 1 91 7 42 4 48 11 21 12 90 5 57 6 84 14 83 9 75 8 39 
4 16 2 59 10 89 3 21 9 59 11 48 13 85 7 82 6 94 14 87 1 23 8 45 0 92 5 23 12 64 
8 60 4 94 6 59 10 85 14 99 2 6 13 29 12 91 7 97 5 82 1 95 0 2 11 18 9 63 3 86 
5 87 0 95 7 38 10 57 9 11 4 1 3 67 1 8 12 71 13 50 2 25 8 59 6 89 11 38 14 91 
11 20 7 22 10 89 6 70 14 40 1 90 3 70 2 28 12 43 0 87 13 92 5 45 9 67 8 5 4 3 
7 33 14 65 13 29 10 50 8 90 2 94 9 47 5 88 4 4 11 40 12 94 3 21 6 67 1 65 0 68 
1 86 2 46 12 38 6 89 3 82 10 49 8 37 4 50 7 72 14 26 13 32 0 91 5 59 11 88 9 23 
4 74 9 3 3 63 5 88 2 87 1 76 6 63 13 46 10 29 14 32 0 41 11 39 8 71 7 2 12 84 
10 80 8 86 4 14 3 46 7 78 1 95 0 83 11 79 14 30 13 21 6 88 2 57 9 57 12 38 5 84 
2 69 9 3 4 81 14 37 3 73 1 62 10 47 12 14 0 49 13 42 6 11 11 16 8 93 5 39 7 57 
0 51 1 77 9 19 6 96 4 70 10 75 3 16 2 51 8 7 11 44 5 11 14 51 12 20 7 99 13 74 
1 11 5 25 4 14 14 3 13 4 11 6 10 57 3 61 12 56 8 6 2 15 7 94 6 38 9 22 0 71 
2 92 7 15 11 77 3 38 13 24 14 68 9 4 8 27 5 12 6 80 12 62 0 3 4 99 1 21 10 56 
11 97 10 68 7 20 2 47 1 96 4 89 9 34 8 40 12 75 5 26 13 55 14 11 0 9 6 96 3 91 
7 48 13 6 1 29 8 57 11 15 4 44 9 97 0 20 5 75 12 31 2 14 3 26 10 35 14 32 6 89 
13 5 11 31 14 21 4 71 0 68 5 31 10 81 2 31 7 5 12 2 6 68 9 30 1 84 8 76 3 56 
6 89 4 58 7 7 0 32 3 57 10 21 1 29 8 65 14 98 9 39 5 43 13 28 12 20 2 76 11 26 
9 87 1 65 11 37 7 51 10 73 14 32 2 76 0 15 12 33 6 88 13 81 3 34 4 70 5 46 8 94 
7 50 11 89 3 55 10 49 5 41 4 35 8 87 12 90 6 88 13 64 9 50 2 28 1 24 0 34 14 93 
5 48 1 12 3 86 7 32 8 61 13 89 10 93 9 9 12 47 6 92 14 69 0 98 4 99 11 82 2 96 
7 38 11 87 10 77 8 5 2 22 0 38 5 23 1 67 13 64 3 24 14 87 9 21 6 15 12 84 4 10 
6 89 10 20 2 7 14 45 1 60 5 44 8 46 13 4 0 55 9 16 3 78 11 8 12 15 7 51 4 13 
7 82 2 22 10 36 12 79 11 38 0 32 9 21 5 49 13 16 8 44 3 81 1 51 6 88 14 33 4 88 
14 99 6 31 5 86 13 55 3 57 4 3 12 11 10 12 0 41 9 11 2 45 11 46 8 6 7 68 1 46 
1 68 0 45 7 83 9 41 11 13 4 45 3 67 12 28 6 48 13 15 8 61 14 5 2 51 10 88 5 37 
10 31 8 27 2 31 3 13 1 33 13 80 0 51 4 11 5 69 6 18 12 57 11 83 9 42 14 68 7 23 
14 68 3 76 7 78 1 98 8 72 9 23 13 67 6 44 10 66 0 68 11 77 2 33 12 6 5 92 4 32 
1 67 14 97 8 34 0 2 11 90 12 67 13 38 4 28 6 83 2 71 9 71 7 13 3 71 10 13 5 24 
7 37 3 37 10 68 4 83 1 35 14 17 11 11 13 6 6 51 12 68 5 16 8 78 0 20 9 67 2 99 
5 89 14 70 2 26 8 18 0 24 7 11 9 97 3 16 13 39 10 9 6 40 11 33 1 58 4 36 12 37 
3 80 2 16 7 34 6 91 13 73 11 45 12 94 5 98 1 34 0 98 9 7 10 46 8 30 4 96 14 32 
6 46 5 92 14 61 12 41 2 29 3 13 9 3 11 85 1 6 8 53 4 74 13 94 7 54 10 57 0 6 
4 28 10 31 0 18 2 3 14 97 1 88 6 61 5 68 13 63 9 34 7 17 11 72 3 54 8 80 12 53 
2 78 4 41 3 80 9 10 7 45 12 32 14 58 8 83 11 38 5 58 6 30 10 94 0 33 13 37 1 6 
13 55 5 65 2 68 1 81 0 69 9 19 3 93 10 55 11 87 14 86 4 20 7 31 8 71 6 79 12 61 
10 7 11 43 9 73 13 34 4 60 7 2 12 25 14 15 5 80 2 22 1 41 3 93 6 35 8 48 0 60 
7 68 6 74 2 31 8 44 14 35 3 94 0 83 5 66 10 95 9 65 12 39 1 90 4 75 11 57 13 9 
8 17 14 71 2 39 12 89 0 78 3 29 6 74 1 10 9 76 4 22 5 31 13 20 7 23 10 91 11 88 
0 8 6 22 13 11 7 51 11 58 5 64 4 91 12 92 9 57 2 90 3 36 14 36 10 30 1 40 8 78 
7 20 12 99 10 20 13 9 2 41 8 85 4 44 11 17 14 95 5 24 0 52 1 96 3 49 6 73 9 3 
14 3 6 68 4 50 1 6 3 24 13 37 12 41 10 57 0 80 2 16 8 75 11 65 7 33 5 7 9 47 
3 8 14 36 9 90 8 74 13 41 7 70 4 9 0 25 1 71 5 82 12 1 6 65 10 74 11 44 2 95 
3 84 10 27 7 27 8 96 6 1 12 15 13 87 0 41 14 51 4 40 2 60 5 45 9 42 1 64 11 9 
2 40 0 18 6 90 7 7 10 31 4 89 8 26 12 97 9 76 3 59 13 42 5 91 14 44 1 95 11 61 
10 32 12 7 3 7 11 86 0 9 2 14 14 75 13 4 8 7 4 86 1 88 5 88 6 27 9 51 7 7 
13 2 1 88 5 53 4 72 6 40 11 43 8 67 7 89 9 71 12 20 3 47 14 38 0 32 2 43 10 84 
3 40 10 32 11 65 7 39 9 67 6 59 8 37 14 29 0 73 5 93 1 5 2 74 12 17 13 61 4 37 
0 20 5 46 9 73 8 9 13 71 12 20 11 68 7 44 6 48 14 62 1 42 3 96 4 29 2 24 10 78 
11 62 0 14 14 50 9 50 13 8 5 58 3 2 12 24 10 46 1 5 7 36 4 98 2 63 8 7 6 76 
3 61 2 22 10 22 7 51 12 18 11 69 4 31 5 93 13 41 6 10 8 75 14 7 1 23 0 11 9 28 
11 56 1 9 0 35 3 87 10 78 2 95 13 72 6 65 9 81 5 61 8 47 4 91 14 16 7 35 12 99 
12 48 6 1 5 65 9 70 13 12 1 88 11 74 10 43 0 51 14 99 8 10 3 73 2 65 7 41 4 18 
7 33 6 8 10 88 8 86 1 7 4 24 14 63 2 67 9 58 3 60 0 92 11 87 13 32 12 63 5 46 
14 41 9 2 12 14 6 50 2 45 10 22 7 76 0 91 8 92 1 46 3 49 11 40 13 36 4 68 5 89 
4 57 11 50 0 72 2 54 7 5 1 99 10 1 9 86 6 18 13 14 12 32 5 52 14 92 3 87 8 70 
4 48 9 31 0 31 14 15 6 92 2 27 10 9 11 35 7 84 3 6 1 79 5 65 12 59 8 66 13 16 
11 21 3 69 5 78 0 87 7 92 14 55 6 55 13 8 9 15 8 28 2 15 12 69 1 96 4 57 10 8 
9 27 1 69 7 25 14 26 8 12 13 10 3 17 12 1 0 23 2 91 5 18 4 81 11 75 10 31 6 81 
7 56 3 83 0 50 6 89 5 73 8 68 1 58 2 96 9 60 13 6 12 13 11 41 10 78 4 87 14 44 
12 66 6 92 7 34 10 89 2 70 13 11 11 48 8 1 3 10 9 25 5 5 1 94 0 74 14 59 4 4 
8 54 10 85 13 52 2 51 4 42 1 57 5 24 11 76 14 16 6 78 7 88 3 15 12 63 9 62 0 49 
1 66 3 3 2 24 0 38 4 50 12 76 14 62 6 25 11 98 9 87 13 68 5 71 8 77 7 20 10 79 
10 68 2 1 3 47 13 35 6 28 12 24 1 75 11 78 4 39 14 67 0 69 8 65 5 7 7 26 9 70 
3 19 6 49 8 59 11 76 1 72 9 1 4 51 13 59 12 55 14 85 2 71 0 5 10 74 7 3 5 41 
1 13 13 70 9 56 0 29 12 4 2 68 14 14 10 99 3 98 5 47 7 50 4 86 6 25 8 92 11 81 
5 39 9 99 3 88 1 54 4 86 6 55 7 65 11 23 14 38 13 76 2 80 10 95 8 11 12 59 0 77 
9 37 2 82 12 51 3 19 0 28 13 48 5 80 4 16 8 69 14 71 1 55 7 96 10 81 6 57 11 71 
1 88 10 19 11 20 2 88 6 12 0 36 13 5 4 99 9 25 14 1 12 36 5 23 8 49 3 61 7 18 
3 41 5 69 1 57 14 18 11 96 12 66 9 72 8 33 7 84 0 12 4 16 6 82 10 51 2 50 13 9 
9 42 2 86 12 13 6 8 0 19 11 34 4 78 5 25 3 94 1 56 14 81 13 69 8 3 7 71 10 86 
5 17 11 81 14 11 2 67 12 89 7 26 1 16 4 34 8 64 9 82 10 23 6 16 13 48 3 59 0 53 
8 94 7 16 3 67 9 47 5 91 2 59 6 51 1 11 12 41 10 91 11 86 4 95 0 59 13 41 14 28 
14 87 2 57 5 47 0 50 8 1 1 80 11 4 3 30 12 8 13 29 4 66 7 55 10 16 6 13 9 68 
10 77 2 40 6 35 14 52 12 94 9 4 8 41 3 30 0 52 1 96 5 64 7 27 4 42 11 98 13 58 
1 69 8 66 5 99 2 36 3 70 14 81 10 9 4 7 13 61 9 11 0 69 6 56 11 84 12 16 7 62 
1 90 2 40 7 13 13 53 6 34 12 6 11 71 5 40 14 37 10 84 3 22 0 65 8 92 9 98 4 34 
9 20 2 17 11 36 12 71 10 95 1 96 4 22 7 52 14 84 0 35 5 34 3 58 8 74 13 33 6 15 
1 21 12 13 4 57 13 80 11 42 6 59 7 5 5 86 0 97 3 82 8 34 14 97 10 91 2 69 9 87 
1 9 5 35 10 83 2 88 13 84 12 27 0 77 9 60 7 54 14 92 3 15 11 69 6 9 8 18 4 45 
2 7 10 41 14 15 11 51 1 51 9 22 4 92 0 74 5 81 8 39 3 98 7 57 13 97 6 3 12 59 
10 75 5 3 7 50 4 89 9 22 6 12 0 35 1 97 8 55 12 25 3 99 2 98 14 80 11 63 13 11 
5 63 2 28 13 17 12 24 0 70 1 99 4 99 8 57 6 95 9 96 11 45 3 80 10 31 14 87 7 83 
11 91 4 6 2 79 14 7 6 7 7 84 1 85 0 9 5 91 9 49 8 70 12 12 10 82 3 9 13 12 
13 73 14 72 10 3 1 75 7 9 0 64 4 95 12 60 6 65 9 61 5 61 8 59 11 87 2 39 3 20 
11 99 6 79 12 2 7 44 4 68 14 60 1 34 9 97 8 4 2 59 5 71 10 79 0 52 3 2 13 26 
3 66 1 9 5 26 13 91 2 22 0 43 11 79 9 6 12 42 8 22 14 75 7 19 10 1 4 16 6 23 
2 3 7 57 6 89 0 40 10 20 4 6 3 13 9 21 8 49 14 3 12 68 5 72 11 83 1 22 13 76 
4 88 8 39 5 86 1 32 12 20 10 55 6 67 0 36 11 60 13 53 9 51 14 39 7 62 3 13 2 43 
3 1 11 90 8 27 1 34 5 49 13 25 7 93 2 35 4 60 12 95 0 48 14 6 10 89 6 63 9 47 
5 35 11 26 13 58 0 83 2 88 9 18 4 72 10 62 14 57 7 97 3 27 8 42 1 21 12 99 6 66 
10 30 13 40 7 18 2 33 8 63 9 26 3 19 11 20 12 73 6 33 14 63 4 73 0 38 1 4 5 2 
0 18 8 32 14 5 13 64 5 94 1 7 6 25 11 28 2 25 12 61 7 23 4 8 10 79 9 18 3 24 
12 5 6 34 10 72 11 84 2 77 14 74 13 86 4 15 3 16 9 83 0 31 5 93 8 79 1 3 7 55 
4 12 14 54 3 13 11 23 5 78 13 2 6 47 9 98 0 20 8 86 12 76 2 28 10 30 7 2 1 56 
7 38 3 1 5 51 0 37 10 4 13 89 8 88 4 27 6 39 12 3 1 57 14 71 2 69 11 1 9 87 
4 80 14 64 8 27 9 39 12 10 11 6 6 37 5 13 1 58 3 57 10 45 0 34 7 43 13 28 2 74 
5 84 14 33 13 35 11 50 7 18 9 33 2 13 8 92 3 93 4 61 12 92 10 54 0 39 6 41 1 94 
7 62 3 75 6 90 14 5 4 66 2 58 0 79 12 33 5 53 9 63 8 17 10 5 1 72 11 48 13 84 
5 2 10 94 2 12 7 50 14 8 13 58 3 60 6 13 0 42 9 21 4 55 12 99 1 87 8 35 11 36 
4 93 10 6 9 61 6 49 11 64 3 50 1 78 7 74 0 32 12 55 2 66 14 95 13 22 8 51 5 36 
11 6 10 36 1 53 8 98 7 59 13 57 4 9 9 16 3 96 12 65 14 7 0 31 6 6 5 37 2 85 
6 33 12 10 10 86 4 72 9 43 8 84 7 19 11 68 1 29 13 60 2 52 0 96 3 17 14 80 5 4 
0 12 8 64 6 17 14 18 1 68 2 80 13 70 4 83 12 47 5 91 7 15 10 98 11 63 9 76 3 20 
14 88 6 29 7 9 0 53 11 3 3 98 5 41 4 51 2 41 8 24 12 6 9 48 1 90 10 57 13 25 
2 35 10 36 5 72 4 81 7 66 11 31 13 42 12 89 0 88 9 84 6 83 1 17 8 31 3 39 14 10 
3 47 14 34 5 90 2 33 8 95 11 1 1 61 13 34 12 68 0 84 9 5 10 80 7 40 6 49 4 35 
13 3 4 30 14 7 3 49 5 78 1 18 11 76 9 76 7 72 8 10 10 70 2 28 0 24 12 18 6 75 
3 62 13 73 2 2 5 54 11 82 9 32 4 74 12 77 0 41 1 24 8 80 6 35 14 9 7 29 10 9 
2 38 0 84 12 45 6 74 14 96 10 33 11 90 4 39 13 27 7 1 5 79 3 74 9 51 1 28 8 74 
13 59 6 28 12 53 7 80 4 24 2 88 11 3 0 11 1 44 8 77 14 79 5 50 9 17 10 87 3 27 
10 67 1 91 11 31 7 51 3 93 5 88 13 46 2 85 4 91 14 4 9 86 8 21 12 58 6 92 0 65 
