150 15 
10 81 11 74 14 7 4 82 5 38 0 15 6 46 13 21 2 73 8 49 1 26 12 88 9 50 3 23 7 11 
3 96 6 71 2 8 0 57 5 32 14 17 11 32 4 15 10 29 9 22 1 21 12 74 8 89 13 8 7 84 
14 25 3 36 0 10 7 28 5 73 13 80 12 14 8 34 6 47 11 67 9 84 10 90 1 70 2 35 4 41 
14 3 11 38 8 10 3 10 2 29 7 2 4 20 10 35 9 81 12 20 1 2 0 5 6 90 5 54 13 43 
4 57 11 40 7 47 14 74 10 40 3 39 12 88 6 4 1 46 13 79 5 75 0 23 8 27 9 31 2 30 
14 53 2 38 7 42 6 58 4 14 1 57 10 5 11 95 5 69 3 79 9 5 13 49 8 73 0 10 12 49 
3 91 13 30 0 98 14 99 8 10 1 54 5 88 12 1 11 12 7 82 2 82 6 80 9 77 10 8 4 90 
8 22 1 32 9 23 2 15 13 27 11 21 10 68 12 38 4 72 7 9 0 43 3 12 6 42 14 80 5 85 
14 59 5 89 7 8 9 7 10 50 3 87 8 1 11 12 0 36 13 97 2 64 1 99 12 93 6 83 4 27 
2 98 8 4 6 32 11 91 0 37 10 51 4 81 13 21 5 14 7 14 1 50 14 87 9 17 12 22 3 95 
10 15 5 33 13 31 14 86 6 59 7 64 4 24 9 66 11 10 1 99 0 68 2 73 8 51 3 97 12 80 
7 24 0 80 6 19 3 87 5 21 8 97 12 73 14 15 11 4 2 94 13 48 10 61 4 91 1 91 9 27 
7 87 5 63 6 57 11 64 10 75 4 99 3 72 13 79 8 51 14 84 9 56 0 78 2 66 1 11 12 97 
12 8 6 63 14 48 1 53 4 98 11 80 7 13 0 44 10 52 8 28 5 87 3 56 9 50 13 98 2 28 
0 53 8 88 6 14 13 48 1 87 10 4 11 78 2 31 4 57 12 52 7 23 14 39 9 70 5 46 3 26 
11 70 2 26 8 36 3 54 0 46 10 14 5 11 4 21 13 23 7 18 1 46 14 44 9 91 6 91 12 20 
13 84 10 40 6 44 7 86 14 84 5 71 12 27 2 18 1 70 11 44 9 20 8 69 4 4 0 84 3 95 
14 48 7 38 11 71 4 28 0 15 3 68 5 57 13 84 10 28 6 85 2 95 8 95 9 56 1 72 12 16 
1 44 10 77 9 42 4 97 2 47 8 89 7 46 6 79 3 96 0 26 12 3 14 40 11 19 13 25 5 16 
3 87 11 99 6 28 4 99 9 74 5 56 8 63 1 96 0 78 12 78 2 23 14 39 10 39 7 75 13 10 
10 98 12 41 9 16 3 74 13 97 8 78 6 62 14 73 1 22 7 3 11 11 2 44 0 80 4 17 5 39 
4 36 6 84 12 38 5 26 0 12 14 26 7 6 8 59 10 13 3 31 2 79 9 2 13 53 11 15 1 65 
0 92 7 72 2 74 13 36 6 34 5 59 4 29 1 80 3 35 9 59 10 54 14 72 8 47 11 40 12 43 
11 2 0 79 7 81 13 5 3 96 10 57 2 11 1 51 5 65 9 78 4 57 6 81 14 68 12 50 8 72 
8 64 5 92 3 8 0 14 4 51 9 34 13 9 7 85 11 67 1 49 2 41 10 29 14 6 12 1 6 95 
2 59 10 18 11 71 1 44 14 47 0 64 6 30 5 19 12 58 8 9 13 35 9 29 3 78 7 20 4 69 
9 65 3 9 8 47 6 78 1 7 5 7 7 93 11 52 12 60 13 75 2 16 10 96 0 31 14 11 4 82 
0 39 13 13 11 36 14 96 9 99 2 24 5 66 8 14 6 82 1 63 4 73 12 6 10 74 7 66 3 22 
8 49 7 16 1 61 13 23 4 82 3 1 9 99 14 67 6 14 10 49 2 76 12 66 5 88 0 67 11 35 
4 35 10 70 11 54 8 18 7 38 12 61 2 94 3 65 14 99 0 41 9 1 6 72 13 74 5 21 1 15 
6 25 8 14 14 38 3 6 2 54 1 88 12 98 0 52 7 60 11 93 5 45 10 35 13 42 4 7 9 72 
3 54 7 80 8 88 1 56 0 97 4 64 5 75 2 82 6 17 11 57 14 57 13 67 12 72 10 51 9 88 
12 86 7 56 2 9 0 73 11 78 14 7 3 14 5 66 9 42 10 71 13 54 8 80 4 35 6 64 1 74 
12 92 4 58 8 38 5 74 10 81 7 15 13 6 2 98 11 27 3 28 14 38 6 6 1 70 9 31 0 73 
3 82 12 84 6 90 9 42 1 54 4 74 7 22 0 58 5 51 2 83 13 96 14 80 10 22 8 84 11 74 
8 98 7 34 6 28 3 61 2 85 4 78 5 39 11 87 13 58 9 14 14 18 10 8 1 32 0 7 12 4 
7 84 8 54 14 5 12 65 1 2 2 37 11 21 0 49 5 32 3 77 13 89 10 62 9 10 4 51 6 18 
9 17 7 19 12 75 14 58 8 79 11 29 3 50 5 3 4 94 2 97 6 15 1 48 0 16 10 69 13 71 
2 69 0 64 1 16 5 38 8 48 3 4 11 18 9 85 4 12 12 20 7 70 13 45 14 64 10 5 6 65 
0 28 4 68 12 15 13 60 2 15 1 31 10 27 11 81 6 44 14 48 5 58 9 51 8 61 7 62 3 4 
4 87 12 79 5 76 3 38 10 48 6 9 9 70 2 79 8 69 1 6 0 14 14 91 11 11 13 50 7 88 
6 97 10 40 13 45 11 21 12 2 7 20 0 46 2 25 8 46 4 4 5 24 3 54 9 93 14 41 1 15 
6 84 12 18 1 31 0 24 14 57 10 68 8 26 9 98 7 34 13 74 3 55 2 1 11 83 4 38 5 22 
10 8 8 52 0 30 1 65 13 54 4 51 3 65 9 49 7 30 2 66 5 3 14 62 11 18 6 28 12 39 
0 85 3 69 7 30 4 40 8 66 9 32 6 82 13 90 14 30 2 45 12 97 11 86 10 35 5 9 1 13 
9 9 0 76 6 79 10 30 1 95 3 84 11 8 2 7 5 95 12 41 7 15 8 87 14 90 4 4 13 72 
0 79 4 65 12 18 10 84 6 89 14 94 11 49 8 33 3 42 1 80 9 86 13 98 7 14 5 40 2 45 
1 70 12 36 6 87 7 73 14 60 8 7 11 20 2 97 4 65 3 53 0 73 5 73 13 86 10 46 9 35 
3 75 9 24 2 90 6 89 14 36 10 92 11 76 7 71 5 60 1 94 13 75 12 88 0 99 4 72 8 56 
14 72 3 9 7 10 2 68 10 5 5 84 12 93 9 47 8 84 1 11 6 14 0 72 13 84 4 33 11 44 
13 93 12 86 10 42 8 13 0 86 2 87 5 96 14 58 1 34 11 71 3 75 6 56 4 73 7 55 9 72 
0 8 3 33 6 99 4 31 2 45 13 42 7 64 9 73 10 64 1 34 8 89 14 39 12 82 11 92 5 86 
5 42 3 76 11 69 14 97 9 34 6 64 0 33 12 30 2 83 4 81 13 2 1 53 7 20 8 27 10 53 
12 14 1 89 9 31 2 42 6 19 5 82 10 60 13 39 14 30 0 81 7 79 11 1 4 32 3 5 8 11 
13 54 4 96 8 13 10 61 11 36 14 8 6 88 1 52 12 6 3 81 7 41 5 50 2 63 9 50 0 10 
0 47 11 51 3 78 12 11 4 23 14 96 8 6 1 26 7 47 5 40 6 18 10 50 2 79 9 6 13 43 
7 65 2 74 5 83 11 82 4 14 1 13 8 93 3 72 10 81 9 57 14 31 13 32 6 58 0 60 12 38 
9 23 8 62 10 67 1 62 6 72 14 23 3 12 13 45 12 5 4 15 2 6 11 4 5 83 7 61 0 84 
2 10 11 16 3 40 6 20 7 55 14 18 8 67 0 49 10 89 5 25 13 15 4 86 12 26 9 20 1 2 
8 7 1 79 10 29 5 64 0 1 14 18 6 82 13 42 11 62 3 79 2 55 7 35 4 5 9 72 12 66 
7 42 3 18 4 15 13 52 2 46 10 60 8 17 5 54 14 76 1 12 11 96 6 17 0 23 9 59 12 62 
7 23 14 3 1 42 3 87 0 84 10 6 2 79 4 39 11 24 8 43 13 7 6 98 12 66 9 36 5 97 
14 70 3 85 12 83 9 8 10 91 2 60 4 31 8 54 7 76 1 34 13 97 6 86 5 22 11 42 0 26 
2 30 7 54 5 72 1 27 6 50 12 85 10 77 4 75 3 58 13 1 8 65 11 89 14 89 0 15 9 27 
4 52 10 50 7 49 11 58 0 39 2 57 5 57 9 90 6 79 1 99 3 66 12 22 13 46 8 51 14 34 
8 70 2 70 9 62 13 85 14 39 11 31 10 44 1 42 0 50 5 69 12 11 4 64 7 83 6 30 3 59 
8 30 13 37 2 45 7 89 4 2 3 51 11 9 0 95 6 48 1 13 14 49 12 23 10 49 5 79 9 86 
12 54 8 13 9 90 6 17 5 18 0 57 1 20 4 60 10 15 7 25 2 97 13 75 11 73 14 69 3 89 
1 56 13 74 14 81 11 64 3 35 9 68 2 62 7 92 5 82 6 74 0 70 12 89 8 10 10 94 4 43 
2 91 0 79 4 85 6 49 1 50 5 16 10 34 9 87 13 89 12 37 8 22 7 77 14 71 11 20 3 50 
14 95 8 34 9 74 7 71 2 35 12 48 5 54 1 32 4 63 10 41 3 31 6 81 13 12 11 92 0 58 
7 57 13 36 6 64 9 47 12 16 3 28 0 70 2 61 1 29 14 87 10 3 5 75 4 7 8 27 11 9 
14 77 2 3 7 3 3 99 9 21 12 30 0 24 11 19 8 31 5 36 4 60 13 5 1 91 10 78 6 81 
0 66 9 82 3 4 13 59 8 77 14 65 11 3 1 42 4 18 6 49 7 22 10 82 5 16 2 5 12 50 
8 46 11 29 12 4 10 75 14 34 13 16 2 49 0 80 1 54 6 6 5 24 9 73 4 80 3 53 7 83 
14 72 13 1 12 3 5 28 3 20 4 62 0 47 1 1 10 95 7 33 6 66 2 11 11 60 8 62 9 83 
2 98 7 82 14 78 4 73 10 89 9 7 13 97 3 84 5 53 8 41 12 39 1 56 6 94 11 9 0 1 
1 29 7 76 13 82 2 74 12 74 4 99 14 17 8 64 10 85 0 89 9 26 11 47 3 48 5 11 6 28 
10 60 9 36 8 1 11 63 4 69 5 1 7 94 13 70 3 98 2 76 6 92 0 23 14 69 12 6 1 10 
12 12 9 41 13 74 10 24 0 62 5 9 2 33 1 9 11 72 6 61 4 39 14 57 3 96 8 37 7 54 
5 26 2 62 1 5 8 81 14 77 10 21 12 19 11 9 13 38 7 48 6 82 9 20 4 72 3 47 0 74 
3 52 9 71 8 23 1 38 14 72 7 64 5 54 11 49 13 19 12 98 2 93 0 37 6 6 4 67 10 6 
8 94 14 13 2 33 12 99 6 63 10 22 0 78 3 2 7 56 9 99 1 66 11 98 4 67 5 39 13 35 
10 73 6 88 9 81 2 5 7 24 5 28 8 50 3 81 1 86 0 24 13 27 11 95 4 45 12 64 14 86 
11 55 10 33 7 24 6 43 0 57 3 5 14 74 13 36 8 51 2 67 12 91 9 49 4 97 1 33 5 41 
3 61 14 13 8 99 12 9 2 52 6 73 11 78 1 25 5 4 0 41 10 47 13 11 9 52 7 79 4 96 
3 83 14 1 5 76 9 28 11 71 4 80 2 47 0 96 6 84 1 14 7 41 13 72 10 31 12 92 8 7 
13 54 4 77 11 13 1 83 3 99 0 3 9 30 12 96 8 26 2 29 5 44 6 20 14 25 7 94 10 65 
11 28 7 26 1 38 12 75 10 58 3 27 5 2 8 40 4 23 2 61 13 15 9 79 0 21 6 58 14 68 
0 96 14 97 2 78 9 85 4 27 8 41 12 2 6 85 3 42 11 25 5 24 7 43 10 43 1 5 13 54 
8 45 11 7 2 55 7 75 9 37 3 21 1 40 5 74 12 4 13 33 0 19 4 2 10 65 6 42 14 31 
7 69 6 39 14 53 5 31 2 71 10 87 13 65 9 42 11 85 4 97 3 22 1 2 12 16 8 27 0 40 
10 93 11 2 6 74 1 33 7 89 2 43 3 8 8 63 9 87 5 45 4 27 0 90 12 12 14 86 13 53 
8 5 10 18 12 95 1 95 6 6 4 65 7 34 13 68 3 78 2 18 5 46 0 26 11 3 14 5 9 53 
12 76 1 67 3 97 13 69 0 47 2 13 4 17 10 48 9 87 11 18 8 81 5 9 6 41 14 45 7 44 
6 70 9 52 14 44 4 75 13 22 1 67 7 1 11 52 0 90 2 80 10 50 3 28 5 98 8 45 12 39 
2 1 6 75 8 49 3 15 12 31 10 76 4 27 13 77 11 68 1 78 9 82 14 91 7 98 0 12 5 22 
13 56 10 82 6 72 4 95 9 42 8 27 7 33 0 81 2 21 12 23 14 5 3 5 1 54 5 26 11 7 
9 96 10 32 1 9 11 71 5 56 6 17 8 58 0 23 7 64 3 49 4 48 13 58 14 95 12 42 2 96 
1 16 5 5 14 80 10 32 4 58 2 64 6 46 12 49 8 92 3 80 9 96 11 60 7 28 13 40 0 79 
10 41 3 65 2 85 13 2 9 38 5 81 12 70 11 90 4 53 7 97 6 97 0 65 1 43 14 77 8 81 
3 7 10 50 11 91 8 10 4 15 1 17 6 28 14 54 5 46 13 14 12 55 9 29 7 7 2 38 0 88 
2 28 4 33 9 84 13 93 6 83 11 16 14 15 1 55 0 26 10 66 8 41 5 68 3 29 12 88 7 33 
13 16 14 82 12 88 9 33 5 82 8 93 2 70 11 3 0 86 10 98 1 76 7 76 4 74 6 65 3 33 
4 99 12 85 1 15 5 87 10 48 7 31 11 70 14 97 8 4 6 20 3 63 13 36 2 96 9 17 0 11 
3 67 5 63 11 70 13 53 4 83 6 50 9 59 14 35 0 58 10 47 8 36 1 21 7 85 12 84 2 34 
3 28 5 64 14 78 12 82 9 66 0 13 11 81 8 59 1 45 2 99 13 90 10 26 7 51 6 88 4 23 
6 32 2 60 11 95 8 5 0 96 9 2 12 30 5 15 7 12 10 78 3 55 1 67 14 98 4 48 13 10 
6 62 2 16 7 45 0 55 14 31 3 40 12 79 9 13 5 97 10 82 4 56 13 84 11 61 8 52 1 34 
5 53 14 18 10 26 9 92 2 57 1 22 3 35 13 1 4 1 8 26 7 44 6 56 11 74 0 36 12 55 
1 46 3 77 4 65 14 70 10 26 0 44 5 27 11 90 7 62 6 52 12 71 8 19 9 80 2 70 13 59 
2 36 11 62 0 15 1 10 10 45 12 71 5 59 4 77 8 3 14 71 3 14 6 9 13 77 9 44 7 47 
8 48 5 31 10 7 12 98 14 87 3 27 6 31 4 81 0 2 2 51 7 32 1 13 9 20 11 19 13 4 
3 2 1 34 10 15 0 97 11 34 4 14 7 87 6 22 13 15 14 26 12 10 5 83 8 32 9 47 2 25 
1 3 7 85 11 26 8 80 2 30 4 70 5 65 12 96 3 19 14 93 10 75 13 99 9 22 0 2 6 20 
10 61 1 33 4 94 12 59 6 6 13 42 9 34 3 10 5 81 14 90 2 16 7 70 0 25 11 33 8 60 
13 60 7 58 6 53 1 87 2 60 4 46 3 26 10 78 14 35 5 6 12 96 11 38 9 42 8 81 0 88 
11 59 6 95 7 50 12 39 8 29 5 69 14 1 3 95 9 78 4 76 10 98 0 39 1 5 13 7 2 19 
1 84 12 47 8 90 14 87 11 6 9 69 0 62 5 31 3 22 6 67 7 81 2 20 13 82 10 95 4 43 
11 96 8 89 2 93 10 60 7 29 0 40 12 82 9 90 13 48 5 75 4 19 6 18 3 29 1 28 14 56 
11 23 9 29 5 89 8 69 4 5 12 26 13 7 2 4 14 70 3 73 7 1 0 96 6 27 1 53 10 68 
3 59 8 76 2 97 11 44 5 99 13 15 14 83 12 33 0 93 4 89 9 27 7 95 1 51 6 22 10 66 
3 77 14 62 1 59 13 96 12 18 10 80 7 5 11 63 4 6 2 13 5 49 9 83 0 60 6 57 8 74 
3 35 2 75 1 47 11 30 13 81 8 53 9 77 10 14 12 11 5 71 6 76 14 56 0 85 7 63 4 20 
9 78 6 36 5 36 3 41 0 91 11 58 1 21 7 86 8 31 12 62 13 78 14 40 10 39 2 91 4 86 
9 58 11 61 6 65 4 3 14 76 1 39 5 6 12 29 13 85 10 77 2 44 8 18 0 5 3 90 7 20 
9 67 14 47 4 79 11 19 1 89 2 37 13 81 3 35 5 80 8 25 6 6 12 94 7 96 10 20 0 40 
2 29 12 36 5 41 4 48 0 26 10 26 11 83 8 85 7 24 9 7 3 90 6 4 1 1 14 50 13 10 
11 34 13 60 2 20 3 98 6 14 10 56 14 65 4 77 7 84 9 88 1 30 12 86 0 51 5 30 8 82 
9 99 7 73 11 93 13 15 5 49 14 28 0 23 12 61 1 36 8 31 2 68 6 15 3 58 4 29 10 16 
0 8 3 2 14 43 11 59 4 99 6 68 10 24 12 47 7 54 5 15 2 78 8 74 1 83 9 99 13 22 
4 89 5 39 7 68 13 79 8 80 14 49 12 54 10 40 11 74 9 17 6 52 1 95 2 52 3 56 0 48 
10 57 1 21 7 55 6 14 11 70 14 12 9 61 5 59 2 11 12 6 4 14 0 84 3 73 8 45 13 58 
8 40 5 54 0 28 7 68 3 64 11 87 13 80 6 39 9 86 4 83 1 89 10 25 12 79 14 3 2 23 
7 47 12 75 2 53 14 20 13 41 5 77 6 56 3 54 1 80 11 46 4 54 9 7 8 8 0 89 10 41 
3 47 7 46 12 30 10 19 13 45 11 16 1 63 0 7 9 97 14 52 2 47 4 15 6 47 5 96 8 24 
7 62 14 67 6 56 2 52 0 65 8 13 4 12 9 15 11 43 13 67 3 86 12 46 1 17 5 58 10 71 
7 97 0 53 10 17 8 31 12 37 6 17 3 57 4 54 11 19 2 73 1 67 5 85 13 46 9 47 14 2 
12 40 0 94 4 83 5 66 8 84 7 31 10 90 14 87 6 29 2 42 1 92 13 4 9 3 3 94 11 92 
14 15 0 53 5 98 11 96 2 36 6 79 8 46 12 52 13 62 9 65 4 30 7 10 10 69 1 29 3 35 
10 6 2 41 0 86 8 12 6 70 12 25 9 24 3 25 11 65 1 16 4 48 5 33 7 93 13 60 14 22 
5 1 10 24 6 70 7 54 2 4 3 96 0 55 9 44 12 14 4 19 1 23 13 12 14 77 11 37 8 26 
6 27 3 43 5 96 13 60 7 8 14 21 0 47 4 61 9 8 1 51 10 63 12 86 11 32 2 84 8 56 
1 39 10 87 4 66 2 49 0 71 12 64 3 69 9 28 6 33 11 77 13 10 14 85 7 22 8 26 5 79 
5 80 8 42 3 31 14 38 1 92 12 23 13 49 0 3 7 39 4 88 9 58 10 96 11 96 2 20 6 52 
14 21 4 39 3 51 13 71 11 30 10 27 6 51 9 48 1 8 8 35 7 96 5 53 12 49 2 43 0 26 
5 28 12 97 4 64 11 75 9 30 6 17 10 32 8 42 7 74 3 8 14 86 1 91 13 17 2 80 0 8 
11 2 14 9 10 74 1 89 6 63 12 58 5 71 8 19 3 83 13 49 7 1 9 41 4 52 0 60 2 96 
14 4 10 50 6 53 4 12 2 9 13 4 1 26 12 20 8 33 0 48 3 95 7 3 9 40 5 64 11 47 
13 32 5 80 7 57 11 3 4 28 1 37 12 51 2 87 14 93 8 96 0 60 6 79 9 42 10 80 3 27 
