15 15 
2 87 6 85 13 73 1 62 4 68 14 17 12 42 10 48 5 75 7 54 8 11 11 31 9 71 0 56 3 56 
7 16 14 22 2 97 3 61 6 4 4 50 0 19 11 90 9 24 10 91 13 50 8 21 5 70 1 39 12 15 
1 82 11 13 8 33 14 5 4 62 0 6 12 62 10 99 2 76 5 41 6 50 9 24 3 53 7 11 13 94 
5 90 9 97 4 84 1 97 6 57 10 40 2 38 3 55 12 75 0 53 13 83 8 47 7 85 11 79 14 5 
5 15 8 71 0 43 10 62 14 51 9 69 13 69 7 81 1 97 12 98 2 9 6 4 11 9 4 87 3 38 
3 51 1 55 11 33 5 52 6 96 2 31 12 18 9 37 4 36 8 56 10 37 13 97 7 37 14 79 0 36 
2 82 14 86 1 80 7 99 6 47 11 25 12 85 8 16 3 53 5 59 4 22 13 46 9 70 0 71 10 90 
10 60 7 5 1 32 4 77 9 11 6 81 11 10 14 24 8 26 0 90 12 79 5 49 13 16 2 6 3 82 
3 99 11 90 14 47 9 3 12 5 10 98 1 10 8 52 7 62 0 50 5 49 2 86 13 59 6 92 4 56 
9 24 7 49 14 71 13 30 1 32 6 78 11 11 10 15 5 17 0 91 3 46 4 72 12 47 8 36 2 99 
11 37 3 18 6 29 12 50 1 87 7 81 2 21 14 61 13 74 0 5 9 88 8 79 5 98 10 60 4 31 
3 14 11 55 2 37 1 59 10 87 12 60 9 80 8 69 14 27 6 61 5 23 0 16 4 17 7 83 13 55 
13 5 1 2 3 38 5 82 2 99 11 14 7 94 0 8 9 27 14 59 4 7 8 52 10 37 6 90 12 18 
8 13 3 69 12 17 5 47 7 87 9 42 11 35 0 97 14 57 1 52 13 50 6 53 10 97 4 29 2 74 
5 63 12 87 3 55 2 49 4 88 7 9 1 27 0 59 13 50 10 87 8 64 9 42 6 87 11 94 14 24 
