15 15 
4 65 10 7 0 58 11 28 1 77 13 94 5 2 14 81 6 57 7 51 9 44 3 72 12 17 8 39 2 56 
1 62 0 26 13 5 9 26 14 84 10 37 12 48 7 55 8 77 3 48 6 61 2 44 5 32 4 68 11 24 
12 81 8 60 0 34 2 87 6 76 14 65 10 90 13 15 11 24 3 21 4 73 7 24 1 93 5 14 9 52 
9 46 11 64 7 66 8 65 6 31 2 42 10 62 12 84 13 81 4 91 3 36 0 70 14 80 5 97 1 74 
2 91 4 86 6 4 12 40 0 2 14 58 5 89 10 39 3 58 1 50 9 29 7 33 8 28 13 75 11 64 
2 39 6 76 11 29 1 55 7 83 3 69 12 47 10 90 13 65 4 78 8 56 0 89 14 70 5 61 9 75 
5 50 7 94 8 14 10 1 6 39 1 23 12 72 2 24 4 23 9 6 13 80 3 85 11 53 14 43 0 98 
0 24 5 22 13 91 8 34 6 79 1 61 2 68 9 59 3 94 11 49 4 25 7 64 12 13 14 76 10 92 
1 81 4 53 7 15 10 98 13 38 6 44 9 84 14 95 5 79 12 27 11 9 0 89 8 74 2 38 3 74 
4 2 7 34 11 57 6 1 0 53 14 34 8 9 1 35 13 65 3 26 5 99 9 33 10 33 12 25 2 1 
10 18 8 73 4 25 1 90 12 53 14 66 2 97 7 12 5 29 9 88 0 95 6 67 3 37 13 84 11 80 
14 32 0 88 4 39 5 16 7 85 2 94 10 87 13 23 11 79 3 14 8 24 6 99 9 41 12 78 1 43 
4 85 1 50 14 70 13 61 0 56 10 94 11 45 9 1 2 82 7 25 12 48 3 49 8 24 5 86 6 88 
1 21 13 57 5 13 11 70 0 87 14 64 2 83 9 88 4 79 10 28 3 75 6 68 12 22 8 58 7 9 
7 96 8 30 10 84 14 14 13 30 4 31 0 16 9 73 2 83 1 1 11 69 12 9 5 60 3 69 6 30 
