15 15 
5 49 8 64 11 83 7 83 12 70 0 38 13 40 3 43 4 74 9 26 10 69 6 78 14 30 1 44 2 14 
12 64 2 56 7 26 8 16 9 71 1 58 3 5 5 78 10 78 4 97 13 9 6 48 11 65 0 10 14 62 
11 66 3 49 8 72 14 89 10 33 1 24 6 9 4 15 9 48 13 16 0 17 5 56 2 27 7 25 12 5 
6 94 10 14 5 38 8 6 4 78 7 98 2 80 3 60 12 63 0 19 11 87 9 77 1 33 14 98 13 46 
11 28 10 39 12 63 8 80 5 54 6 84 4 36 3 92 7 99 9 79 2 70 14 91 0 49 1 93 13 5 
11 93 14 36 12 67 5 38 8 60 9 40 0 53 7 28 6 70 13 40 1 72 4 6 2 1 10 79 3 82 
4 17 11 83 10 52 13 76 12 18 8 11 9 67 0 7 7 81 14 81 6 18 2 6 5 74 1 17 3 8 
1 91 12 4 5 68 0 95 9 96 10 49 7 54 3 14 2 3 14 97 4 54 11 36 8 78 6 43 13 99 
3 15 7 68 9 19 1 74 13 20 2 70 14 96 8 38 6 52 5 99 10 4 4 15 0 60 11 32 12 18 
8 6 10 79 3 21 4 75 0 23 6 30 14 81 2 23 13 89 5 6 11 77 1 70 7 84 12 19 9 54 
10 40 8 46 11 96 0 10 1 60 3 24 5 25 2 51 9 34 12 78 6 99 14 55 13 31 4 89 7 24 
1 77 2 18 3 11 5 51 4 71 9 69 7 19 11 14 10 1 8 73 14 65 13 25 12 42 6 55 0 87 
2 82 1 20 5 5 11 98 14 76 8 96 4 63 7 68 0 83 12 93 6 12 9 51 10 41 13 94 3 67 
4 50 5 73 14 98 7 49 12 52 0 87 1 9 8 14 13 60 11 48 3 27 9 53 6 24 10 85 2 5 
3 20 2 30 7 9 8 85 1 11 11 26 14 30 13 48 9 84 10 94 6 47 5 84 4 80 12 62 0 76 
