15 15 
12 31 3 12 10 87 5 99 7 20 4 51 2 4 1 34 8 40 14 17 0 41 11 1 13 78 9 52 6 52 
12 5 7 29 1 70 2 59 8 99 0 39 10 6 9 89 3 62 6 20 11 75 5 62 14 21 4 1 13 53 
4 16 1 31 8 22 11 78 0 79 2 91 10 15 7 12 3 49 5 46 6 11 14 9 12 44 13 75 9 69 
8 21 4 16 11 57 7 29 14 1 10 33 5 77 13 76 0 59 9 80 1 76 12 48 2 58 6 16 3 98 
9 66 2 53 11 63 5 32 4 99 6 36 10 54 7 7 8 64 13 42 0 16 12 46 1 69 3 16 14 33 
11 58 7 3 8 70 14 25 9 96 4 99 1 28 12 16 2 11 10 96 5 70 13 47 0 9 6 68 3 24 
14 77 0 40 6 85 10 73 1 19 5 35 7 33 13 66 11 45 8 39 12 97 2 4 4 59 3 63 9 34 
6 57 12 87 11 45 3 46 4 16 14 51 2 60 7 88 13 38 1 6 5 24 0 20 9 92 10 72 8 60 
7 19 5 5 2 93 10 77 4 83 14 99 9 32 11 57 0 10 1 82 13 53 12 17 8 47 3 79 6 46 
4 15 8 34 1 97 14 69 9 48 12 10 2 73 5 6 6 94 10 93 11 60 13 10 3 9 0 15 7 82 
11 29 3 68 6 40 13 24 14 58 5 31 12 82 2 35 7 3 10 90 8 2 4 3 1 24 0 83 9 15 
3 19 9 72 1 98 10 3 7 31 2 64 0 21 12 53 13 55 4 66 11 65 6 73 14 97 5 26 8 40 
14 9 12 40 3 52 8 26 9 24 2 86 13 43 5 14 1 60 10 11 6 42 4 15 11 13 7 95 0 15 
7 33 1 64 5 52 0 89 14 22 8 29 12 4 4 92 9 36 2 48 11 29 10 51 6 13 13 52 3 52 
7 93 13 94 0 53 11 74 6 1 9 80 2 17 4 40 8 43 14 65 5 92 10 32 1 95 12 8 3 82 
