15 15 
9 47 7 27 8 49 12 87 4 31 5 11 0 10 6 28 14 98 10 6 3 50 1 22 2 18 13 99 11 54 
13 84 5 6 4 56 10 64 1 67 8 84 9 60 3 68 14 54 2 11 7 27 0 38 6 62 11 7 12 45 
4 39 5 95 12 84 2 94 14 9 0 54 6 21 1 22 13 80 3 26 11 47 7 19 9 13 8 63 10 21 
0 10 13 90 14 50 5 18 3 17 1 78 8 18 11 2 4 16 9 31 12 20 6 69 2 57 7 74 10 36 
14 80 1 71 3 24 9 7 5 78 0 29 11 65 6 46 8 25 7 97 4 35 12 23 2 89 10 53 13 89 
13 44 10 70 1 37 11 46 7 50 4 90 5 66 8 6 0 10 3 52 12 98 9 45 2 62 14 39 6 62 
4 13 0 96 3 51 13 56 1 60 7 37 5 99 11 64 12 81 10 24 6 75 8 61 14 26 2 60 9 97 
0 32 12 57 6 88 2 73 5 76 8 78 14 11 3 89 7 31 4 44 11 62 9 84 1 96 13 64 10 58 
2 91 7 31 5 25 11 41 3 28 9 72 1 15 4 54 12 16 0 25 13 72 6 31 14 68 10 13 8 30 
8 87 7 6 13 62 2 1 1 36 10 39 14 3 4 85 9 68 3 65 5 62 12 20 11 85 6 8 0 58 
13 77 10 45 7 69 9 72 4 84 12 39 1 81 2 53 5 36 3 74 14 36 11 5 0 44 6 25 8 49 
12 78 4 43 14 22 2 86 10 32 13 26 1 64 8 5 9 63 5 53 0 91 3 18 7 25 6 87 11 57 
2 61 14 63 10 19 1 6 11 59 5 84 8 17 12 29 3 71 9 29 4 25 6 25 0 88 13 65 7 98 
4 18 1 69 9 64 11 13 13 66 8 97 7 3 0 71 12 31 3 41 2 57 5 18 6 97 14 88 10 4 
4 5 9 31 3 30 13 19 12 36 0 30 7 29 8 24 5 20 10 55 14 36 11 52 1 90 6 28 2 58 
