200 20
15 22 1 87 9 26 14 96 0 13 7 83 12 10 10 60 13 24 2 38 4 81 16 58 19 30 8 2 3 63 17 63 5 70 11 42 6 20 18 50 
13 92 11 46 16 80 0 11 19 82 14 18 6 51 15 40 4 13 7 14 1 60 9 33 12 27 8 15 18 84 3 10 10 53 17 42 5 38 2 70 
3 84 9 61 19 15 11 30 8 44 18 20 6 42 17 44 4 72 1 55 12 56 5 40 14 54 10 48 2 72 15 61 0 11 16 67 13 17 7 82 
13 59 8 12 12 76 6 29 18 50 11 80 5 28 1 26 16 49 0 9 2 61 3 99 15 71 7 3 4 23 17 95 14 23 19 33 9 79 10 34 
19 63 17 65 18 80 8 96 9 1 5 7 7 50 0 29 15 1 16 98 1 86 10 60 12 3 13 47 11 94 2 88 4 18 3 56 14 21 6 21 
11 40 16 66 12 2 17 25 8 84 18 86 6 73 13 7 1 59 9 16 15 8 5 34 10 44 14 21 2 53 0 85 7 3 4 71 19 77 3 17 
11 83 9 72 16 51 1 57 14 3 4 69 17 43 0 94 7 50 6 4 18 68 2 67 19 34 5 78 8 35 10 58 3 42 13 1 12 38 15 52 
15 7 7 85 10 40 17 58 11 82 9 59 12 87 0 77 2 73 13 22 3 85 5 14 4 32 1 30 16 83 18 1 14 40 6 97 8 73 19 88 
13 67 19 37 12 12 3 11 2 19 0 62 9 23 5 36 16 50 10 80 6 36 8 43 4 1 1 72 11 24 14 54 7 20 17 69 18 48 15 69 
0 7 13 53 8 86 16 83 17 16 19 26 9 14 6 99 7 46 4 32 14 62 18 25 11 91 3 25 12 26 2 28 15 80 10 73 5 88 1 69 
14 31 17 46 12 17 16 79 11 23 18 33 5 83 6 68 15 32 0 44 19 71 3 12 10 99 4 17 1 18 2 31 7 45 9 60 8 76 13 28 
10 65 15 21 11 38 16 18 14 86 9 51 17 65 8 5 18 33 12 68 13 75 4 84 7 77 19 64 5 67 2 68 6 88 1 98 0 3 3 52 
9 93 13 52 0 43 12 97 6 88 15 60 18 2 10 91 19 77 2 30 4 14 17 70 8 63 14 12 7 77 5 74 16 62 3 51 1 22 11 77 
10 54 4 18 3 61 9 1 5 49 2 73 16 71 13 94 18 97 17 64 8 47 11 84 1 16 6 17 14 72 7 91 0 87 12 68 19 5 15 12 
17 22 4 87 19 38 11 38 3 29 9 32 13 50 10 58 0 74 16 15 7 94 8 19 18 19 2 72 5 10 1 31 14 6 15 39 6 85 12 51 
16 26 4 98 19 13 2 51 6 93 1 23 5 12 17 77 7 88 14 74 15 50 11 9 13 17 8 32 9 58 12 14 0 57 10 26 3 11 18 87 
7 68 14 2 17 9 11 51 18 93 2 51 19 53 6 65 4 59 5 98 16 16 13 61 10 96 3 79 12 34 0 47 15 65 8 4 1 79 9 52 
8 93 16 55 1 97 2 9 17 20 15 24 12 66 0 58 11 76 13 43 6 94 7 64 9 18 4 1 18 85 10 26 14 55 3 42 5 9 19 1 
3 1 10 41 15 87 6 26 5 33 19 17 13 66 7 94 17 86 8 50 14 73 16 35 9 51 11 14 4 50 1 54 0 29 18 15 12 9 2 21 
13 97 18 88 2 35 12 24 8 23 6 14 19 29 10 68 16 41 3 32 1 25 7 29 11 73 14 51 4 37 0 29 9 25 5 56 17 94 15 5 
10 87 4 82 14 52 7 11 9 23 2 45 1 41 16 96 15 7 3 54 6 16 0 16 8 87 13 27 11 75 18 22 17 41 19 11 12 8 5 6 
14 47 8 14 4 73 5 45 11 62 2 68 7 24 19 58 3 31 1 86 15 95 12 38 13 87 9 47 0 9 6 36 17 47 18 67 16 39 10 8 
9 52 16 60 1 52 8 34 11 73 5 89 7 83 17 70 12 28 18 80 0 83 15 27 2 98 19 85 10 42 3 16 13 45 4 60 14 92 6 96 
14 21 1 98 13 96 5 29 6 26 16 34 4 5 17 37 7 87 0 61 18 66 12 98 10 6 15 85 8 34 3 44 11 67 2 63 9 56 19 52 
2 75 9 13 10 17 0 2 12 80 14 33 13 34 18 62 5 83 19 99 15 55 4 29 6 63 11 34 8 37 7 71 1 53 17 38 3 91 16 80 
9 63 3 82 8 16 15 83 4 10 17 41 1 56 14 13 16 69 12 8 2 27 18 48 10 72 5 8 13 72 0 13 7 18 11 9 6 90 19 16 
18 50 10 87 4 43 12 82 14 11 17 44 7 13 19 11 2 41 0 3 3 49 11 51 1 33 9 39 13 51 6 81 16 58 15 33 5 67 8 16 
1 77 2 24 19 70 18 34 9 68 5 30 4 59 6 74 11 98 13 82 7 55 16 81 17 16 14 45 10 39 15 66 3 8 8 7 0 19 12 75 
11 87 17 77 13 92 12 39 8 85 10 90 7 10 3 8 6 39 4 26 18 85 0 97 14 40 16 30 2 74 9 24 19 95 1 72 5 91 15 21 
0 49 9 38 11 27 8 62 16 10 4 78 6 66 1 25 15 1 12 93 13 18 10 78 7 15 17 93 2 51 18 37 14 58 3 58 19 51 5 13 
16 30 6 74 14 4 5 13 12 72 17 40 9 54 13 40 2 68 18 90 8 92 10 80 19 45 0 13 1 65 3 76 7 54 4 51 11 77 15 75 
1 31 9 84 4 36 0 99 18 55 19 7 11 34 15 30 7 97 16 68 5 53 6 63 13 24 14 69 2 28 8 80 3 6 17 38 10 61 12 84 
12 23 2 78 1 47 10 74 3 35 6 35 19 36 14 28 7 23 16 85 4 50 13 68 9 61 15 83 17 87 18 40 8 35 0 65 11 70 5 83 
12 34 13 19 5 72 4 62 1 67 3 54 14 89 16 31 8 3 18 65 7 31 2 90 11 86 6 80 10 92 17 88 0 35 19 98 15 39 9 47 
18 79 16 4 19 86 5 44 17 69 4 11 13 88 9 60 2 19 7 25 3 82 8 78 11 97 14 42 10 18 0 41 15 57 12 59 6 73 1 87 
7 78 5 47 16 27 12 30 1 3 19 4 15 25 11 64 10 83 2 54 3 2 17 41 8 2 13 78 4 9 14 88 0 14 6 86 9 42 18 92 
16 7 15 38 14 20 11 50 0 81 6 25 3 33 19 83 13 63 7 20 12 8 4 1 9 27 5 88 17 82 18 72 2 25 1 82 10 90 8 5 
17 66 6 10 5 66 12 75 9 77 3 79 10 67 1 85 4 3 18 76 13 27 19 65 15 86 7 11 11 48 14 85 0 53 16 57 2 71 8 10 
4 20 7 41 16 33 17 88 15 35 2 80 12 28 6 22 0 74 11 67 5 97 18 30 9 32 1 55 8 76 10 32 3 97 19 56 14 8 13 90 
14 22 19 64 1 45 4 2 5 83 7 58 11 95 6 5 18 3 0 73 10 29 8 96 12 3 13 77 17 51 15 6 9 74 3 12 2 72 16 5 
18 29 3 89 2 66 0 2 10 8 1 53 13 55 11 75 19 65 16 24 9 62 6 97 7 77 4 18 14 53 12 66 17 1 15 19 5 76 8 45 
9 8 12 39 13 55 14 42 3 56 1 9 18 90 2 76 7 12 6 88 4 54 19 44 8 56 5 20 16 3 17 17 10 59 0 4 11 57 15 49 
2 31 15 83 18 26 3 6 6 51 5 68 4 37 14 47 1 86 9 52 12 53 13 73 17 30 0 89 10 70 19 4 7 62 11 39 8 65 16 80 
17 19 10 23 4 60 9 79 19 23 11 84 16 17 3 76 13 35 15 95 14 14 0 17 1 94 5 25 12 88 7 64 2 67 6 62 8 79 18 93 
19 91 13 99 5 69 10 43 16 13 4 83 6 38 14 36 3 83 15 17 18 98 7 98 9 49 12 82 2 76 17 20 0 33 1 88 8 44 11 77 
12 42 6 68 9 69 16 29 8 1 15 90 2 25 19 60 3 29 11 4 4 59 1 25 0 63 17 16 13 69 18 50 14 82 10 28 5 12 7 26 
3 35 18 20 15 80 14 94 13 14 17 42 0 47 19 20 16 80 6 7 5 53 7 38 1 82 4 46 10 37 12 58 11 13 9 2 8 66 2 33 
8 93 3 10 17 34 4 75 19 85 11 88 18 63 2 57 7 79 13 2 5 55 0 3 16 63 12 30 10 44 6 87 15 94 9 47 14 43 1 42 
8 79 2 23 13 60 19 50 16 42 6 39 5 51 15 14 1 93 14 2 3 63 4 97 17 66 18 46 12 77 7 79 9 63 10 16 11 61 0 44 
1 67 15 38 3 72 9 68 19 67 14 11 11 78 0 41 17 35 5 85 2 5 16 91 6 92 8 11 13 30 12 68 7 84 10 66 18 63 4 42 
10 41 9 3 1 99 18 42 11 88 14 23 4 59 16 68 3 83 2 34 6 14 17 83 5 98 0 51 19 85 15 68 13 13 7 29 12 31 8 93 
5 33 4 94 2 63 8 77 0 89 6 36 16 41 3 46 18 81 13 75 17 33 1 44 11 17 19 55 7 72 15 12 9 35 10 34 12 85 14 34 
5 31 6 95 4 91 15 99 1 93 7 9 0 82 11 53 9 53 2 13 18 19 17 52 8 53 13 85 14 8 16 77 10 87 19 99 12 98 3 32 
14 88 2 48 12 93 19 80 4 40 3 39 6 27 13 64 10 40 9 76 8 57 18 15 17 31 16 15 7 48 11 26 1 28 0 2 5 24 15 47 
15 76 16 37 1 52 11 11 10 92 14 11 9 78 0 43 3 76 19 95 2 4 12 40 17 61 7 10 13 71 4 55 8 7 6 72 18 26 5 53 
1 2 0 85 16 98 8 18 7 52 2 51 3 18 17 11 15 29 12 41 4 76 5 44 18 66 10 26 9 64 14 50 13 36 11 60 19 23 6 58 
10 13 14 98 7 51 1 58 16 11 11 71 2 97 13 41 9 69 3 79 8 12 12 65 19 12 17 14 4 5 0 30 6 5 15 42 18 51 5 12 
13 72 9 76 12 44 16 33 15 81 4 93 3 49 11 30 7 34 2 29 0 24 18 9 17 64 10 5 5 44 1 22 14 70 8 56 19 25 6 94 
16 86 6 23 19 56 18 8 9 73 8 77 13 81 12 98 0 92 7 66 14 9 3 55 15 81 11 37 4 62 1 2 2 11 17 13 10 16 5 36 
11 7 5 93 1 76 17 7 4 87 16 61 7 13 14 9 6 16 19 15 0 99 13 48 15 2 9 45 2 69 18 79 3 64 10 53 8 73 12 85 
19 26 6 37 9 3 11 57 10 42 3 29 5 18 7 40 1 68 16 78 13 9 12 12 18 12 15 71 4 61 2 43 17 94 0 77 8 2 14 73 
2 71 4 55 8 88 0 77 5 7 3 16 14 48 6 92 13 65 12 86 11 5 7 41 9 5 15 12 18 71 10 82 1 60 17 27 19 16 16 52 
12 70 11 30 15 71 17 10 10 32 19 2 1 66 18 72 7 4 16 80 9 57 13 56 8 57 14 67 5 62 0 78 4 3 6 3 2 77 3 1 
5 76 0 17 11 63 6 77 8 53 3 60 15 50 2 34 10 16 13 63 7 35 16 72 1 8 4 34 19 4 17 88 18 85 14 14 9 43 12 97 
8 98 16 16 7 44 5 88 6 93 18 82 13 81 4 31 14 65 15 8 12 40 17 97 2 8 3 22 10 59 19 43 0 29 1 6 9 34 11 94 
16 23 11 47 8 63 18 58 12 14 2 74 4 48 9 58 3 32 15 35 6 61 7 53 0 5 1 8 14 75 19 95 17 49 5 27 13 30 10 29 
17 18 15 19 6 11 19 46 18 37 8 97 0 93 3 56 13 72 2 41 7 90 9 6 1 24 16 4 14 5 11 23 12 83 10 24 4 65 5 27 
8 22 2 32 19 74 12 48 1 82 18 61 15 91 11 4 16 53 9 35 14 7 7 28 10 2 13 15 17 74 0 42 6 22 5 21 4 47 3 5 
17 26 4 39 18 18 6 85 0 15 12 18 5 38 10 90 3 82 19 59 16 70 13 66 14 88 2 72 8 33 7 17 1 14 9 43 15 33 11 96 
2 94 9 59 6 33 11 17 14 35 0 83 4 77 13 62 16 9 19 7 12 7 7 15 8 39 18 29 15 21 1 10 5 56 10 43 17 58 3 51 
15 41 17 9 9 83 11 82 19 86 18 58 8 71 13 80 0 4 3 34 1 17 6 29 2 1 10 95 16 71 5 20 14 60 7 44 12 71 4 17 
2 21 7 39 0 56 16 10 8 67 6 24 5 85 1 8 10 52 13 50 4 29 17 11 9 49 12 69 11 14 19 27 15 88 3 7 18 33 14 87 
13 61 1 4 2 45 10 3 15 68 9 67 16 21 8 25 0 84 14 37 12 26 18 94 19 64 3 45 17 45 7 76 5 34 4 91 6 89 11 64 
9 1 18 58 2 89 12 82 19 92 5 22 15 90 4 14 11 57 14 59 7 40 3 9 1 5 16 25 0 73 17 23 10 84 8 6 6 42 13 32 
13 54 4 39 8 97 15 82 6 76 12 88 14 72 19 6 11 15 16 94 17 80 1 69 10 9 18 54 2 69 7 35 9 13 0 49 3 63 5 48 
2 36 0 6 7 21 5 70 12 54 4 60 16 99 19 90 3 69 8 15 10 24 1 26 14 59 18 82 6 2 17 16 15 13 13 71 9 69 11 80 
15 25 0 41 5 23 1 32 10 22 13 98 7 68 6 2 3 82 19 29 14 43 18 46 9 55 12 18 16 45 8 97 17 74 11 19 4 53 2 26 
12 54 5 5 1 86 8 20 14 72 9 3 4 43 17 35 11 36 18 94 2 9 3 93 16 64 19 37 13 73 7 81 6 87 15 98 10 80 0 56 
15 84 6 43 4 66 19 51 2 63 9 52 17 19 3 20 16 49 7 57 13 35 14 22 10 24 11 11 8 26 1 68 12 54 18 60 5 97 0 69 
10 72 3 90 8 38 17 83 5 78 1 18 6 32 15 38 16 90 19 78 13 2 12 68 9 73 7 57 14 54 2 82 11 48 18 6 0 39 4 22 
9 1 14 74 19 7 11 18 13 99 5 38 17 30 15 13 18 96 7 36 8 23 4 95 6 86 1 2 16 88 0 2 10 23 12 5 3 43 2 73 
4 35 9 4 19 60 3 87 8 10 15 41 14 17 11 78 10 39 12 4 13 45 1 50 7 16 2 62 16 48 6 57 18 58 17 3 5 78 0 45 
3 51 0 35 12 46 5 29 6 63 1 73 2 55 4 8 13 82 14 93 8 55 7 6 16 64 19 37 10 31 11 20 15 79 9 56 18 1 17 50 
6 47 2 21 15 53 17 2 3 48 9 68 8 47 1 79 11 29 12 77 19 5 7 25 16 83 5 49 14 95 4 60 13 91 10 87 18 69 0 66 
10 92 11 76 6 88 7 79 2 44 8 81 13 76 0 49 16 63 9 9 4 97 5 61 14 55 12 63 1 16 3 74 17 80 15 28 19 23 18 42 
13 59 8 35 3 83 10 92 1 95 11 96 0 94 4 10 17 77 6 95 16 93 18 43 5 93 19 88 7 87 2 35 9 73 14 80 15 63 12 67 
0 28 8 50 14 61 12 3 13 65 9 84 6 27 10 14 3 6 15 61 2 54 11 48 17 60 19 85 5 20 18 45 4 97 16 85 7 47 1 38 
7 70 19 78 2 94 10 91 11 68 8 9 18 20 17 17 5 31 13 98 16 22 9 91 3 62 6 45 4 82 1 52 12 88 14 79 15 67 0 8 
15 54 10 52 17 50 2 9 3 98 5 62 6 19 19 86 11 23 1 65 4 90 9 28 8 90 13 98 7 76 14 51 16 19 18 54 12 49 0 88 
6 31 2 60 18 79 13 26 10 79 4 81 17 32 1 78 3 64 15 60 14 6 9 59 5 67 19 85 7 99 11 22 16 90 8 94 12 14 0 88 
11 96 8 95 7 86 1 14 19 69 2 2 9 67 13 39 10 86 12 3 17 52 14 96 5 46 6 19 16 85 3 54 15 21 0 48 18 17 4 72 
2 78 13 93 19 94 18 27 16 84 0 94 7 33 8 20 3 81 6 82 4 93 11 19 17 98 10 84 12 59 5 45 9 81 15 74 1 37 14 97 
16 69 10 3 19 3 17 84 11 16 6 63 5 27 9 28 4 57 18 79 3 47 15 21 1 35 14 96 13 14 7 71 12 69 8 43 0 41 2 94 
8 56 13 20 2 48 1 33 16 59 5 28 6 12 14 15 10 25 11 16 3 68 7 17 19 37 0 83 18 58 9 81 4 93 15 49 17 23 12 33 
18 99 11 21 13 44 17 48 15 38 3 50 14 76 4 13 5 19 1 40 9 87 7 70 8 8 19 74 0 29 12 44 16 45 6 47 2 56 10 64 
7 92 5 85 8 4 11 72 18 74 2 68 15 39 9 7 4 23 19 42 3 25 12 6 0 67 1 20 13 24 6 56 16 31 10 40 17 57 14 45 
5 84 1 25 3 36 8 78 13 22 0 62 18 2 15 96 7 79 16 73 9 31 17 67 10 8 6 79 19 69 12 97 11 56 4 17 14 63 2 76 
19 41 0 52 17 61 12 30 8 55 1 74 15 15 18 85 2 62 11 31 10 66 5 14 14 78 3 7 4 21 7 20 6 94 16 2 9 53 13 42 
11 52 16 2 6 21 15 53 18 58 2 93 17 40 7 44 3 30 0 39 19 82 13 26 10 8 4 69 9 14 14 86 5 68 12 74 8 22 1 76 
9 28 8 86 7 33 17 62 1 91 0 10 2 41 19 75 6 89 3 58 12 10 13 79 16 81 14 81 5 69 10 32 4 73 11 40 15 36 18 60 
10 12 13 53 6 67 19 74 3 83 5 96 17 23 1 73 11 73 4 91 0 2 9 2 14 86 18 84 16 22 2 88 7 43 12 87 15 21 8 82 
3 29 18 26 0 50 7 39 6 8 12 63 13 3 11 4 17 84 2 89 4 90 14 78 10 67 5 81 19 35 8 50 15 15 16 90 9 31 1 8 
2 41 10 91 16 87 18 42 0 74 19 31 13 8 9 53 6 98 4 14 15 28 11 93 14 24 3 33 5 83 17 71 7 68 8 15 12 78 1 19 
17 16 19 16 7 6 12 49 11 41 4 89 3 46 10 67 13 22 15 53 9 22 2 34 14 46 5 52 0 51 1 23 18 56 6 37 16 52 8 85 
1 82 10 97 14 66 13 40 6 77 18 34 12 11 0 10 5 54 3 19 7 18 8 96 4 77 17 78 9 8 2 48 15 23 16 4 19 44 11 2 
4 16 16 22 19 85 5 89 3 97 6 90 8 58 7 67 2 75 0 78 12 60 14 33 9 56 18 35 1 89 10 95 13 40 11 91 15 93 17 2 
18 55 17 75 5 49 15 95 8 11 6 22 12 5 10 61 0 16 11 46 3 72 2 1 7 21 9 38 4 56 14 51 16 92 19 2 1 57 13 34 
4 31 12 51 15 43 8 85 6 39 19 83 18 64 11 43 1 16 0 40 17 57 14 9 5 56 10 58 9 84 3 21 7 56 16 90 13 22 2 65 
0 8 7 65 3 62 13 94 19 4 16 89 1 48 9 70 5 71 11 28 8 52 6 99 15 70 4 63 10 48 17 38 12 91 2 30 18 33 14 70 
15 36 7 1 0 99 16 14 6 78 10 40 9 94 17 58 8 18 14 64 13 30 1 5 19 76 11 63 4 84 2 57 3 85 18 18 12 2 5 56 
14 74 19 49 17 17 4 49 0 64 10 17 12 32 1 50 9 66 8 20 18 51 3 11 15 38 7 43 6 94 11 79 5 55 16 19 13 11 2 48 
15 69 7 84 6 15 14 48 3 27 18 22 10 56 8 95 17 52 11 10 1 11 16 69 0 72 13 17 4 50 12 97 2 57 5 58 19 48 9 86 
14 25 16 86 10 79 6 21 9 63 11 23 8 67 2 46 0 46 15 13 4 49 18 24 19 90 5 86 7 58 12 49 17 90 1 69 3 17 13 9 
5 68 2 43 16 84 17 1 1 72 4 27 19 86 18 94 9 98 13 76 10 12 0 99 6 20 8 97 11 47 15 14 3 78 7 38 12 39 14 24 
5 90 13 11 10 90 9 70 4 2 14 78 19 5 15 52 18 64 2 58 8 53 7 54 11 40 0 23 3 62 1 15 12 22 16 90 17 40 6 35 
9 27 15 62 16 85 19 75 18 63 10 77 8 67 5 75 12 62 6 6 3 48 17 81 1 96 14 39 11 2 7 12 13 36 2 54 0 73 4 9 
1 30 14 42 4 30 19 2 10 40 8 33 5 63 3 34 13 46 6 50 12 76 15 20 7 11 0 66 2 43 17 39 18 85 16 19 9 78 11 37 
18 67 16 67 17 26 8 10 14 1 1 15 12 57 7 21 9 38 13 64 19 66 10 71 3 61 4 1 5 13 2 71 6 33 0 68 15 14 11 24 
15 9 9 84 12 44 8 5 5 25 6 5 2 45 19 4 14 62 1 14 7 1 11 81 4 18 0 39 18 25 3 80 17 69 10 78 13 93 16 22 
0 46 19 49 12 27 3 49 10 44 1 86 18 58 5 9 16 78 2 24 11 13 17 61 6 43 7 89 15 84 8 68 9 87 4 2 14 72 13 35 
15 79 4 90 13 61 18 23 16 19 0 11 14 23 9 87 1 96 11 38 2 1 7 24 8 53 5 1 17 8 19 79 6 90 3 62 12 96 10 58 
13 12 11 45 4 26 12 50 17 7 10 47 16 45 0 2 7 79 3 34 14 58 8 92 18 48 1 56 19 8 5 46 9 68 6 43 2 24 15 48 
5 41 10 65 0 38 14 97 11 41 6 63 18 48 19 1 12 63 13 44 17 80 15 90 8 71 7 18 3 48 16 11 4 90 9 94 2 65 1 2 
13 28 12 83 5 80 3 73 9 52 11 35 4 14 7 19 14 21 19 3 8 44 15 18 16 64 6 91 10 79 1 98 17 33 2 87 0 62 18 72 
16 51 5 68 1 69 3 14 15 93 9 5 8 85 10 39 19 58 7 79 4 19 18 76 17 3 11 82 13 16 14 75 0 77 6 62 12 83 2 60 
15 69 14 1 3 28 5 12 19 58 4 22 10 4 0 39 18 69 7 69 2 75 16 51 8 11 12 89 13 75 9 65 1 22 17 37 6 81 11 92 
15 55 14 30 18 97 0 48 4 11 11 25 7 83 5 32 9 42 17 13 19 58 16 37 1 44 13 3 12 2 6 88 2 21 10 65 3 31 8 93 
15 97 14 24 9 1 0 63 19 11 7 57 10 92 17 79 5 55 8 7 11 20 2 82 4 33 16 51 12 36 13 71 18 69 3 57 6 27 1 13 
18 53 1 41 19 89 15 85 5 75 9 62 6 51 14 58 13 75 3 15 0 62 7 44 12 53 2 87 4 23 17 82 16 68 11 8 8 43 10 73 
7 5 9 79 17 86 1 35 11 90 13 17 12 54 16 25 10 42 5 77 19 85 3 97 14 9 6 12 18 97 0 7 15 25 2 63 8 44 4 41 
14 99 18 6 6 31 16 94 9 37 1 38 10 51 15 17 2 32 11 33 8 5 12 29 7 42 0 61 5 99 3 30 17 21 4 42 19 74 13 42 
15 42 10 54 12 17 17 74 6 1 18 99 8 24 2 55 3 53 7 2 11 32 19 42 9 69 16 89 4 57 1 86 5 23 0 89 14 6 13 88 
11 60 16 52 15 95 9 24 3 77 12 87 0 46 4 76 6 41 1 66 2 64 13 2 17 60 5 81 14 4 7 56 18 74 10 5 8 9 19 25 
0 6 11 86 6 53 15 20 5 87 16 51 3 76 17 35 7 81 10 65 19 87 14 22 1 28 18 37 13 40 8 92 12 30 4 31 2 12 9 5 
2 51 1 88 5 15 3 12 12 32 17 24 0 32 8 89 13 24 14 89 9 44 10 18 19 71 16 34 6 1 7 44 11 89 4 62 18 20 15 9 
14 55 8 1 18 80 2 3 17 13 12 84 4 41 5 32 0 18 11 68 10 61 1 73 19 5 15 82 3 30 7 26 16 49 6 46 9 30 13 16 
7 87 18 42 11 2 2 28 12 32 14 53 4 59 10 87 13 20 17 11 19 73 5 13 3 81 0 18 6 21 8 32 15 24 16 35 1 40 9 21 
7 64 17 29 9 75 0 25 15 17 10 21 16 42 12 30 14 62 19 23 18 34 6 61 5 96 2 69 1 33 4 53 13 36 8 30 3 89 11 5 
8 38 15 29 4 40 2 46 11 40 19 67 6 8 7 8 5 2 9 40 3 15 17 69 13 67 12 51 16 92 10 24 18 87 14 77 0 66 1 11 
6 41 9 20 12 28 1 40 19 36 10 38 2 72 3 2 7 1 13 1 18 35 5 70 17 42 15 35 0 54 4 77 11 9 8 77 14 81 16 20 
16 24 18 98 9 62 15 78 10 38 0 61 2 10 6 78 1 11 5 35 19 39 11 80 8 74 7 59 3 83 14 9 13 9 4 12 17 11 12 19 
8 86 18 97 15 2 5 80 14 55 17 22 13 93 10 80 9 26 11 65 1 76 7 58 2 19 6 68 4 24 12 40 3 63 19 95 16 3 0 5 
10 30 5 92 7 48 17 47 19 70 18 69 9 42 16 60 0 5 14 84 2 16 6 95 13 55 15 91 12 95 1 40 11 81 8 71 4 95 3 44 
9 41 16 91 5 16 17 63 3 92 14 46 12 64 8 88 0 96 19 48 2 32 1 25 18 46 11 8 13 36 7 31 6 79 15 73 10 44 4 31 
3 56 11 47 15 70 7 76 8 84 12 40 4 28 14 28 1 10 6 70 2 84 16 13 13 25 10 15 5 35 19 33 17 67 18 29 9 62 0 7 
15 77 0 94 19 92 12 65 2 61 16 8 13 16 10 65 8 42 11 5 5 49 3 59 14 69 9 77 17 16 7 41 6 20 18 17 4 81 1 22 
10 11 19 40 0 20 14 48 3 89 18 66 8 84 11 99 5 44 16 36 6 33 7 46 2 22 1 63 9 53 4 5 17 9 13 12 12 43 15 30 
18 44 10 80 14 60 5 91 2 28 12 58 3 45 8 27 11 36 13 80 15 32 19 39 6 74 17 11 1 81 9 79 0 63 4 96 7 17 16 70 
17 82 12 79 13 6 14 90 8 39 15 96 16 30 6 26 18 70 3 60 10 46 11 79 2 92 7 8 1 12 5 98 0 41 19 10 4 90 9 66 
19 45 10 68 11 43 13 74 0 90 6 82 7 24 18 66 1 42 12 76 3 3 15 69 2 3 9 88 5 8 8 19 17 60 14 43 16 84 4 26 
8 52 16 47 13 56 10 50 12 94 3 49 9 48 4 73 19 43 6 36 14 84 15 51 7 63 0 39 17 32 2 33 5 17 11 19 1 80 18 6 
4 78 2 79 5 63 1 64 14 62 13 97 12 28 19 5 18 31 0 97 6 73 16 32 9 49 11 69 3 44 15 57 8 86 10 78 17 76 7 50 
7 87 6 43 19 90 5 21 17 74 0 82 1 83 2 48 13 61 9 68 14 65 16 8 15 68 12 8 10 80 3 77 8 21 4 92 18 19 11 86 
8 80 1 41 11 72 5 8 6 17 15 24 9 14 0 59 13 92 7 65 14 77 18 40 16 9 2 98 3 13 10 11 17 86 12 27 4 56 19 48 
0 54 7 39 18 12 15 66 10 33 14 69 11 20 13 47 3 36 12 33 1 8 8 41 5 14 17 46 16 41 6 51 19 94 4 98 2 16 9 77 
14 42 12 7 8 89 1 88 7 87 19 57 10 2 6 62 15 42 4 1 3 44 5 99 9 48 11 55 17 5 2 54 16 37 13 71 18 38 0 17 
11 32 17 24 19 80 13 53 8 94 2 27 0 96 16 37 12 81 3 70 5 55 6 46 18 26 15 8 1 56 9 25 14 3 4 34 10 82 7 84 
15 47 7 53 4 51 19 95 2 13 14 38 3 55 11 34 16 40 17 56 9 74 13 2 10 77 6 68 0 18 8 54 5 92 1 41 18 61 12 18 
1 31 2 34 11 54 6 3 14 17 8 53 10 31 9 20 15 24 4 85 19 89 13 71 7 61 18 70 16 73 0 64 12 94 17 55 3 44 5 92 
17 19 19 57 2 25 7 74 3 60 9 16 12 34 6 23 14 3 4 46 10 78 16 24 11 76 5 17 18 46 15 54 1 53 13 78 8 8 0 4 
19 94 4 68 1 99 2 38 11 50 12 81 8 91 17 60 15 46 7 24 5 6 6 71 13 23 10 81 16 39 9 90 0 42 14 97 18 48 3 97 
9 15 10 54 13 54 1 78 6 65 17 9 18 24 11 61 3 92 19 26 5 9 14 35 0 82 7 46 15 39 12 65 8 60 2 53 16 35 4 54 
2 81 12 26 7 99 18 32 10 56 13 20 3 56 14 44 4 25 9 39 8 42 6 60 19 27 11 1 16 3 5 99 15 34 0 34 1 40 17 85 
3 73 8 85 6 26 12 53 5 84 19 90 16 18 17 22 15 6 13 23 1 14 4 54 14 48 9 89 2 26 0 52 11 83 18 91 7 55 10 72 
12 69 8 94 11 51 16 15 19 66 15 78 14 83 10 55 7 73 4 67 5 62 6 47 17 34 13 40 3 53 18 71 0 51 9 85 2 15 1 9 
11 30 17 58 6 81 12 83 13 18 5 83 15 35 14 81 9 8 1 75 3 78 10 30 0 57 4 21 16 19 18 23 7 50 19 68 2 89 8 25 
18 62 0 33 2 76 4 41 1 24 19 35 17 26 11 50 16 95 9 56 8 74 5 47 13 96 14 34 3 27 10 9 6 20 12 67 7 47 15 6 
3 92 0 95 8 56 15 94 7 84 9 20 2 47 18 37 14 42 13 56 10 53 5 1 19 4 6 49 16 45 11 67 12 7 17 46 1 26 4 40 
12 21 10 75 17 10 1 1 15 81 8 19 3 9 18 37 14 92 0 97 2 41 16 25 9 76 4 42 7 62 11 32 5 62 6 19 13 8 19 82 
8 35 11 53 19 17 3 19 0 78 7 91 15 86 6 22 18 68 9 24 4 59 17 88 5 45 16 89 10 2 12 11 1 77 2 10 13 53 14 91 
13 71 19 98 16 96 3 37 8 19 1 80 4 33 18 94 12 34 17 49 6 78 0 72 7 3 14 78 10 97 5 85 2 3 9 26 11 92 15 66 
2 58 9 21 1 47 17 71 19 72 7 58 18 63 0 69 13 91 4 88 8 70 10 20 5 92 12 81 15 24 3 24 16 6 6 39 14 22 11 7 
7 66 13 18 3 66 2 12 19 15 9 76 0 93 5 57 10 52 12 11 17 50 18 81 4 9 15 71 11 61 1 32 6 10 16 58 14 90 8 15 
13 55 4 97 1 73 11 65 19 38 0 24 9 50 12 56 16 4 8 12 6 48 7 16 10 41 14 4 15 47 17 32 5 25 2 78 3 98 18 7 
14 16 2 84 19 5 4 43 9 43 3 10 5 71 12 13 18 28 8 54 0 27 15 64 10 47 16 44 6 18 7 81 11 40 1 16 17 62 13 63 
5 78 6 22 17 61 8 39 7 40 4 60 12 39 2 69 1 32 3 11 19 78 18 51 10 98 16 38 0 31 13 66 9 22 14 70 15 18 11 55 
9 48 14 77 5 44 2 27 0 47 13 22 15 87 10 48 1 42 12 52 4 18 18 53 19 51 3 27 17 79 16 34 7 89 11 93 6 57 8 74 
10 99 0 20 3 31 6 3 19 68 4 31 17 17 12 74 1 10 18 34 14 70 5 40 2 87 11 86 16 12 7 88 15 28 8 10 13 36 9 81 
0 22 18 42 19 63 17 37 3 70 5 97 9 30 8 43 7 75 6 72 13 96 10 77 11 83 1 55 15 4 14 66 16 69 4 21 2 30 12 9 
6 94 4 71 3 94 7 2 8 22 15 49 2 99 13 96 17 94 9 71 19 11 1 84 10 89 16 81 12 56 11 7 18 79 5 93 0 71 14 28 
12 57 4 63 7 73 18 95 5 54 16 66 17 92 1 5 6 48 9 34 19 96 11 2 8 73 15 99 13 71 10 51 2 94 3 66 14 6 0 37 
5 95 9 6 8 13 2 39 7 18 10 87 13 36 18 86 17 20 16 18 11 99 3 60 0 70 14 68 4 23 19 71 12 17 1 30 15 54 6 27 
10 10 18 48 14 49 6 4 4 43 5 54 17 65 0 20 11 3 16 54 3 9 1 28 19 2 8 59 15 50 9 51 12 72 13 10 7 86 2 87 
16 50 1 57 11 77 2 29 18 64 13 59 15 2 9 5 8 94 19 46 4 22 12 7 10 23 6 17 17 39 3 59 0 4 5 5 7 60 14 47 
18 35 11 90 17 27 12 38 19 64 15 2 10 13 3 47 16 51 2 48 7 76 1 96 0 85 4 3 5 53 6 80 9 69 14 94 8 81 13 1 
1 74 9 36 12 69 8 99 10 33 14 70 6 8 17 22 2 87 18 33 5 60 19 92 3 99 15 84 7 10 4 15 11 74 16 41 0 36 13 9 
18 7 1 52 4 51 2 91 5 29 15 13 10 58 11 41 0 84 14 85 6 67 16 50 8 9 3 18 7 47 19 2 9 49 12 88 13 82 17 82 
3 96 15 92 2 52 19 46 16 10 10 82 14 54 11 25 13 43 5 86 17 29 7 27 4 65 6 53 18 86 0 67 12 78 9 68 8 18 1 9 
15 87 9 78 16 70 7 56 3 8 14 45 2 59 1 77 11 50 5 6 8 91 6 52 18 5 13 6 12 3 10 8 19 23 4 90 17 67 0 98 
1 33 3 96 13 40 19 91 15 88 17 42 5 87 18 95 10 11 2 22 14 41 12 75 7 54 4 4 6 81 8 8 16 16 0 25 9 5 11 84 
4 55 2 83 10 78 17 43 8 93 6 59 19 47 15 18 11 71 12 12 5 58 16 30 0 7 18 97 13 32 7 39 3 27 9 38 14 59 1 27 
19 51 6 25 11 32 10 55 1 40 13 72 18 95 15 34 17 64 7 35 16 43 14 12 8 39 0 34 5 75 2 51 12 25 4 6 3 6 9 59 
3 22 7 6 8 60 4 14 13 82 11 86 16 96 12 68 14 46 15 49 10 33 0 7 19 61 17 20 6 40 5 84 2 8 9 19 1 40 18 28 
14 8 16 32 7 71 6 51 11 88 1 7 18 35 19 1 17 44 12 93 2 30 13 26 5 29 8 14 4 44 10 85 0 47 15 66 9 89 3 22 
12 94 16 19 4 35 5 96 9 9 6 2 19 77 8 72 13 61 7 39 11 68 2 31 18 27 10 87 14 47 15 39 17 91 0 18 1 46 3 76 
19 79 2 64 5 67 3 43 16 5 4 20 1 49 10 7 17 49 0 39 14 78 13 70 15 23 8 34 6 51 9 90 18 47 7 94 12 96 11 46 
8 26 14 41 19 31 0 82 13 95 5 35 7 8 11 40 10 13 12 92 6 33 16 34 3 49 9 31 18 83 15 53 17 93 1 21 4 47 2 46 
11 99 13 58 6 85 17 52 12 81 18 22 10 62 7 52 9 64 5 92 16 25 1 4 15 89 8 68 14 57 3 79 0 84 19 77 2 75 4 31 
10 31 15 6 3 27 11 57 19 55 7 41 14 84 5 80 8 8 0 84 9 25 18 35 12 56 2 18 17 68 4 21 16 15 1 89 13 45 6 31 
17 11 5 20 8 31 16 53 19 91 13 40 0 98 6 92 10 59 12 42 14 10 11 19 9 70 3 81 7 98 18 13 1 14 15 47 4 90 2 10 
