200 20
2 85 8 44 1 31 19 38 7 44 4 26 18 22 16 20 10 24 13 65 9 13 6 4 17 79 14 94 11 5 12 63 15 19 3 49 5 70 0 40 
17 96 5 94 15 10 10 83 2 85 11 83 3 12 0 87 16 91 12 63 9 77 1 18 14 28 18 3 13 67 8 23 6 7 19 21 4 96 7 56 
4 42 6 22 2 31 0 34 14 33 7 39 19 79 18 72 3 63 10 82 8 40 9 16 5 40 11 19 16 49 1 40 12 43 13 83 17 6 15 81 
14 54 4 23 10 57 18 61 11 77 6 33 3 22 19 6 7 6 9 90 0 60 8 83 13 73 5 81 15 59 1 34 2 90 12 97 16 62 17 5 
18 12 12 29 13 21 14 91 17 71 8 4 3 50 1 69 6 86 0 50 9 77 16 4 4 58 10 93 11 43 2 83 5 35 19 97 7 84 15 22 
9 88 2 38 6 5 0 17 5 28 18 47 3 25 12 27 7 7 17 98 13 35 14 31 10 23 11 41 19 6 8 29 1 97 16 95 4 46 15 34 
2 90 5 79 17 62 11 68 15 23 7 41 16 83 1 60 12 55 18 55 19 63 14 31 13 11 4 14 3 27 9 11 6 74 10 19 8 57 0 38 
8 67 18 47 3 79 19 61 9 86 16 89 2 16 5 80 11 96 15 77 4 1 1 3 6 84 10 23 13 10 7 89 17 34 12 58 14 57 0 82 
5 5 15 73 1 5 8 14 2 12 0 31 12 61 4 22 13 26 19 69 16 95 11 26 10 7 17 51 3 23 14 19 9 7 7 18 6 15 18 58 
18 90 5 30 14 26 19 45 2 54 7 88 11 19 15 69 0 97 6 45 3 15 12 18 1 9 9 88 13 20 8 17 16 72 10 72 4 90 17 32 
15 45 2 17 7 14 14 7 8 63 5 47 1 6 6 42 10 94 16 98 18 51 0 54 11 97 3 21 19 84 17 77 12 16 4 66 13 58 9 55 
0 94 10 81 13 62 15 57 11 30 18 62 17 93 12 75 16 92 9 74 1 78 7 1 2 32 8 26 6 75 19 14 5 78 3 57 4 79 14 91 
17 65 7 20 18 27 16 75 1 22 11 98 9 6 5 77 3 86 12 88 15 35 4 1 13 6 19 46 0 93 2 55 10 18 6 26 14 94 8 42 
1 99 19 31 6 40 5 37 14 78 4 20 8 44 3 82 15 7 0 15 16 25 11 98 10 51 12 88 2 40 17 47 18 98 9 46 7 82 13 90 
13 26 3 38 1 82 18 22 2 37 14 33 4 67 5 58 0 62 7 53 6 97 11 27 19 46 8 70 12 18 17 4 9 23 15 18 16 47 10 32 
16 49 4 2 13 19 14 3 8 91 11 13 0 8 19 49 18 19 17 68 12 92 3 90 7 2 10 1 5 45 2 51 6 58 9 68 1 58 15 51 
9 38 6 45 1 38 15 6 11 23 16 55 14 39 3 27 5 55 2 22 19 22 17 42 18 96 10 87 7 76 13 18 12 55 4 56 0 66 8 46 
6 44 11 77 13 71 5 65 10 2 4 3 12 44 0 40 17 11 19 95 9 68 15 16 1 43 3 94 2 53 16 93 14 33 18 21 8 52 7 61 
8 20 18 87 1 23 17 1 13 97 4 62 0 40 11 4 3 46 16 53 19 16 5 86 6 28 14 97 9 98 2 45 7 52 10 53 12 18 15 75 
15 86 7 40 2 17 1 84 5 61 0 14 8 66 3 15 6 14 4 64 18 35 13 28 9 15 19 18 17 49 16 38 11 63 10 77 12 74 14 80 
11 48 4 43 9 2 0 84 17 83 10 80 1 11 5 12 16 89 3 32 15 89 2 80 8 7 19 68 14 42 13 84 7 56 18 62 12 24 6 69 
19 35 18 90 0 48 17 61 5 46 13 53 4 66 6 51 11 97 10 6 2 49 12 29 8 23 1 51 9 91 3 40 7 96 15 89 16 49 14 34 
2 3 8 70 12 6 7 1 0 20 10 86 15 25 11 61 19 56 16 88 14 29 9 60 18 60 4 41 1 78 13 34 6 71 3 75 5 37 17 86 
0 48 8 99 10 41 14 6 2 98 1 5 19 90 4 65 17 80 13 3 3 69 9 26 5 11 6 58 18 25 16 94 15 57 12 18 11 60 7 71 
8 15 2 63 12 17 1 98 9 71 4 73 11 7 19 14 6 51 10 39 0 77 7 5 3 9 17 52 5 44 16 26 13 9 14 99 15 85 18 76 
17 9 0 33 1 96 12 32 18 78 8 51 15 68 10 17 3 97 4 90 14 57 11 65 16 37 19 14 2 77 9 6 5 95 6 13 7 38 13 46 
18 12 12 90 14 30 3 43 1 94 16 44 0 70 9 12 8 61 17 1 15 76 2 29 11 19 19 5 6 37 10 50 7 93 13 71 4 30 5 53 
6 62 9 99 8 72 19 32 0 40 2 47 15 88 18 44 13 71 17 26 10 27 14 64 11 14 12 96 1 99 7 10 16 32 3 9 4 15 5 83 
12 94 11 47 15 74 10 89 16 37 3 59 9 70 13 63 18 29 1 40 2 16 7 30 6 92 17 92 8 67 19 20 14 53 5 6 4 42 0 60 
17 83 7 84 12 70 15 76 5 45 4 6 19 45 6 82 2 46 8 6 3 81 9 27 16 39 18 56 14 73 1 74 0 63 10 7 13 11 11 79 
18 17 14 18 19 44 0 75 17 4 12 33 11 37 4 59 3 6 9 22 8 38 1 42 10 94 6 55 5 4 16 44 7 49 2 85 15 29 13 10 
4 95 13 46 19 10 3 13 6 45 8 8 14 35 1 16 16 59 18 75 2 36 9 13 15 90 12 27 0 84 17 72 11 70 10 89 7 72 5 73 
3 87 4 54 6 41 19 44 7 3 9 21 10 65 8 74 1 70 18 69 13 19 11 83 17 26 2 50 0 51 5 14 15 46 12 48 14 93 16 44 
19 94 8 1 9 87 18 93 2 89 14 81 3 74 7 39 5 55 17 54 6 77 4 56 10 54 16 74 0 7 12 35 1 30 15 30 11 5 13 75 
15 8 7 11 10 26 9 19 6 83 3 74 19 51 2 84 17 29 4 59 14 84 16 3 1 45 12 47 8 16 11 44 0 11 13 55 18 85 5 62 
7 81 5 41 3 28 4 86 8 14 18 75 11 74 1 68 14 74 13 42 12 49 0 99 16 61 10 18 9 86 6 44 15 21 19 66 2 72 17 48 
19 98 6 84 8 14 13 76 17 85 0 59 15 49 18 77 9 50 1 11 3 58 12 48 11 11 14 24 7 19 2 59 4 12 10 59 16 94 5 14 
2 39 8 39 16 11 12 22 15 60 4 42 7 78 13 87 10 54 11 49 5 76 0 13 17 47 6 74 18 28 14 73 3 68 1 49 9 91 19 34 
19 36 1 95 16 69 15 25 12 56 18 43 0 38 14 14 3 70 9 21 13 13 7 64 8 70 11 97 10 56 17 98 4 78 5 66 6 31 2 74 
8 45 17 30 9 36 6 88 18 44 3 45 13 90 19 49 14 56 16 66 2 48 10 53 15 86 11 2 7 71 12 16 1 90 0 85 4 49 5 38 
2 5 3 33 16 72 13 30 14 79 17 93 12 20 0 42 9 84 4 25 19 72 15 27 5 16 11 54 10 58 18 84 8 41 6 52 7 45 1 17 
16 78 17 5 14 48 2 19 12 24 9 72 19 60 11 97 3 71 6 65 0 18 4 79 8 12 13 93 10 74 1 33 15 93 5 43 18 64 7 93 
19 43 1 12 11 67 17 25 12 83 7 33 5 50 14 65 9 11 16 45 13 70 3 73 2 23 6 19 8 61 18 95 15 7 0 24 10 21 4 75 
10 94 9 80 15 74 1 74 12 96 16 3 7 29 17 42 2 79 18 32 14 32 5 45 6 79 4 84 11 39 8 67 3 73 19 57 13 46 0 90 
6 4 4 92 10 77 13 6 0 48 3 13 14 9 16 89 12 13 7 87 8 84 17 64 18 89 2 98 11 66 5 28 15 50 19 93 9 64 1 17 
7 74 11 86 13 9 4 32 14 28 2 49 3 9 19 16 5 41 1 1 18 42 10 47 6 61 0 98 15 97 12 37 9 96 8 15 17 6 16 9 
12 53 11 31 2 58 8 72 15 48 6 32 4 98 1 4 14 38 0 79 9 9 17 70 3 32 18 44 7 93 5 50 16 17 19 10 10 20 13 7 
11 27 13 11 4 9 5 20 12 64 18 87 14 80 8 10 15 54 9 63 2 54 3 88 10 33 0 38 19 44 6 41 16 86 17 91 7 32 1 61 
19 73 7 90 16 58 10 39 9 84 11 88 13 66 2 9 1 82 8 32 3 97 15 99 14 3 6 74 5 74 4 82 18 72 17 88 12 14 0 63 
9 51 15 24 3 44 7 50 16 38 4 93 6 46 11 93 10 98 0 56 2 56 19 20 1 5 13 91 18 20 17 85 5 69 14 73 12 81 8 40 
6 9 2 27 7 10 12 80 13 72 9 64 16 12 19 98 0 12 18 11 1 32 11 1 14 8 10 26 4 52 17 8 8 45 15 82 3 52 5 76 
10 65 6 36 9 49 13 48 11 55 8 17 7 43 4 65 16 60 19 34 18 82 5 27 1 90 12 86 15 81 17 92 2 50 14 41 3 68 0 62 
13 17 9 82 2 34 4 24 10 69 18 22 1 22 8 58 3 28 16 52 12 93 14 21 17 69 6 29 19 59 11 63 5 76 0 51 15 78 7 27 
17 84 14 47 15 95 16 23 13 4 5 84 9 15 7 84 1 96 18 84 6 5 4 13 10 56 2 19 12 2 0 29 19 17 11 74 3 88 8 32 
2 88 12 51 15 51 1 49 18 60 17 87 5 58 14 20 11 68 8 95 16 8 9 49 6 39 0 82 19 44 4 96 3 34 10 98 13 11 7 41 
18 44 8 31 11 82 5 29 15 28 9 78 7 79 14 64 19 26 0 60 2 10 13 86 6 98 12 90 3 18 16 69 1 24 17 45 10 52 4 48 
1 36 9 77 6 57 16 7 7 18 14 11 19 30 8 21 0 2 18 93 15 98 17 43 12 66 11 87 2 54 10 1 3 96 13 25 4 20 5 71 
10 84 14 48 12 22 19 58 13 94 17 17 11 33 4 6 9 66 18 31 7 42 1 99 0 10 8 71 6 47 15 70 16 73 3 31 2 44 5 79 
10 89 6 55 12 87 5 33 7 34 17 62 8 6 3 30 15 98 19 61 9 23 11 47 16 28 4 64 0 81 14 90 1 40 13 43 2 22 18 37 
1 11 19 61 13 27 2 61 15 22 16 39 17 53 3 13 11 36 6 22 9 51 14 23 10 81 5 75 7 3 4 87 0 24 12 68 8 33 18 51 
0 90 5 72 19 63 9 18 4 87 18 4 1 68 3 99 8 32 17 17 2 9 11 63 10 75 12 97 7 22 15 77 13 22 16 38 6 72 14 78 
6 92 17 33 2 66 8 64 15 22 3 41 9 89 1 52 11 56 7 85 13 25 19 7 12 93 5 29 4 66 0 84 10 68 16 30 18 97 14 2 
1 83 16 25 0 9 11 55 2 46 15 11 4 49 6 38 14 93 12 3 3 25 7 3 8 12 9 94 10 48 18 72 19 22 17 3 13 32 5 39 
9 39 17 40 12 41 15 23 11 26 16 30 1 36 10 88 8 57 2 42 6 98 4 19 7 34 19 17 18 76 5 60 0 18 14 34 3 55 13 24 
7 50 19 12 12 53 17 84 18 64 9 41 1 59 0 25 10 27 16 33 14 10 15 17 6 57 13 99 3 7 4 70 8 80 2 47 11 48 5 68 
0 24 9 74 5 1 16 91 12 71 14 86 3 39 10 72 19 18 2 24 1 39 8 27 17 13 4 94 7 14 18 40 15 86 11 10 13 7 6 99 
4 14 19 33 10 11 17 7 7 75 0 25 12 86 9 22 13 68 2 11 18 39 11 40 14 25 6 94 8 33 5 37 1 89 15 18 3 13 16 9 
17 41 12 99 13 47 6 40 15 75 2 93 18 23 16 65 4 65 7 22 11 50 1 63 9 40 0 93 3 69 10 22 8 48 19 19 5 42 14 37 
16 79 0 70 12 88 15 36 1 49 9 73 11 96 14 20 7 55 2 7 5 42 13 20 6 24 3 5 18 81 19 41 4 98 8 58 17 61 10 46 
2 37 17 12 11 54 1 32 13 1 12 4 19 75 10 86 16 64 5 49 4 46 15 11 3 38 0 37 14 69 8 51 18 52 7 70 6 22 9 35 
1 68 12 97 2 90 15 53 6 5 10 89 8 63 7 83 14 71 0 21 18 33 3 43 4 76 5 74 19 42 11 86 13 51 17 81 9 70 16 76 
13 45 1 79 4 60 17 23 15 74 12 40 16 98 9 53 18 22 14 3 5 84 3 95 10 28 19 43 8 51 6 44 2 57 0 29 11 45 7 32 
14 85 8 13 17 28 0 93 5 92 12 54 15 76 2 66 7 59 18 26 6 87 4 14 16 59 3 85 10 27 9 54 11 75 13 52 1 48 19 61 
3 34 10 26 2 48 19 14 14 60 15 1 0 38 4 29 6 50 16 80 18 95 1 85 11 31 8 42 7 29 5 27 12 3 13 81 17 12 9 60 
9 88 2 90 13 53 5 94 12 54 8 46 3 85 11 9 17 48 0 80 14 41 4 80 1 92 6 6 19 88 10 91 7 70 16 15 15 50 18 68 
12 43 8 13 7 87 18 11 9 7 4 5 2 54 16 47 19 72 5 25 14 8 3 68 17 91 15 34 11 34 1 56 10 93 6 94 13 68 0 55 
13 81 3 70 0 25 14 44 15 35 18 75 4 10 17 26 8 82 10 30 1 64 7 92 11 12 6 41 9 99 12 5 2 25 19 36 16 11 5 13 
7 21 15 65 14 97 4 61 17 67 3 25 13 32 12 31 18 75 11 63 1 46 0 49 2 14 6 86 19 48 10 85 16 17 8 22 5 34 9 74 
0 4 10 68 2 27 7 54 11 2 9 64 3 43 18 5 14 20 13 99 16 61 17 58 8 97 4 1 12 83 19 42 5 36 15 40 1 59 6 40 
1 54 0 23 19 14 12 17 8 22 10 23 14 32 13 52 2 45 5 61 7 97 11 78 6 97 9 35 16 53 15 3 4 86 17 85 3 21 18 71 
4 95 6 17 2 74 10 95 5 8 1 27 13 63 7 1 15 25 8 11 12 70 9 61 14 93 11 4 0 12 18 40 16 91 17 16 3 99 19 50 
13 43 4 4 3 44 2 63 7 96 1 78 5 58 11 52 18 33 16 74 0 17 14 45 6 11 9 30 15 45 10 57 8 11 17 91 12 85 19 34 
8 67 7 91 13 99 16 35 11 79 0 24 14 69 15 40 12 68 17 1 2 4 3 89 10 3 6 95 19 18 9 17 18 51 1 13 4 3 5 52 
9 68 3 35 8 93 18 16 17 59 19 77 2 59 0 29 13 81 15 49 11 13 4 8 1 12 10 10 7 31 14 98 16 70 6 89 12 4 5 74 
2 53 1 92 10 76 17 9 5 1 16 34 18 44 12 22 3 17 6 69 19 83 14 63 8 5 15 80 13 39 0 24 9 78 11 58 4 64 7 92 
7 1 10 47 8 69 19 55 0 63 13 62 12 65 16 52 2 62 15 18 6 30 3 93 14 95 18 46 11 98 9 98 4 89 5 71 1 75 17 26 
15 98 6 48 19 64 4 42 0 48 9 24 11 77 3 90 13 22 8 51 12 48 1 11 7 23 5 17 16 66 17 82 10 36 2 9 14 88 18 36 
3 98 15 8 2 18 12 28 9 51 11 65 0 64 1 47 17 40 14 46 6 36 16 21 18 96 10 10 19 99 8 24 7 74 4 42 5 37 13 82 
3 95 1 5 16 80 5 96 14 94 7 72 15 22 2 32 11 27 4 53 13 78 17 19 6 81 12 22 10 67 9 70 19 20 8 28 0 79 18 34 
6 16 15 21 2 87 12 90 5 78 17 95 19 20 16 49 3 78 18 38 0 52 11 34 8 68 9 92 10 98 13 45 14 17 4 88 7 80 1 1 
7 9 0 3 13 75 6 9 19 3 15 59 18 41 4 61 12 46 16 76 2 3 9 76 17 68 1 19 8 67 14 60 5 25 10 72 3 10 11 85 
9 94 5 87 0 94 3 58 19 43 2 67 7 5 4 43 17 66 1 72 15 62 12 63 8 2 6 29 13 35 18 37 10 66 14 36 11 21 16 40 
19 43 9 22 7 54 15 95 4 50 3 42 1 16 14 13 10 37 17 11 11 43 6 76 12 37 13 92 0 17 2 49 16 65 5 79 8 52 18 56 
16 36 12 93 7 7 3 83 10 38 13 59 1 28 18 68 0 65 2 57 6 25 5 51 4 67 19 20 8 81 17 15 11 11 14 77 9 77 15 2 
14 23 9 51 0 1 18 19 2 38 4 38 8 52 17 39 1 78 15 27 5 5 6 33 12 58 11 56 19 21 10 37 13 57 3 98 7 41 16 50 
18 55 10 56 17 44 16 68 5 88 6 64 19 67 13 69 15 88 0 11 9 8 3 57 11 54 8 78 2 83 14 79 12 55 4 76 1 16 7 59 
9 44 15 75 8 40 17 36 10 9 7 19 16 44 1 38 3 11 19 39 13 67 2 4 4 73 11 63 12 31 14 5 18 50 0 36 6 61 5 33 
6 5 18 3 13 2 0 34 5 76 4 27 2 89 10 59 16 93 9 57 7 55 19 92 1 88 8 30 11 83 17 8 12 39 14 46 3 21 15 52 
3 56 7 81 18 59 5 34 15 93 13 17 11 72 2 55 4 49 1 67 9 32 16 3 12 60 10 77 14 39 19 73 17 95 8 26 6 60 0 93 
11 33 1 38 3 50 12 9 0 87 4 59 16 6 8 38 5 28 15 95 18 90 7 4 9 30 13 37 10 98 2 42 6 73 19 42 17 42 14 97 
7 78 2 3 11 39 17 67 1 53 19 91 9 53 10 89 14 98 0 84 6 47 8 47 15 76 5 20 13 4 16 98 12 26 3 71 4 59 18 18 
12 3 0 35 17 67 15 77 1 87 3 20 13 13 5 15 2 75 8 86 18 13 9 7 6 89 10 39 16 31 4 62 19 31 14 16 11 90 7 17 
9 53 6 2 17 42 5 2 12 17 11 2 3 77 15 52 18 51 4 56 14 99 7 17 1 50 0 70 19 63 13 56 8 26 2 53 10 36 16 15 
15 55 6 50 1 14 16 15 9 18 17 54 3 33 19 76 11 6 13 50 5 6 18 65 0 91 12 17 4 32 8 79 7 62 2 64 10 61 14 27 
3 11 5 30 0 87 7 15 1 30 18 35 19 9 11 25 2 13 9 88 4 25 6 67 12 23 8 76 16 45 10 79 14 4 13 23 15 10 17 99 
0 88 5 5 9 42 17 81 19 72 3 2 1 46 18 97 13 56 16 48 2 97 8 52 12 49 15 77 11 82 4 37 10 56 14 95 7 12 6 93 
2 72 7 31 13 50 1 70 0 80 5 82 6 23 18 3 4 11 19 86 16 59 17 9 14 28 11 60 8 96 3 73 12 8 9 70 15 51 10 61 
2 93 9 22 12 37 15 74 0 49 7 34 13 72 17 63 10 53 4 43 18 74 1 94 8 74 16 64 3 57 5 55 6 31 14 60 11 48 19 37 
13 83 6 5 8 48 19 71 2 61 9 78 11 2 1 22 12 54 7 42 0 12 3 31 4 6 10 69 16 33 5 34 18 27 14 90 15 4 17 53 
13 76 0 23 15 52 12 72 1 53 5 93 9 62 8 67 6 60 17 59 4 71 14 59 3 32 16 92 2 12 10 57 19 99 18 60 7 13 11 63 
8 44 9 16 16 49 10 2 3 64 4 74 18 92 5 26 11 94 12 80 14 4 15 54 7 1 1 34 2 37 13 46 0 58 19 1 17 10 6 80 
19 76 13 33 2 21 6 79 10 6 17 69 0 8 12 49 11 71 5 84 9 18 16 87 4 12 8 91 7 16 1 42 18 10 15 55 3 35 14 85 
14 69 15 26 4 28 13 65 17 86 1 69 7 27 18 32 3 98 2 6 12 83 10 3 6 14 8 52 0 72 9 75 11 79 16 64 5 8 19 72 
15 17 3 12 10 79 19 72 1 60 14 23 9 90 4 15 17 85 2 64 11 90 18 79 12 81 13 98 0 30 5 10 16 83 7 39 8 81 6 92 
1 84 6 22 2 62 7 61 19 51 12 47 0 75 17 42 15 73 11 64 13 13 14 87 8 89 16 15 4 47 10 76 18 72 3 96 9 10 5 73 
19 53 11 96 6 88 9 85 7 87 13 42 15 9 0 74 5 43 3 63 4 47 17 95 18 58 12 66 1 23 8 69 2 76 14 55 16 90 10 85 
1 43 18 15 14 82 12 6 7 3 6 42 10 39 8 2 5 61 2 3 13 86 17 52 9 89 19 47 4 37 15 55 16 75 0 37 11 53 3 40 
17 99 7 39 13 46 5 67 4 18 19 76 6 39 14 77 16 34 10 15 3 39 18 54 11 66 12 81 2 35 15 43 1 35 9 21 0 84 8 5 
13 56 10 11 19 87 18 98 15 40 5 49 3 88 6 16 11 40 12 95 4 46 17 79 8 66 14 25 0 9 1 53 16 27 2 36 9 56 7 88 
18 49 17 34 7 11 10 68 1 21 14 27 19 85 9 33 12 26 4 31 0 42 15 26 16 88 2 74 5 82 11 63 6 8 8 60 13 23 3 23 
12 73 14 42 8 85 4 4 15 47 0 16 11 10 3 48 16 6 1 87 2 58 18 76 7 84 19 54 5 86 10 36 13 41 6 59 9 95 17 80 
15 90 3 35 16 87 1 92 0 30 4 2 17 32 5 67 7 36 6 50 8 28 11 13 14 21 12 82 18 45 10 79 2 41 9 94 13 17 19 22 
17 75 5 1 4 62 8 79 7 24 12 9 10 32 13 84 1 84 0 39 6 15 9 98 14 38 18 11 16 96 19 34 15 64 3 73 2 69 11 85 
19 74 0 65 5 28 3 52 17 28 10 33 14 33 11 18 7 77 4 98 13 71 12 68 8 52 16 21 9 70 2 65 6 92 1 2 18 91 15 3 
9 22 12 7 16 71 6 55 11 99 19 18 1 93 4 63 2 6 10 38 18 22 15 12 5 29 8 87 14 31 0 57 17 9 13 33 3 97 7 87 
19 79 5 49 3 51 16 83 8 66 12 88 13 23 11 48 18 30 2 14 14 65 17 56 0 19 4 59 1 48 15 1 7 14 10 12 9 72 6 57 
14 87 8 32 4 38 19 72 7 22 2 93 3 73 9 38 13 9 1 70 11 16 10 10 0 6 16 26 12 78 18 70 15 44 5 93 6 81 17 50 
5 44 9 65 18 27 19 61 0 56 16 56 14 36 4 9 10 67 3 61 2 46 13 34 1 41 15 32 12 79 17 24 7 17 11 54 6 13 8 24 
3 47 1 68 2 36 17 96 8 83 18 10 15 13 4 70 19 78 10 88 11 92 0 40 16 62 6 85 9 7 12 13 14 91 13 61 7 25 5 65 
5 81 10 66 16 69 11 28 19 51 17 90 13 81 12 41 18 16 0 46 7 94 1 67 6 55 9 38 14 77 3 5 8 16 15 55 2 55 4 21 
15 13 14 2 12 18 9 50 4 18 2 81 17 30 7 32 1 3 11 58 10 18 13 24 6 74 8 59 16 42 18 13 0 3 5 38 3 29 19 86 
10 2 14 91 17 50 15 17 16 76 11 71 1 15 9 16 3 41 8 76 7 14 19 91 12 76 4 21 5 50 0 39 6 34 2 22 18 19 13 24 
12 3 11 71 16 83 7 84 1 62 15 79 19 9 9 20 2 81 14 31 17 90 8 97 5 18 10 17 13 79 18 29 4 85 3 39 6 31 0 90 
2 64 3 18 1 82 11 66 14 7 12 29 16 66 18 5 13 63 17 93 0 26 8 21 7 2 9 20 10 49 19 40 5 5 6 86 15 35 4 45 
17 51 13 4 10 56 14 73 8 74 19 86 2 74 18 58 7 39 5 9 6 40 12 66 4 74 16 77 15 34 11 76 1 5 9 15 0 21 3 78 
14 22 16 55 5 37 4 28 18 21 8 45 17 81 6 58 2 67 1 18 12 86 3 28 19 88 7 37 10 56 15 22 13 46 9 91 11 40 0 63 
11 88 9 29 19 3 14 29 10 50 1 72 16 46 12 65 13 33 4 94 2 76 0 93 3 60 8 70 7 24 17 48 5 16 15 20 6 51 18 81 
16 59 13 1 6 76 4 96 12 3 17 82 15 94 8 93 14 68 9 59 5 43 19 53 18 83 11 41 10 4 3 35 2 44 1 8 7 77 0 45 
13 54 3 89 12 32 5 57 19 13 4 52 0 9 17 11 16 72 11 64 15 37 10 98 1 9 7 41 8 53 9 59 18 49 6 21 14 15 2 18 
13 64 3 71 1 29 14 53 16 69 9 17 4 54 0 8 19 29 12 18 7 87 5 54 2 93 11 89 17 96 8 30 10 59 15 58 18 73 6 54 
7 68 18 83 5 25 4 9 12 33 11 58 13 49 9 42 16 39 17 53 3 10 14 27 19 77 6 5 2 53 1 51 15 53 0 84 8 62 10 65 
3 34 1 52 16 38 4 30 9 37 0 51 12 97 18 59 17 17 5 43 19 64 14 54 11 34 13 48 8 15 7 37 15 10 10 49 2 99 6 22 
19 70 17 55 16 23 10 5 4 44 18 4 3 13 2 75 0 77 15 56 5 78 9 97 11 87 13 23 12 62 8 68 14 29 7 43 6 16 1 97 
15 60 14 20 8 65 4 22 3 76 6 2 17 53 16 91 2 97 1 88 19 23 18 54 13 26 12 46 7 39 0 71 5 35 10 59 11 92 9 21 
17 86 10 50 7 5 8 38 9 84 15 64 14 25 3 38 4 11 11 50 6 60 18 27 19 21 0 45 13 93 16 24 2 88 1 77 12 79 5 32 
6 11 2 86 7 35 9 45 12 77 0 66 13 65 14 30 16 50 10 60 17 28 4 30 19 4 11 26 18 91 3 37 8 93 1 56 5 85 15 72 
7 77 19 5 6 11 15 9 11 10 9 44 2 79 8 15 12 95 13 65 4 4 16 37 18 41 1 87 14 94 3 86 5 45 10 93 17 28 0 72 
13 43 8 15 1 28 5 49 11 21 4 5 17 70 2 77 6 92 15 86 19 92 12 33 14 80 10 53 7 58 16 44 18 70 3 65 0 87 9 9 
2 28 19 57 9 59 3 51 15 59 5 96 11 91 16 40 0 61 17 93 1 16 12 67 6 3 10 61 18 26 8 6 13 15 14 22 7 85 4 91 
15 67 13 25 19 22 3 72 7 53 1 87 8 6 17 83 4 42 18 37 9 83 10 55 11 92 12 21 5 27 16 38 6 67 2 7 14 96 0 35 
3 74 2 14 19 3 0 77 15 33 6 97 14 96 13 57 4 57 9 11 17 22 1 96 11 11 18 93 12 37 8 34 7 83 5 98 10 10 16 5 
12 72 9 38 13 81 1 73 17 64 14 27 3 21 16 37 10 61 8 11 11 51 0 3 7 2 18 39 6 57 5 28 4 51 2 25 19 39 15 55 
7 22 15 45 8 16 10 25 0 98 16 94 18 60 11 44 4 76 17 51 9 70 6 95 12 85 5 78 13 79 19 51 1 52 3 12 14 21 2 97 
8 17 1 37 11 8 13 12 0 73 9 51 7 27 14 91 4 69 10 2 3 57 5 90 15 79 18 26 16 23 2 97 12 45 17 51 19 22 6 12 
2 86 0 57 1 43 12 41 9 54 13 99 17 11 5 96 18 28 16 17 15 73 4 64 8 13 10 24 7 54 11 59 6 70 19 92 14 7 3 98 
2 94 8 31 14 37 1 31 13 52 15 5 3 20 11 79 6 9 16 55 7 17 17 93 4 94 12 45 5 94 18 46 10 94 9 16 0 61 19 65 
14 55 3 89 8 46 10 58 16 7 4 98 6 40 18 92 1 6 2 37 5 50 7 16 0 72 9 74 19 11 11 62 13 95 12 96 15 1 17 41 
6 47 10 10 8 97 2 92 1 45 15 39 0 9 4 53 7 56 12 64 18 75 16 12 5 68 3 52 17 54 11 69 19 45 13 89 9 23 14 49 
3 24 11 90 4 11 8 41 13 55 10 21 5 38 7 83 9 52 14 2 19 27 6 85 17 46 18 53 0 72 2 71 15 68 1 85 12 59 16 90 
5 61 17 16 18 7 6 75 9 14 1 20 7 32 0 94 19 26 8 11 12 92 16 11 4 23 3 54 15 36 13 49 10 94 2 27 11 59 14 61 
6 50 19 67 18 11 4 86 3 25 17 57 15 87 13 79 10 40 5 43 9 5 7 51 16 78 14 75 0 93 2 56 8 98 11 29 1 58 12 29 
6 85 14 49 5 14 16 35 4 39 3 23 0 46 13 42 15 72 18 91 1 74 19 95 9 96 17 37 11 63 8 6 2 27 12 5 10 81 7 2 
7 14 0 68 11 29 1 96 13 56 15 10 2 78 12 56 8 63 5 67 9 46 14 26 16 56 18 98 3 24 17 75 19 12 10 9 4 66 6 56 
14 65 17 82 6 83 2 1 9 81 1 59 4 31 5 4 10 84 13 36 12 4 3 60 11 49 16 28 8 7 0 83 18 40 15 12 7 39 19 79 
14 78 18 41 10 55 13 69 6 74 15 63 12 40 4 87 7 11 3 34 19 96 0 37 9 12 1 9 5 23 17 87 2 89 11 85 16 99 8 16 
10 56 9 95 0 9 2 54 4 10 6 74 15 51 1 47 11 92 14 38 19 54 8 66 16 57 7 80 12 70 18 55 13 74 5 38 17 55 3 67 
12 87 11 86 5 81 8 65 3 31 18 11 10 21 2 60 7 55 16 62 1 74 9 91 19 98 4 18 15 1 6 70 17 51 13 68 14 13 0 32 
12 18 0 18 9 93 16 16 4 18 18 92 19 74 3 74 2 64 17 35 8 3 5 77 15 28 1 96 10 16 6 37 14 24 7 12 13 53 11 84 
17 82 4 81 5 93 6 4 2 1 16 36 14 56 8 93 7 1 9 22 11 64 12 14 19 53 15 33 10 29 18 2 13 68 1 49 0 85 3 5 
17 14 5 72 4 54 10 2 16 62 19 10 9 86 1 21 14 80 11 5 12 21 13 3 8 74 15 49 6 78 0 53 2 75 7 45 18 86 3 91 
5 5 16 68 19 16 13 57 15 97 11 22 9 83 12 97 17 59 18 66 8 74 0 85 3 72 4 31 10 31 14 72 2 2 1 75 7 97 6 90 
18 3 5 43 10 4 11 23 14 2 2 31 17 70 13 90 3 66 8 52 7 97 1 54 12 49 4 86 9 77 6 63 19 83 16 92 0 4 15 93 
0 43 18 93 13 9 11 73 17 8 2 52 12 25 19 37 4 83 14 15 1 38 7 77 15 87 10 72 9 34 6 71 8 2 16 14 5 32 3 82 
7 95 3 93 11 61 4 84 12 29 2 25 8 30 19 89 17 18 15 32 13 91 6 57 1 78 0 2 5 54 9 40 16 56 18 64 10 36 14 70 
0 83 14 28 13 98 2 44 6 21 1 51 17 16 5 65 7 40 4 8 8 75 10 44 3 57 15 77 11 14 16 68 18 87 12 9 19 4 9 17 
7 50 2 36 17 88 15 56 6 76 14 59 9 11 19 77 4 83 10 35 11 35 13 49 16 94 5 43 12 18 18 76 8 57 1 87 0 53 3 31 
16 39 9 54 10 44 1 83 8 1 13 66 12 73 2 45 19 90 0 1 7 51 18 64 17 17 3 82 6 20 14 54 15 28 11 46 4 98 5 7 
6 83 10 32 2 27 17 83 13 27 9 25 1 75 11 39 19 67 16 44 7 64 0 59 5 31 4 90 8 22 18 75 12 59 3 95 15 76 14 49 
4 95 17 30 12 10 15 26 16 1 3 42 0 7 14 85 18 19 7 44 10 15 6 71 13 98 19 25 1 34 8 64 11 35 2 42 9 43 5 47 
10 97 11 42 18 9 7 98 4 95 3 64 16 38 12 16 14 85 8 93 6 4 17 92 0 46 19 18 1 29 13 65 2 84 9 24 5 48 15 23 
2 77 15 12 3 52 7 2 13 65 0 29 16 41 14 38 19 77 1 44 5 41 11 68 8 15 4 32 18 1 17 28 9 2 6 78 10 71 12 71 
7 81 14 1 19 18 2 60 13 43 8 52 17 7 9 36 16 24 15 50 3 52 1 4 6 74 0 14 11 46 10 22 4 69 5 69 12 9 18 12 
16 27 3 55 5 71 17 38 2 51 11 40 6 28 14 73 19 94 18 74 13 31 1 67 7 41 8 11 4 29 10 46 12 95 0 79 15 81 9 32 
3 78 13 86 18 87 4 17 1 59 6 87 12 88 17 16 16 45 10 9 8 45 9 34 15 27 5 46 11 20 7 82 14 8 0 61 19 46 2 49 
15 35 10 31 1 60 0 85 13 92 8 55 2 27 14 75 5 53 11 45 9 63 7 30 12 41 3 80 17 10 16 33 19 2 18 8 6 75 4 25 
0 25 4 77 15 96 3 13 9 50 11 63 17 82 16 72 13 44 7 75 18 12 2 26 1 34 12 71 10 36 6 92 5 55 19 7 8 6 14 71 
18 15 17 2 0 77 12 84 7 78 9 94 19 49 10 34 4 70 8 32 1 19 15 42 11 79 3 87 5 93 2 38 13 52 14 76 16 73 6 32 
10 82 13 62 7 27 17 70 4 94 3 92 16 82 2 98 15 79 8 13 9 71 12 91 1 65 14 49 18 71 11 22 6 71 0 4 19 73 5 72 
17 69 7 68 10 27 18 42 2 70 19 38 14 39 1 59 12 60 16 65 9 14 6 56 0 69 4 75 3 56 13 73 15 50 8 12 5 11 11 96 
15 10 7 87 16 18 4 78 0 53 13 68 8 69 19 39 11 50 9 20 17 77 2 44 3 7 1 19 12 43 5 91 18 96 14 25 10 42 6 47 
5 76 9 66 17 45 16 5 0 22 11 53 1 17 8 59 6 99 19 12 13 79 4 48 2 21 10 93 14 77 15 60 3 88 18 82 7 71 12 88 
18 99 7 75 2 84 14 53 9 89 8 24 11 6 15 93 17 91 5 12 13 72 16 30 1 91 19 32 3 23 4 72 6 27 12 17 0 66 10 87 
12 25 5 13 10 25 1 44 8 33 19 18 0 42 4 5 18 43 7 39 9 84 11 75 3 23 17 87 14 65 16 25 13 39 6 22 15 73 2 66 
17 87 16 1 0 20 2 25 7 68 9 26 12 30 11 55 19 94 1 80 4 1 14 24 5 62 8 66 10 58 18 34 15 1 3 78 6 42 13 94 
6 67 5 83 11 4 7 55 9 24 4 83 14 74 18 14 19 10 8 93 13 85 2 70 17 95 1 67 3 41 15 21 10 11 16 76 12 59 0 33 
3 6 4 65 1 76 13 19 9 50 2 18 7 13 5 89 11 56 19 63 18 43 14 22 12 16 16 45 17 5 6 75 15 69 8 30 0 9 10 59 
17 46 7 66 9 95 4 49 18 55 8 75 5 37 3 70 16 72 6 90 19 87 13 14 10 71 15 84 2 18 12 87 1 94 11 1 14 85 0 7 
2 77 6 30 7 97 12 21 0 15 15 24 3 75 19 65 14 5 11 74 16 35 4 24 13 2 1 25 18 14 8 84 5 52 17 52 9 88 10 30 
9 13 16 8 10 74 18 13 6 14 15 58 8 86 7 14 0 15 12 40 2 11 11 77 5 76 1 4 3 62 17 88 4 79 13 80 14 67 19 18 
9 38 19 84 0 33 7 87 14 40 6 91 15 35 10 48 12 75 4 3 8 94 5 22 13 56 2 21 3 78 1 91 17 46 16 49 18 62 11 74 
