200 20
16 31 17 89 7 36 15 10 14 67 10 12 8 95 4 62 9 16 18 78 3 84 0 42 5 70 11 4 6 76 12 17 2 84 1 51 13 84 19 17 
13 18 16 58 19 87 9 43 4 3 3 30 12 11 14 54 17 94 11 10 18 65 0 16 10 44 15 83 7 85 6 75 5 69 2 45 8 90 1 85 
18 20 1 87 10 57 14 57 7 71 9 25 13 80 6 70 8 61 5 48 3 73 12 96 0 93 4 94 19 33 11 50 2 76 17 14 16 47 15 92 
15 93 10 95 9 76 12 66 1 19 11 12 17 58 5 82 8 42 3 89 14 12 16 23 6 94 19 34 7 90 18 66 2 48 0 67 4 68 13 63 
3 43 0 56 14 63 7 67 10 96 15 78 5 26 16 55 8 59 4 84 6 64 2 43 1 72 18 79 19 16 12 57 9 26 11 38 13 98 17 53 
11 60 4 92 18 26 19 18 6 72 17 84 1 26 15 92 8 6 3 40 0 55 10 95 7 23 12 67 14 55 13 48 5 67 2 53 9 32 16 94 
11 66 15 54 17 51 16 96 0 6 8 91 4 18 6 82 3 95 18 79 12 86 1 69 9 89 7 99 19 8 14 60 10 86 5 85 2 6 13 36 
12 83 2 13 10 50 5 7 1 18 18 72 8 53 16 5 13 65 9 99 3 12 17 52 7 35 19 18 14 44 0 58 15 9 6 90 11 16 4 87 
0 77 9 24 18 44 3 71 6 19 17 78 2 92 1 75 13 29 16 68 10 70 7 4 14 99 4 52 12 95 8 49 5 1 15 7 11 75 19 8 
3 77 16 95 2 42 12 63 13 9 17 95 11 41 6 32 15 30 5 62 1 55 7 12 9 38 18 72 0 89 4 20 8 74 10 63 14 26 19 1 
6 78 2 47 11 80 13 89 12 2 1 41 3 67 18 47 10 23 17 86 9 74 16 4 5 82 7 98 14 13 8 19 0 12 4 9 19 42 15 63 
14 81 1 41 16 95 7 3 17 75 0 3 2 44 3 68 15 13 18 37 10 12 19 50 5 61 11 84 9 22 4 70 12 73 6 67 8 94 13 9 
19 64 4 11 3 29 16 17 13 21 10 43 14 16 8 71 2 53 9 31 6 97 7 18 0 77 1 83 5 20 17 32 12 37 11 75 18 63 15 80 
16 64 6 45 1 96 19 18 14 62 12 50 3 54 5 22 15 72 2 50 8 67 0 22 17 85 10 72 11 12 4 77 18 86 9 48 13 38 7 97 
2 36 17 94 15 3 10 2 5 32 3 88 8 36 7 81 18 76 11 63 1 29 0 29 19 48 14 92 4 41 6 79 12 60 13 2 9 7 16 7 
17 29 12 10 18 94 1 91 4 91 5 89 10 6 6 41 8 40 19 83 9 56 7 39 15 96 2 45 16 53 3 71 13 38 0 72 11 18 14 52 
15 65 0 7 2 79 18 77 1 37 14 70 13 2 11 31 9 90 19 14 8 11 17 69 6 16 16 41 3 61 10 25 12 40 4 70 5 62 7 93 
0 73 13 66 15 28 5 26 4 91 8 60 2 62 18 14 14 34 16 87 1 91 19 18 10 16 6 20 3 60 9 39 7 38 11 59 12 38 17 70 
7 68 3 60 15 67 13 85 0 30 9 21 10 35 11 41 18 66 12 68 2 52 14 68 1 69 17 80 8 47 6 8 4 27 16 84 19 96 5 73 
1 2 8 21 2 5 4 8 12 31 18 73 14 7 9 9 17 99 5 26 7 71 6 68 15 93 13 96 0 29 11 97 10 14 16 79 3 15 19 9 
10 65 8 91 4 77 13 21 17 93 15 38 3 80 12 70 1 62 5 59 18 85 7 24 0 5 6 45 19 52 16 66 14 33 9 90 11 99 2 3 
18 87 8 15 2 64 0 57 4 77 11 22 5 36 6 82 19 45 14 88 9 19 16 80 17 24 15 28 13 42 7 41 10 73 3 35 12 25 1 39 
2 93 0 33 10 64 14 31 3 49 7 14 13 22 15 46 18 89 19 64 17 91 12 99 4 98 11 4 8 2 1 1 6 15 5 58 16 96 9 38 
1 94 19 56 2 47 16 15 0 76 6 47 13 87 5 17 8 88 14 95 11 96 15 7 7 84 10 5 3 88 4 99 12 87 17 37 9 39 18 88 
7 50 9 61 19 36 15 90 3 42 13 54 14 1 16 60 1 3 17 42 0 30 11 83 5 9 2 60 8 37 6 78 4 88 10 22 18 65 12 90 
19 21 5 10 15 67 8 50 13 31 1 48 11 42 17 32 6 61 7 80 4 73 9 77 18 50 12 29 0 25 14 17 3 13 16 67 2 67 10 12 
13 88 1 49 6 67 16 98 17 58 19 65 3 35 12 4 15 12 18 83 10 50 11 32 8 93 0 37 9 52 7 30 5 53 2 57 14 93 4 56 
9 99 8 96 13 48 2 22 15 2 18 82 19 73 6 56 16 95 0 5 17 73 1 61 7 76 12 83 10 70 14 16 4 1 11 24 5 32 3 32 
13 8 15 51 19 86 3 15 5 41 6 33 11 45 18 86 0 25 8 26 14 92 1 43 4 77 12 28 7 64 16 6 17 34 10 97 9 21 2 56 
4 6 11 97 6 49 9 61 18 89 17 31 13 68 3 86 7 11 8 9 14 76 19 28 1 35 2 88 5 21 16 65 15 48 0 60 10 59 12 18 
19 99 14 49 16 28 18 61 17 74 11 27 9 28 15 88 8 75 5 57 6 87 7 34 3 93 13 6 10 23 4 72 2 91 1 43 12 67 0 33 
19 58 3 41 6 61 15 32 4 96 17 27 1 72 8 71 12 53 14 75 10 56 9 44 18 1 16 36 13 26 0 64 11 50 7 33 5 25 2 94 
19 15 0 39 15 64 6 68 4 70 18 1 8 32 3 23 14 2 16 14 1 89 9 99 12 48 17 77 7 94 5 30 11 58 10 61 13 39 2 48 
15 89 14 57 18 86 2 54 4 59 5 74 3 53 13 97 8 71 16 33 0 61 9 46 6 30 7 4 17 27 12 79 19 76 11 24 1 29 10 19 
0 27 3 98 4 90 11 27 8 47 15 45 9 27 12 56 7 27 18 49 16 72 13 34 1 13 6 10 10 5 5 65 19 62 2 26 17 52 14 15 
10 14 13 94 0 43 11 57 17 92 15 64 14 91 19 32 2 2 5 12 6 59 9 27 16 41 4 17 3 92 12 53 7 72 1 55 18 77 8 13 
15 97 8 44 17 30 5 7 0 8 9 26 10 62 16 28 3 35 1 79 18 16 19 93 7 17 2 10 12 56 4 44 14 4 6 10 13 30 11 79 
18 72 7 63 4 88 1 48 19 97 0 68 8 43 5 80 17 19 6 57 12 89 16 20 13 99 9 11 14 22 15 83 11 89 10 98 3 59 2 13 
1 38 17 24 6 48 10 88 18 89 4 85 0 96 2 92 13 87 14 31 12 94 16 72 19 58 9 74 15 57 3 59 11 92 8 37 5 26 7 34 
2 33 1 84 3 13 5 91 4 89 19 94 17 59 14 61 10 79 12 50 7 27 13 99 9 27 18 25 16 6 8 22 15 63 6 10 11 45 0 25 
19 40 15 70 1 9 4 78 12 4 7 58 9 8 16 68 11 61 6 83 8 45 13 95 3 87 10 79 2 60 5 57 0 13 17 76 14 82 18 45 
0 22 3 62 1 65 18 83 5 5 15 11 14 81 10 39 13 16 7 78 11 73 4 24 17 4 8 80 2 33 16 16 19 63 12 83 6 71 9 70 
3 37 5 7 1 65 14 6 13 17 10 97 8 22 19 89 6 10 9 87 7 35 15 81 16 98 2 61 4 47 11 84 17 53 12 69 0 61 18 81 
0 66 11 64 9 6 8 95 17 88 18 7 19 96 6 91 1 4 13 79 14 82 16 86 3 50 2 85 10 51 12 77 7 23 4 73 15 80 5 76 
7 55 15 9 5 11 1 36 14 80 17 81 18 10 6 27 12 19 0 79 13 90 8 95 11 98 10 63 2 82 19 62 3 73 4 74 16 97 9 69 
17 16 14 35 3 8 0 13 7 75 6 93 18 71 5 44 1 47 9 81 16 81 11 64 19 20 2 88 8 59 15 18 12 67 10 51 13 10 4 64 
17 97 8 94 10 24 14 7 15 28 12 94 7 13 0 5 13 72 1 11 19 82 9 78 2 53 18 57 3 97 4 59 5 33 6 50 11 52 16 54 
16 52 5 32 19 29 14 40 1 86 3 99 18 51 6 61 15 8 11 81 17 53 8 89 2 44 7 25 12 12 4 91 13 44 10 43 0 70 9 81 
11 83 13 6 16 13 8 62 4 13 9 75 19 57 5 35 3 83 15 86 17 88 12 88 6 8 14 76 10 19 7 21 2 71 0 15 1 50 18 89 
0 40 2 36 15 23 13 17 6 29 11 33 18 6 3 78 9 46 19 9 7 10 1 84 10 54 14 50 5 17 12 86 17 27 16 57 4 65 8 77 
6 59 10 36 5 70 7 54 9 53 3 57 15 82 4 32 16 71 12 83 17 58 8 52 19 48 18 80 1 98 14 73 0 2 13 8 11 44 2 15 
9 96 11 6 2 5 19 47 15 44 14 20 4 42 5 56 18 11 8 12 13 35 3 93 10 73 7 37 6 98 12 32 0 37 1 57 17 13 16 96 
18 34 9 75 16 83 10 80 17 19 5 10 19 5 8 78 0 57 11 73 7 81 15 98 2 15 12 10 14 67 13 44 4 47 1 69 3 86 6 56 
6 41 19 66 0 93 11 89 9 20 15 2 3 94 7 82 4 86 16 47 17 87 14 68 5 32 2 13 1 68 18 7 8 86 13 43 10 43 12 93 
5 69 15 5 0 65 9 70 8 46 17 80 1 56 4 79 10 79 3 48 6 39 19 22 7 51 11 78 16 67 14 35 12 56 13 77 2 15 18 55 
19 59 16 67 12 1 14 54 18 9 7 86 1 4 9 19 3 6 11 68 4 86 2 50 13 65 6 49 8 89 15 35 5 51 10 43 0 65 17 70 
3 11 5 70 18 37 15 29 7 28 9 33 13 85 12 50 2 70 17 24 0 75 14 81 10 13 6 93 1 76 11 69 19 74 16 91 8 36 4 20 
14 13 17 11 7 80 8 48 0 48 1 99 6 22 11 57 10 82 3 32 19 36 2 5 9 74 4 94 15 34 13 23 18 46 5 47 16 99 12 52 
15 35 1 95 0 69 12 35 4 23 9 54 17 16 2 45 13 17 18 68 5 83 19 73 11 33 6 25 3 65 14 96 8 70 16 7 10 38 7 52 
10 19 6 83 1 40 11 22 18 27 14 52 9 45 3 79 5 6 4 62 0 3 16 49 8 15 17 80 19 7 7 95 13 49 15 89 2 46 12 26 
6 43 18 17 16 96 9 40 7 2 14 53 12 45 3 47 0 88 4 13 11 85 17 65 8 44 1 12 13 39 10 90 2 15 15 26 5 60 19 65 
10 70 14 77 18 2 7 7 0 89 16 70 12 39 9 79 17 14 13 82 3 56 8 66 15 16 1 43 6 87 2 18 4 50 19 45 11 73 5 12 
14 30 8 62 1 47 3 94 16 52 18 56 5 55 13 63 6 40 19 88 7 93 12 40 4 7 15 63 17 83 10 25 11 8 0 1 2 3 9 63 
0 65 2 12 7 19 17 50 5 22 10 71 8 27 16 68 11 21 14 40 3 83 18 82 12 73 19 33 6 14 1 79 9 4 4 51 13 42 15 93 
10 29 4 21 11 13 14 9 12 23 1 94 5 58 13 97 2 24 17 34 0 34 7 55 9 58 8 88 18 95 19 60 16 79 6 80 3 16 15 35 
15 57 12 46 18 82 9 23 1 87 13 67 5 64 7 81 10 31 11 52 6 14 3 29 2 23 0 31 14 53 16 47 17 4 8 77 4 32 19 66 
11 51 14 93 7 66 19 3 4 64 1 46 17 58 15 29 2 19 13 50 10 60 9 51 6 2 8 22 12 80 16 58 3 8 0 91 5 81 18 39 
15 97 17 53 9 85 14 70 11 98 10 61 4 12 0 27 8 66 5 14 13 96 1 2 2 39 16 67 6 93 7 22 12 93 3 11 18 59 19 22 
3 60 10 10 14 5 0 55 16 55 15 62 8 32 6 35 17 98 4 67 7 98 9 93 1 52 13 22 12 40 5 10 11 31 19 83 18 96 2 15 
16 16 5 37 0 16 17 60 9 16 15 71 10 84 7 84 19 70 12 74 14 21 13 60 3 5 2 89 11 39 1 55 8 14 4 81 6 9 18 40 
13 52 0 17 17 76 15 24 14 46 9 56 5 29 19 21 4 11 3 91 1 1 10 27 7 35 16 81 12 5 6 84 11 88 18 8 2 38 8 52 
17 19 18 52 15 39 19 80 14 46 7 78 12 81 11 93 6 38 1 9 0 26 9 65 2 3 5 47 10 66 8 65 13 62 4 2 3 45 16 30 
16 88 5 72 17 44 11 94 1 45 8 97 13 25 18 74 12 90 15 4 3 63 0 77 6 26 9 51 7 40 19 7 4 83 14 5 10 28 2 12 
15 33 0 77 6 10 12 6 14 81 19 15 13 38 11 43 10 49 18 9 4 31 2 53 17 41 1 78 3 65 9 18 8 45 7 42 5 6 16 9 
16 80 10 24 4 37 9 19 12 36 11 19 6 95 13 26 3 55 5 69 7 83 14 72 18 88 8 37 1 35 17 64 0 66 15 66 2 13 19 92 
2 36 17 3 14 87 19 18 10 96 5 77 1 39 11 27 16 28 8 93 7 52 18 50 0 90 12 28 9 11 3 98 15 91 4 94 6 83 13 13 
6 19 14 29 11 42 15 66 13 11 2 67 0 67 4 54 10 99 19 73 12 36 3 85 7 32 1 83 5 37 9 51 17 37 16 11 18 2 8 62 
12 26 8 2 17 10 16 71 6 81 5 59 15 51 0 22 19 85 2 66 13 56 9 26 11 12 18 48 7 97 14 84 4 83 10 1 3 27 1 45 
18 67 0 35 4 58 3 37 8 15 1 14 9 56 11 43 14 20 17 96 19 24 16 61 5 44 13 90 7 62 10 58 12 80 15 37 2 56 6 62 
14 26 13 72 5 34 4 29 18 82 10 64 7 10 6 55 17 45 15 7 1 20 11 12 16 62 0 77 3 42 2 83 8 98 12 33 9 65 19 11 
12 57 18 81 2 38 19 95 5 22 16 69 1 55 3 85 15 89 13 31 14 61 8 66 6 4 7 60 4 71 9 14 11 45 10 86 17 99 0 37 
13 10 0 76 3 92 7 19 12 62 5 81 10 59 11 62 6 56 14 30 4 36 2 98 16 15 18 39 8 5 17 6 15 36 9 90 1 76 19 25 
13 83 8 12 3 56 10 88 9 60 7 80 5 49 15 63 6 51 2 59 4 84 16 90 18 41 17 52 12 9 14 94 1 74 19 90 0 46 11 48 
5 69 10 23 18 72 7 94 19 93 16 22 9 78 1 71 8 21 6 42 11 72 12 10 14 19 3 41 0 84 13 3 4 79 17 72 15 47 2 93 
17 58 5 1 0 52 9 37 3 47 8 10 7 21 4 22 11 47 12 80 14 71 19 31 15 89 6 78 13 88 10 33 2 92 18 99 16 95 1 2 
2 47 1 6 10 75 14 99 6 57 13 36 12 36 15 49 11 95 3 91 7 82 8 8 16 90 5 81 18 99 4 4 9 34 0 16 17 72 19 67 
19 84 4 31 15 22 17 39 11 79 9 79 1 5 10 67 6 80 14 42 16 2 3 52 0 43 7 85 12 82 18 33 5 2 8 55 13 41 2 60 
19 78 6 98 0 95 9 43 17 90 13 33 4 55 15 3 8 41 18 75 16 34 7 48 5 23 11 85 10 58 12 47 2 34 3 3 1 74 14 82 
9 28 12 31 15 70 5 29 16 88 8 85 0 16 3 5 14 45 1 82 4 8 2 62 7 74 19 81 17 49 18 67 10 24 6 91 13 16 11 88 
16 29 5 55 17 53 0 19 4 38 1 6 11 80 9 44 14 5 6 90 18 83 10 43 19 82 15 84 3 99 8 23 13 99 2 42 12 74 7 83 
17 89 12 59 3 28 19 77 4 68 11 15 5 72 1 92 9 27 7 12 16 21 2 17 6 49 14 23 15 22 10 15 0 69 13 1 8 19 18 7 
11 52 13 18 10 23 15 35 9 51 5 21 17 54 4 41 7 12 18 91 12 89 16 59 14 84 6 98 0 69 1 16 3 9 2 86 8 57 19 18 
12 61 18 36 9 96 6 80 17 34 8 15 3 26 13 62 0 68 1 18 19 6 16 23 7 35 15 27 10 78 2 55 11 86 14 69 5 2 4 92 
6 37 2 22 3 14 12 24 17 34 19 4 1 5 18 21 9 77 11 90 0 9 13 41 8 45 5 74 10 70 4 16 7 93 16 70 14 88 15 27 
13 61 18 31 17 89 11 95 19 22 2 94 15 31 9 11 6 16 16 64 0 27 12 91 8 73 5 60 14 40 3 55 4 90 10 7 1 47 7 35 
13 61 2 27 12 64 18 84 16 82 10 11 6 50 19 66 15 40 17 25 4 93 3 34 7 93 0 99 1 88 9 70 14 68 11 16 5 94 8 87 
17 19 8 40 6 22 4 49 16 10 12 61 14 40 9 72 18 95 1 9 7 82 0 85 3 50 11 44 13 12 2 27 19 45 10 26 5 63 15 63 
10 55 18 13 3 22 8 99 0 65 4 38 19 57 15 83 6 60 5 14 9 66 11 89 12 89 13 32 2 18 17 26 1 2 7 62 14 52 16 40 
1 82 0 80 10 23 11 94 14 49 17 4 12 98 3 13 15 48 2 83 6 67 19 90 18 43 16 47 4 18 5 42 7 48 8 60 9 19 13 40 
14 32 6 32 5 92 18 64 10 71 1 4 0 79 13 26 11 25 19 15 15 24 17 15 3 26 2 55 12 44 16 59 4 23 8 16 9 88 7 19 
5 49 3 62 4 83 8 7 6 86 19 52 1 59 2 47 16 14 17 99 14 58 7 74 0 40 10 15 18 81 9 98 11 45 13 81 12 67 15 97 
15 52 0 34 17 33 5 32 9 81 14 52 8 24 4 10 6 20 10 71 11 53 2 69 12 26 16 92 7 29 1 17 3 57 19 37 18 53 13 44 
13 86 19 48 18 18 6 40 9 83 7 26 16 83 15 32 17 92 8 39 11 82 2 54 3 28 4 57 14 3 12 97 0 15 5 21 10 98 1 99 
19 72 16 4 10 7 5 69 9 29 11 3 0 70 7 46 12 80 6 43 14 97 8 75 13 5 18 70 15 67 1 9 17 22 2 25 4 3 3 84 
0 64 18 30 14 1 9 46 17 98 16 73 6 40 1 7 15 44 5 65 10 61 2 68 12 2 13 6 4 11 19 33 8 31 7 54 3 93 11 91 
8 1 1 88 0 44 5 67 16 28 10 76 4 50 15 87 14 23 7 35 2 37 18 28 6 91 17 15 13 82 9 71 3 54 19 22 11 96 12 82 
15 6 9 74 7 8 3 79 18 45 19 28 1 48 12 82 0 52 2 48 13 52 6 29 16 24 5 83 4 84 17 14 14 20 11 1 8 26 10 12 
9 87 8 98 15 98 2 83 19 18 12 52 3 31 0 73 18 25 1 82 11 30 4 38 6 7 14 58 16 4 10 40 7 4 13 85 5 5 17 68 
8 24 4 83 0 11 1 39 6 71 13 32 16 80 14 23 19 49 3 41 18 39 17 17 5 55 7 19 10 67 12 59 15 96 2 91 11 30 9 7 
18 16 0 38 7 85 17 98 5 83 12 3 10 80 4 54 8 25 3 2 14 45 2 78 6 79 15 3 13 52 1 2 9 19 16 3 11 33 19 91 
14 29 9 29 8 27 6 88 3 35 13 45 11 52 10 17 4 91 12 44 5 93 0 4 19 1 2 72 1 39 17 81 18 45 7 35 15 32 16 63 
10 41 11 94 12 2 9 73 4 44 6 90 13 39 1 81 3 71 5 51 7 87 17 29 14 21 16 36 15 1 18 44 0 86 8 44 2 40 19 28 
0 4 3 66 13 83 8 26 14 35 17 88 5 96 4 9 7 96 6 81 15 72 1 35 2 99 16 41 18 69 19 1 10 72 11 37 12 24 9 24 
4 2 19 90 5 49 3 61 10 23 18 3 16 48 1 53 12 23 14 18 11 5 6 81 2 66 7 70 9 4 0 92 8 34 15 41 13 14 17 82 
2 17 17 36 4 12 0 79 9 10 11 73 18 87 12 30 8 48 6 34 19 60 1 3 13 62 7 78 5 20 16 6 3 86 14 32 15 31 10 76 
2 30 15 48 10 17 8 47 9 80 17 27 5 29 7 59 6 74 4 75 3 23 13 67 11 75 0 48 18 42 1 55 14 77 19 98 16 2 12 8 
6 68 7 11 1 48 14 48 10 56 8 55 0 64 2 25 17 6 5 37 15 69 9 43 11 9 3 26 4 37 18 71 13 93 16 50 12 53 19 97 
7 18 6 44 13 89 2 92 19 4 9 47 15 90 12 10 14 16 11 10 16 43 10 52 0 94 5 62 17 68 3 95 1 30 8 29 18 75 4 94 
8 13 17 88 0 30 3 42 6 68 12 1 5 42 14 27 11 76 9 95 10 8 13 34 1 24 19 75 16 6 15 72 18 23 2 20 4 50 7 1 
9 84 0 99 6 87 13 37 3 1 5 20 18 4 7 91 16 96 11 64 17 31 2 83 1 71 15 87 4 76 8 96 12 66 14 40 19 67 10 73 
15 93 19 30 9 12 8 28 3 18 6 80 10 21 1 2 4 9 14 54 13 59 11 52 16 56 0 70 7 93 18 85 12 17 2 14 17 67 5 95 
10 69 3 24 0 74 8 23 13 57 4 4 15 98 2 63 9 92 12 51 1 46 17 60 11 62 19 22 7 68 5 87 14 89 18 82 16 64 6 60 
5 36 19 86 1 35 12 33 11 7 2 86 10 40 8 79 0 37 16 13 6 60 17 47 9 19 18 91 13 90 15 56 7 36 4 34 3 35 14 30 
7 67 8 12 19 6 13 51 6 49 12 31 2 39 15 80 9 64 16 82 11 39 17 67 18 9 5 23 14 68 1 81 0 55 3 35 10 8 4 91 
9 2 14 55 6 93 19 11 0 73 11 99 2 31 18 56 7 46 4 72 3 96 8 24 16 64 17 6 12 38 5 24 15 85 1 16 13 18 10 97 
16 66 2 85 7 75 17 92 12 64 6 18 4 87 3 91 11 68 8 92 19 29 15 26 10 65 5 91 14 53 1 91 0 34 9 4 18 85 13 78 
1 11 3 23 18 26 7 15 14 20 10 7 0 97 2 6 4 64 12 5 9 32 19 47 13 35 17 59 8 10 15 63 6 39 11 51 5 6 16 84 
3 65 7 62 19 37 6 72 12 65 0 3 17 94 13 17 15 91 11 94 16 85 18 74 4 28 1 24 14 2 5 70 8 73 10 56 9 70 2 94 
14 61 0 42 5 62 17 18 12 39 6 75 2 10 3 42 10 29 15 64 9 33 18 84 7 5 8 71 11 17 4 74 1 79 19 30 16 89 13 95 
11 20 18 34 9 23 2 97 8 50 3 96 10 89 15 58 12 64 16 10 1 77 0 66 7 20 19 65 5 31 13 50 14 89 4 66 6 35 17 9 
5 74 19 88 14 90 9 82 11 63 13 22 16 96 6 60 15 27 0 47 1 33 17 77 3 48 7 48 18 47 12 60 10 81 8 32 2 65 4 46 
3 93 2 56 13 68 11 50 6 21 16 36 18 32 17 58 12 75 7 72 10 92 9 22 19 22 4 65 5 14 1 25 14 2 8 22 15 33 0 54 
4 87 14 51 2 44 18 76 6 56 16 96 7 88 17 97 10 30 9 12 15 6 11 33 13 80 19 37 8 38 0 64 3 12 1 27 5 42 12 48 
2 51 6 93 18 35 1 85 14 97 11 19 10 62 16 34 8 73 0 43 4 14 9 54 3 44 13 89 15 85 7 24 12 51 19 53 5 35 17 10 
13 14 15 23 7 67 17 31 19 70 5 97 12 40 3 59 18 54 11 98 2 11 0 22 6 23 1 3 4 27 9 76 16 29 8 7 10 65 14 36 
5 51 18 54 12 23 15 58 9 2 16 99 0 57 11 94 14 97 10 7 1 88 17 84 7 93 13 77 6 75 8 68 4 75 19 86 3 61 2 49 
7 70 13 51 8 12 10 5 5 45 12 56 1 11 14 89 2 77 19 37 17 3 11 8 9 75 3 12 6 71 18 23 16 59 4 43 0 92 15 84 
18 40 13 93 9 15 7 25 4 98 0 12 17 53 10 74 16 93 2 18 1 77 3 94 15 52 5 44 19 68 11 6 12 34 6 33 8 88 14 71 
12 73 7 84 11 33 8 26 15 45 9 47 19 17 16 12 17 81 3 84 0 37 2 24 18 81 10 71 6 95 14 70 1 25 4 25 5 92 13 63 
19 89 15 64 7 78 18 10 2 87 11 1 4 8 6 91 8 72 16 90 9 12 14 68 5 76 10 11 17 38 13 46 0 91 1 85 12 54 3 40 
3 42 2 95 6 82 5 48 8 59 11 50 10 65 14 75 4 60 13 74 7 98 16 39 15 33 19 84 9 22 0 11 12 33 1 17 18 50 17 14 
3 46 10 99 4 15 11 80 19 60 17 99 18 82 7 77 2 57 0 62 6 76 15 93 5 20 16 22 14 31 12 38 8 3 9 3 1 27 13 6 
15 37 6 79 18 64 17 77 8 80 14 71 5 18 7 28 10 32 0 52 19 98 9 78 4 64 13 80 2 81 1 24 16 87 3 26 12 79 11 42 
8 30 13 34 16 13 2 65 19 83 4 46 12 85 15 40 18 85 5 61 10 22 0 38 3 25 7 70 1 98 6 2 17 91 14 16 9 45 11 21 
11 67 16 35 8 53 3 59 9 43 17 28 5 91 14 11 19 67 6 93 12 8 10 21 7 88 0 66 1 68 4 81 2 19 13 67 18 91 15 58 
4 71 3 45 8 10 1 75 15 94 2 70 6 27 10 97 16 50 18 42 0 21 14 78 19 19 7 67 5 14 11 22 13 12 9 40 17 61 12 24 
16 25 0 31 12 55 5 76 6 52 1 47 18 56 19 94 14 20 7 27 15 86 9 36 11 53 13 15 17 32 4 85 2 17 8 86 10 85 3 73 
7 42 4 39 17 96 10 44 2 29 9 69 14 3 3 55 5 57 12 88 19 36 13 12 15 49 16 24 18 31 0 32 11 57 1 78 6 7 8 29 
15 58 6 45 14 60 13 28 3 66 2 77 16 34 7 26 5 23 19 70 1 44 9 24 8 46 0 33 11 40 18 99 12 25 10 73 17 83 4 29 
19 91 8 99 9 95 5 86 17 99 15 61 16 66 13 56 7 44 14 2 10 47 6 44 1 94 4 52 11 79 0 90 18 39 3 80 12 89 2 14 
18 54 15 10 16 5 0 98 5 57 10 38 19 94 11 66 13 9 7 65 12 80 14 90 2 62 9 52 3 70 6 18 4 31 8 14 17 1 1 9 
4 51 17 63 13 89 3 93 8 96 18 50 14 50 6 23 7 43 19 17 0 70 2 52 12 53 1 63 16 44 5 42 15 47 10 51 11 55 9 82 
5 27 15 47 8 2 2 6 9 83 4 94 1 89 6 34 17 66 19 47 14 4 16 47 11 68 0 97 13 31 3 17 18 59 10 17 12 8 7 68 
0 2 15 19 13 43 10 55 6 15 18 62 8 22 12 60 1 17 3 46 17 73 5 39 9 2 19 10 7 75 2 76 16 70 14 82 11 6 4 20 
0 11 16 46 7 63 5 28 14 82 8 87 11 16 2 67 9 82 3 70 10 33 1 12 6 72 13 27 15 8 4 40 18 45 19 73 12 53 17 21 
8 73 2 99 3 23 13 19 17 87 15 10 19 2 6 17 4 42 14 30 12 59 1 86 11 21 16 68 5 71 18 5 0 29 7 41 9 84 10 66 
6 99 7 65 1 82 19 33 10 91 11 86 15 43 16 82 13 14 3 93 14 10 9 19 0 20 4 9 12 89 17 11 18 38 2 63 8 56 5 33 
18 71 10 10 6 58 12 67 13 72 14 30 5 92 19 66 9 45 0 61 17 26 4 35 3 98 8 78 15 97 2 16 16 74 11 56 7 58 1 91 
10 69 3 74 18 99 14 16 9 75 11 35 16 97 7 5 0 16 2 31 1 20 15 8 4 46 13 86 6 56 19 55 8 10 12 84 5 73 17 13 
5 12 9 53 15 24 13 42 14 7 4 48 7 48 0 13 1 30 16 69 8 57 2 80 11 48 10 48 6 66 12 25 17 74 3 26 19 95 18 45 
7 18 17 85 12 42 14 72 15 56 16 36 13 95 3 8 9 81 18 43 10 20 11 94 8 51 0 67 6 53 2 22 4 88 1 27 19 65 5 15 
14 78 11 82 15 17 2 56 5 92 13 12 1 1 19 95 3 96 8 60 10 87 9 39 16 39 18 5 4 29 7 28 12 86 6 60 0 64 17 96 
8 47 12 23 10 72 19 79 14 76 3 16 18 41 4 84 9 61 0 94 13 9 17 30 2 13 11 95 15 25 1 82 16 34 6 80 7 47 5 7 
0 84 16 76 12 68 1 53 6 74 18 36 4 76 8 39 14 72 13 20 3 24 7 45 15 8 11 69 9 94 10 66 17 70 5 63 19 37 2 58 
3 22 4 5 1 20 19 72 9 44 16 16 10 46 15 55 17 62 11 81 13 59 8 24 18 45 0 71 14 20 7 5 2 37 5 36 6 4 12 69 
10 60 12 17 3 98 7 18 4 82 8 60 11 78 13 81 0 6 6 95 15 32 14 97 1 88 17 75 19 60 2 96 18 47 5 94 16 56 9 50 
8 93 4 89 1 30 5 88 2 79 18 42 14 59 12 63 7 12 6 25 3 99 15 56 13 76 10 40 9 80 19 38 17 84 0 93 11 50 16 3 
17 40 19 90 9 30 16 79 4 95 12 56 13 70 1 1 3 62 11 24 18 35 7 50 15 11 10 15 8 50 5 17 2 34 14 30 0 25 6 95 
11 55 8 70 14 11 19 91 6 21 18 68 13 19 7 96 10 49 9 65 12 98 17 61 16 72 3 85 4 39 15 68 2 21 0 25 5 12 1 41 
6 79 18 87 8 58 3 7 2 48 10 7 16 6 5 23 9 56 7 86 4 58 0 20 17 15 12 84 1 60 19 20 14 10 11 69 13 56 15 88 
9 80 14 15 8 37 3 68 12 61 16 53 19 88 4 27 11 73 18 87 0 67 10 33 13 51 15 93 7 40 17 45 5 35 2 7 1 4 6 44 
18 78 10 38 9 12 17 4 5 94 7 36 15 45 0 27 8 88 14 10 3 97 19 11 11 35 6 10 1 89 4 43 16 47 12 89 2 73 13 74 
12 86 2 39 14 94 8 40 10 53 6 53 13 25 15 52 3 98 5 18 18 93 7 3 4 76 11 24 0 74 17 69 16 6 19 23 1 8 9 68 
2 99 6 92 8 55 11 10 15 19 12 3 16 56 10 34 13 84 17 82 4 85 14 54 18 68 9 83 3 89 19 30 5 77 1 70 7 91 0 50 
4 36 12 45 6 75 9 44 2 63 5 94 19 37 18 25 10 47 3 24 8 61 7 73 17 39 11 34 14 24 13 53 16 16 15 55 0 74 1 43 
14 69 8 56 1 81 7 7 2 73 12 64 18 24 9 54 11 72 0 15 4 33 15 98 6 52 17 21 5 14 19 86 10 31 3 45 16 55 13 90 
15 31 1 99 0 13 9 11 10 20 13 91 5 31 17 49 4 74 14 3 8 93 7 66 2 81 6 33 3 43 12 92 18 91 11 59 19 99 16 51 
19 72 17 97 8 61 13 27 3 82 15 97 14 28 12 83 10 42 5 44 9 35 1 14 0 16 2 48 4 12 18 54 7 23 11 79 6 20 16 27 
7 30 15 22 0 76 11 45 6 44 4 77 5 71 14 13 13 58 3 66 1 39 12 1 17 73 16 32 18 63 2 45 9 72 10 7 19 69 8 31 
13 37 11 54 0 95 17 96 16 22 8 68 14 90 15 76 3 38 5 40 19 56 12 64 4 29 7 59 6 94 18 60 1 26 2 96 10 78 9 22 
15 34 9 62 14 65 12 61 4 49 18 32 19 81 5 61 11 47 3 86 0 73 2 73 7 36 10 44 8 89 17 44 1 49 16 58 6 56 13 29 
4 95 14 92 1 7 6 19 3 90 0 89 15 43 8 97 18 27 9 80 16 24 7 82 12 27 19 39 10 16 5 28 11 35 17 12 2 68 13 92 
4 37 3 73 16 39 0 22 12 44 8 54 13 49 1 46 2 75 11 25 6 22 15 20 18 16 9 40 10 83 19 64 5 66 7 10 14 66 17 97 
8 3 12 96 9 46 1 68 14 60 0 50 18 39 4 87 3 93 17 13 2 63 10 1 11 92 13 96 15 88 7 97 16 38 19 36 6 19 5 39 
17 61 11 50 12 60 4 22 5 60 2 63 1 97 14 2 3 30 13 41 8 92 0 11 15 48 9 11 7 76 18 67 19 23 10 1 16 44 6 8 
16 48 10 30 4 35 14 20 17 16 1 81 7 35 11 32 9 34 8 14 13 53 19 1 6 58 5 29 15 2 12 47 3 64 2 12 18 49 0 88 
8 59 4 67 1 26 19 85 16 28 10 48 3 19 7 54 6 67 2 81 9 52 18 39 14 10 11 37 5 93 13 97 15 19 17 83 12 55 0 41 
11 52 1 60 19 50 15 37 12 70 13 98 14 14 7 62 9 29 10 30 0 32 6 39 18 50 3 87 2 8 17 57 5 37 8 75 16 3 4 61 
14 73 6 64 0 46 18 11 2 1 9 97 7 62 3 76 5 69 16 37 8 91 11 10 19 10 17 9 1 2 10 94 13 26 12 42 15 83 4 72 
15 27 12 1 2 11 8 36 5 87 10 96 17 62 19 11 11 57 16 39 6 97 14 75 1 70 18 13 9 23 3 40 4 18 7 9 13 18 0 39 
17 17 7 73 5 70 8 36 16 78 14 32 11 73 1 53 0 15 13 90 18 80 19 79 3 82 9 52 10 30 12 90 2 43 4 57 15 3 6 78 
18 78 14 11 2 83 7 33 19 55 3 23 9 49 5 69 0 95 4 66 17 27 1 3 11 54 13 77 6 89 10 12 16 67 12 44 15 52 8 11 
16 7 19 79 11 68 3 70 9 62 6 59 13 7 18 15 17 78 10 33 7 89 4 38 14 76 0 90 12 73 2 23 5 75 15 16 8 80 1 91 
11 87 6 26 18 8 4 64 19 46 3 92 16 13 9 92 14 36 10 8 1 18 2 85 13 42 0 92 15 26 7 89 5 64 8 52 17 67 12 3 
7 11 2 63 3 72 1 55 16 22 5 10 13 64 17 75 14 4 19 33 4 59 6 91 11 27 9 76 0 90 18 71 10 22 12 71 8 6 15 38 
16 3 12 81 5 77 17 30 11 27 6 90 19 60 9 97 18 99 8 1 7 34 1 53 10 64 4 67 13 27 3 78 15 22 2 63 14 70 0 56 
18 10 5 30 0 43 3 55 4 70 8 17 17 64 2 38 15 12 14 83 19 72 13 66 12 84 11 64 10 10 6 41 16 69 7 47 1 76 9 43 
5 87 7 53 17 59 3 64 8 52 2 89 15 8 6 73 12 84 11 53 16 40 1 91 0 82 13 88 9 82 19 16 10 31 14 90 18 83 4 67 
16 81 2 94 14 92 12 92 11 85 6 25 19 62 8 25 15 66 18 57 17 34 9 1 5 93 1 89 4 85 13 9 3 86 7 32 10 40 0 22 
7 69 1 49 8 56 18 59 0 14 6 49 16 81 4 27 11 28 3 19 14 46 12 18 13 69 10 12 2 17 17 95 15 65 19 86 5 60 9 6 
