200 20
3 72 6 5 5 11 10 69 16 21 8 5 12 79 15 61 14 68 4 89 13 85 17 25 19 21 9 44 18 13 1 4 11 62 2 69 7 10 0 98 
17 33 6 29 7 10 0 27 12 72 2 32 19 37 1 69 15 2 14 77 4 73 10 60 3 45 9 20 18 22 11 88 13 26 8 39 5 9 16 12 
4 54 5 18 18 38 0 61 6 95 11 96 12 27 13 74 7 93 9 17 10 82 8 93 15 44 3 11 14 99 1 67 16 35 19 18 2 85 17 26 
15 9 4 53 1 99 11 81 0 98 10 58 19 27 6 74 8 9 2 29 18 69 12 2 14 51 3 48 13 27 9 37 5 13 16 78 17 63 7 27 
13 14 2 54 4 59 16 45 14 42 9 5 11 65 17 30 7 66 6 53 12 27 8 77 3 70 10 32 19 63 0 38 5 12 18 39 15 52 1 84 
3 80 19 22 14 70 4 59 16 22 18 60 10 97 9 79 8 83 11 76 12 89 17 51 6 12 7 16 15 26 1 56 2 98 0 25 13 36 5 68 
9 97 17 40 0 85 10 46 4 68 12 26 7 78 5 98 14 89 6 30 13 55 11 3 18 57 8 35 15 87 2 51 16 4 1 14 19 84 3 96 
5 99 9 68 6 83 8 60 13 6 4 14 10 56 14 61 7 91 0 3 18 47 19 78 2 47 15 68 12 36 3 74 17 93 1 10 16 12 11 5 
19 44 7 34 4 58 3 76 0 67 6 67 17 72 11 77 14 31 16 95 15 38 10 72 12 15 2 93 8 31 5 5 13 70 9 64 18 40 1 62 
13 86 16 97 15 36 12 24 8 96 19 32 1 37 4 21 3 89 0 3 11 9 18 42 17 47 10 82 9 16 14 71 2 94 7 58 6 60 5 78 
7 71 0 86 3 62 19 30 11 14 12 44 17 47 15 35 10 39 13 1 5 23 1 17 14 80 18 85 8 89 9 53 6 58 2 40 4 93 16 89 
4 4 10 38 19 4 17 41 18 31 1 94 8 91 7 58 12 22 6 60 2 23 9 76 13 12 3 83 0 71 14 82 5 14 11 22 16 2 15 82 
5 17 7 27 10 83 6 54 19 99 4 47 2 24 1 78 12 28 18 21 15 89 0 57 3 31 8 58 9 49 17 50 11 7 14 65 13 16 16 83 
10 39 12 60 13 27 18 28 15 72 4 86 9 83 14 29 0 93 1 25 19 17 2 98 7 13 3 3 8 8 6 72 11 23 17 49 16 32 5 25 
11 89 15 37 6 73 16 87 7 22 5 25 1 37 18 85 3 37 8 75 17 48 4 5 14 34 2 12 10 52 0 31 13 50 19 68 9 49 12 32 
11 16 9 34 6 82 1 27 8 41 12 1 5 98 14 90 7 91 18 2 19 81 10 27 13 64 2 93 4 40 16 31 15 7 17 74 0 79 3 71 
9 51 16 61 19 73 18 7 1 84 12 23 15 78 4 28 13 45 14 42 8 49 7 84 10 91 6 66 11 61 2 45 0 34 5 29 3 97 17 44 
0 65 8 66 1 22 3 89 19 37 18 37 13 70 2 34 12 55 14 81 11 42 15 13 17 39 5 30 9 49 10 62 16 70 7 67 6 52 4 68 
7 18 16 31 17 30 2 80 8 2 4 74 18 38 19 91 13 18 9 88 0 1 3 20 10 30 1 67 15 22 5 47 12 85 6 68 11 12 14 72 
17 78 13 64 4 2 3 30 18 97 0 28 6 88 2 38 10 58 12 70 16 98 14 35 19 42 5 23 1 93 8 69 11 33 9 11 15 26 7 20 
3 34 2 95 13 20 16 32 14 73 9 58 0 52 4 30 7 34 15 53 5 37 18 7 6 3 8 13 10 64 19 8 12 4 11 83 17 81 1 65 
1 65 13 42 11 72 0 88 15 56 3 45 19 11 4 5 17 61 8 67 5 57 2 51 7 59 18 69 14 95 9 71 12 53 6 19 16 79 10 66 
11 36 19 12 16 39 5 73 2 39 7 64 15 6 1 82 10 95 6 4 13 34 0 33 4 87 8 30 18 40 3 14 12 29 9 1 17 90 14 12 
3 93 1 98 2 65 11 5 12 42 19 54 10 96 15 73 9 37 17 78 16 25 13 91 7 67 14 92 5 99 4 67 18 52 6 38 8 35 0 73 
15 29 14 45 8 89 13 44 9 16 10 51 7 78 1 88 3 34 6 71 0 60 17 97 4 70 16 70 19 99 11 64 18 86 5 47 12 67 2 37 
5 97 2 88 15 69 13 94 6 4 17 47 18 12 9 31 12 28 11 69 4 30 3 30 16 70 8 2 14 11 7 92 10 95 19 1 1 33 0 62 
4 9 7 56 0 50 1 43 8 49 9 96 12 57 11 85 13 51 6 66 2 60 16 16 15 88 18 14 10 39 14 62 5 86 17 75 3 33 19 75 
15 21 0 78 19 99 12 96 8 35 7 7 1 14 4 27 17 26 2 68 18 70 16 96 10 56 3 19 6 69 9 17 13 58 14 36 5 10 11 17 
18 42 11 56 19 86 2 27 6 44 0 69 3 77 14 76 8 15 13 47 16 50 5 72 4 30 9 62 17 80 7 56 12 24 1 15 15 85 10 46 
16 76 0 17 4 65 18 42 14 16 11 43 6 55 15 76 2 45 13 64 12 87 17 10 7 39 1 70 5 5 19 82 9 45 10 52 3 34 8 57 
6 25 14 63 15 86 9 47 10 88 4 83 19 6 16 32 12 37 18 3 7 23 1 82 13 87 8 48 17 80 11 14 3 46 5 10 0 93 2 42 
2 49 6 55 12 96 1 74 13 7 0 83 9 27 5 43 8 28 14 30 11 83 10 23 15 66 4 12 7 75 3 65 19 73 17 30 18 60 16 81 
9 23 17 70 16 97 19 9 0 4 7 77 3 65 1 23 14 27 18 45 4 61 13 99 8 56 5 99 12 74 2 43 6 99 15 88 11 17 10 30 
0 25 15 59 6 46 12 23 9 81 2 23 10 13 8 17 5 83 4 55 1 47 14 4 11 13 18 85 19 63 7 1 16 56 13 93 17 9 3 95 
1 89 12 18 11 99 13 96 3 79 5 78 18 9 19 77 10 72 7 53 9 25 0 91 6 86 8 9 2 67 14 1 16 79 17 35 4 59 15 10 
17 68 18 23 19 77 16 88 2 44 14 20 8 88 13 2 6 73 4 10 1 32 15 88 12 19 0 46 11 4 3 76 10 72 5 26 9 95 7 25 
18 23 7 9 12 98 4 40 17 28 1 62 10 64 2 73 19 17 6 51 15 47 9 15 16 41 8 70 3 86 5 68 0 68 14 28 13 14 11 80 
6 62 11 60 16 9 8 84 15 78 13 84 7 51 14 3 2 96 1 67 0 72 3 84 5 38 12 37 9 94 17 30 10 98 4 95 19 27 18 18 
6 89 19 66 5 58 15 86 3 48 10 11 14 85 7 93 4 29 18 56 2 46 1 90 12 65 17 93 8 1 11 32 13 8 16 57 9 73 0 7 
10 60 5 50 6 80 15 10 0 94 11 99 18 92 9 47 19 41 2 71 12 86 17 94 8 58 13 72 1 36 16 25 14 87 4 18 3 70 7 47 
4 54 8 73 0 44 12 38 11 98 5 8 6 3 18 78 10 75 16 17 15 92 2 7 1 89 9 27 7 46 14 95 17 82 13 15 19 30 3 9 
12 97 4 17 7 5 17 36 0 64 18 97 9 75 8 32 13 84 3 80 19 81 15 23 14 66 6 13 16 21 5 47 11 76 1 64 2 98 10 28 
4 18 15 5 13 32 14 95 9 86 3 32 6 95 19 88 16 33 5 6 12 80 17 67 18 97 10 94 0 44 1 11 2 18 7 88 8 96 11 39 
11 67 18 89 1 17 16 88 5 83 3 70 17 8 8 13 4 71 0 14 9 84 12 62 7 54 2 94 15 55 14 56 6 18 19 83 10 96 13 1 
2 48 15 68 4 50 3 38 12 52 17 89 16 3 13 73 19 1 11 96 9 88 6 7 5 42 1 30 0 36 14 77 7 99 18 96 10 83 8 64 
14 61 8 91 12 2 13 77 18 77 15 36 0 47 6 84 3 78 4 11 17 57 1 60 2 70 16 7 9 47 5 17 19 36 7 54 11 56 10 57 
17 75 19 64 7 5 5 50 10 81 15 62 6 25 16 44 14 75 13 12 12 71 4 64 2 18 8 72 9 19 3 70 18 31 11 9 1 2 0 90 
6 54 1 83 13 22 9 19 3 29 7 93 16 58 0 30 14 25 8 7 15 81 5 40 4 35 19 37 12 38 11 31 10 14 18 81 2 72 17 26 
1 7 12 46 4 77 19 33 13 91 14 49 7 21 0 43 3 59 5 18 10 64 11 11 17 69 16 42 8 10 6 96 2 67 18 55 9 37 15 25 
14 3 17 6 12 68 19 95 8 59 6 44 0 99 2 4 1 7 13 44 3 15 16 17 4 95 15 52 5 24 9 17 10 98 11 3 7 82 18 92 
1 96 11 54 19 96 5 39 4 17 2 32 8 53 18 86 3 35 14 65 12 35 17 98 6 66 13 10 7 72 15 41 16 12 9 30 10 1 0 77 
7 37 18 23 12 8 4 43 3 70 1 59 16 51 17 67 9 60 19 81 8 62 5 80 0 29 15 28 14 7 6 3 10 32 2 20 13 68 11 55 
16 46 13 22 6 14 12 91 4 71 7 67 3 21 15 15 0 6 19 8 17 50 8 40 18 54 1 15 9 8 14 27 5 8 11 58 10 19 2 62 
5 60 9 49 14 27 3 39 4 44 18 88 15 86 8 15 6 54 11 41 12 90 17 92 1 27 0 98 19 91 7 32 16 93 13 80 2 16 10 90 
5 34 2 72 19 71 14 83 13 51 1 33 6 41 8 31 12 44 10 53 16 81 11 6 15 81 18 22 17 25 0 41 9 19 4 53 7 49 3 55 
17 12 18 83 16 15 15 83 8 13 1 98 12 86 4 6 3 93 10 48 7 55 13 93 6 5 0 92 19 3 2 94 14 89 11 67 5 12 9 60 
6 68 2 32 19 57 10 92 4 10 9 21 18 79 14 35 15 80 3 14 17 46 0 99 16 74 13 99 1 96 8 32 11 21 7 1 12 24 5 74 
6 84 17 19 16 62 8 90 0 29 19 61 2 49 4 58 7 77 14 57 11 29 10 42 5 83 1 56 18 25 9 1 12 82 3 89 15 40 13 75 
12 82 16 75 19 51 9 59 6 19 10 50 15 23 17 80 4 26 8 43 11 80 3 45 13 81 14 30 0 76 5 98 18 14 7 71 1 87 2 47 
4 24 18 17 5 81 10 77 13 81 0 8 14 98 12 92 16 92 19 49 2 54 9 6 8 62 15 78 7 36 6 83 17 3 1 7 11 47 3 86 
0 55 18 70 12 35 13 3 7 17 17 60 14 89 5 70 6 31 1 75 3 33 2 3 19 20 4 15 9 45 8 76 16 89 11 49 15 66 10 87 
8 93 15 6 14 40 10 79 6 57 5 19 2 29 19 51 13 34 16 77 0 22 12 46 11 7 18 60 1 49 3 23 7 84 17 88 4 49 9 67 
5 15 1 98 12 38 19 86 11 31 10 11 8 85 4 44 9 6 18 27 16 90 2 12 3 56 17 99 15 47 6 22 14 31 0 39 7 95 13 90 
16 93 17 93 13 22 12 18 9 23 15 41 6 98 3 89 19 24 5 27 18 31 4 69 0 10 11 4 8 24 2 4 1 39 14 83 7 7 10 45 
8 85 6 29 7 59 16 21 11 83 5 78 12 83 10 77 1 94 13 83 0 7 19 33 4 15 9 51 15 3 2 8 18 76 3 22 17 11 14 32 
17 2 6 38 18 29 2 49 1 95 16 58 19 72 0 35 15 68 3 70 4 44 7 6 8 84 10 32 13 71 11 96 5 72 12 49 14 41 9 2 
7 90 17 9 1 69 5 84 9 51 14 61 10 2 4 75 13 61 2 71 16 23 6 8 15 59 19 48 11 43 3 98 12 21 8 61 0 87 18 38 
7 57 1 44 11 74 18 14 16 46 0 94 13 26 2 57 17 93 3 24 9 60 5 17 12 68 10 68 6 23 19 81 8 32 4 60 15 30 14 85 
11 65 9 98 15 19 19 20 16 38 10 98 14 89 13 43 5 98 8 48 12 94 3 34 0 93 1 21 18 81 4 8 17 6 7 9 2 19 6 74 
0 65 13 22 3 2 19 89 15 6 9 50 2 1 8 98 18 73 17 53 6 8 16 25 12 4 14 1 7 46 4 38 10 73 1 83 5 29 11 8 
10 42 19 26 18 54 4 42 13 78 1 47 2 4 12 21 5 24 9 50 3 92 16 4 7 23 6 22 15 84 11 54 0 87 14 99 17 4 8 73 
3 75 5 92 8 42 10 19 15 29 13 20 18 96 6 82 11 15 2 51 19 10 7 34 14 64 4 97 1 29 9 83 12 50 0 37 17 6 16 2 
11 98 14 48 16 64 10 17 3 18 12 30 0 8 6 88 4 76 17 61 15 50 9 51 13 58 1 49 2 90 18 31 8 15 7 41 19 32 5 59 
10 27 19 85 3 71 9 4 18 42 8 14 14 12 4 15 7 5 2 43 12 66 13 77 15 23 1 12 16 73 0 78 17 38 6 25 11 70 5 9 
2 13 8 73 18 78 4 66 12 26 13 75 10 40 3 94 9 22 6 17 14 66 0 72 17 54 7 66 11 44 5 88 19 53 1 44 16 68 15 87 
11 4 4 98 6 32 18 10 0 7 2 83 14 56 17 51 1 6 8 28 13 79 10 53 16 51 15 7 9 63 3 21 19 2 7 92 12 27 5 6 
19 85 8 50 17 77 12 16 7 18 9 76 4 42 14 93 5 35 15 19 1 86 0 39 10 14 2 5 16 94 11 78 3 98 6 52 13 65 18 39 
16 1 3 23 2 92 1 32 13 29 5 32 8 68 7 89 19 78 14 95 11 69 6 48 17 9 12 60 9 58 18 1 4 61 15 16 10 21 0 72 
17 80 13 13 18 34 12 96 14 25 11 28 19 12 7 69 2 40 0 68 8 4 10 93 4 53 5 91 1 32 16 78 3 98 6 29 15 62 9 19 
5 18 14 27 8 25 13 64 19 69 1 27 12 17 11 28 0 35 7 28 3 72 4 10 9 99 10 44 18 49 15 10 6 28 17 3 2 14 16 76 
12 88 4 30 6 95 0 87 15 58 8 74 11 40 10 81 18 66 16 60 19 49 7 50 3 28 1 77 14 73 9 65 5 79 2 66 13 47 17 33 
0 92 9 66 5 78 13 75 7 16 4 52 14 88 19 60 15 8 3 80 12 60 11 63 10 54 2 75 1 40 18 13 16 34 6 59 17 3 8 67 
12 80 4 88 17 59 2 45 9 36 13 76 5 78 8 25 7 45 19 11 6 16 10 48 18 73 11 16 15 86 3 73 16 94 14 14 1 15 0 73 
0 86 16 36 1 64 12 5 10 27 4 63 8 84 11 53 3 67 14 22 15 21 9 85 17 98 5 13 6 58 18 62 19 51 2 74 13 21 7 7 
14 93 12 47 4 83 18 79 16 60 17 14 15 76 6 22 2 32 11 77 1 62 10 1 5 78 0 89 7 18 8 68 13 72 3 90 9 85 19 4 
18 48 11 76 16 32 17 64 9 62 5 5 12 26 13 20 10 42 14 59 19 71 1 5 3 21 7 33 8 59 4 90 0 91 6 79 15 87 2 66 
0 27 8 63 3 17 6 98 19 52 5 39 11 72 16 43 9 67 1 52 4 55 7 60 13 5 10 30 17 57 15 51 14 89 18 19 2 78 12 10 
17 67 1 21 8 89 18 38 13 74 19 40 0 89 9 41 12 21 4 16 2 59 3 24 14 60 7 77 6 89 11 27 10 78 15 70 16 36 5 80 
8 48 11 7 19 59 15 72 12 46 18 13 6 90 7 36 2 60 10 45 16 66 9 19 4 96 0 5 3 63 17 77 1 78 13 28 5 87 14 53 
16 42 13 74 4 45 3 98 11 82 9 99 6 59 18 71 15 22 10 49 5 72 1 24 19 96 14 15 0 4 12 50 17 57 8 35 7 49 2 11 
8 22 15 63 10 20 11 2 19 46 14 98 1 59 9 52 12 1 2 8 6 63 13 16 16 77 7 34 17 13 5 89 18 38 3 10 0 10 4 17 
13 19 0 30 11 94 17 18 18 63 7 83 9 52 2 25 12 53 10 97 6 62 3 52 5 37 19 61 1 35 16 9 8 45 15 41 4 24 14 31 
0 28 4 47 16 67 5 37 7 49 15 29 10 56 3 36 18 12 6 58 17 71 13 78 9 58 19 35 11 65 12 22 2 31 1 53 8 30 14 89 
1 89 5 36 17 97 3 24 16 18 6 21 7 60 9 71 13 77 8 27 18 51 2 14 15 43 14 44 11 34 19 15 4 57 12 26 0 23 10 67 
1 4 17 5 5 39 6 70 13 28 18 68 9 22 14 78 0 99 12 95 3 28 11 37 15 96 8 27 7 55 4 4 16 61 19 49 2 41 10 5 
18 16 7 95 11 81 10 39 1 74 3 95 2 25 19 24 4 74 15 13 12 6 6 72 16 21 8 38 14 31 17 14 5 54 13 80 9 2 0 64 
0 1 15 12 19 33 16 50 10 26 4 14 11 3 18 34 8 65 14 33 17 30 12 52 2 36 1 52 3 30 7 94 5 94 6 50 13 17 9 77 
5 85 4 54 19 93 0 30 15 87 18 81 11 62 2 15 14 69 7 86 17 49 12 77 16 97 1 64 6 45 13 10 9 38 10 78 8 44 3 89 
19 7 11 49 3 76 2 4 12 99 13 90 5 11 7 39 9 17 15 75 1 53 4 63 16 82 14 67 18 30 8 53 17 29 0 40 6 75 10 50 
15 33 18 73 9 45 14 14 12 25 16 53 2 23 4 63 0 48 11 12 17 33 8 36 6 41 19 98 13 14 7 31 10 92 1 13 5 1 3 70 
11 56 18 14 14 19 16 63 10 94 13 69 12 21 19 8 0 21 5 37 3 29 7 34 6 11 8 19 9 5 1 84 15 55 2 30 17 58 4 87 
8 8 4 79 3 86 16 70 18 79 11 86 1 9 5 49 2 81 14 52 6 59 15 53 7 40 19 15 12 31 9 76 17 88 0 76 10 23 13 57 
5 86 6 59 11 2 9 81 3 73 4 18 19 31 14 28 10 1 8 73 0 53 7 49 16 53 18 93 15 77 1 4 17 91 13 98 2 64 12 88 
17 47 0 90 2 43 6 13 10 55 15 78 16 2 8 75 1 35 13 26 11 62 3 12 18 52 14 42 5 9 7 45 19 89 4 13 12 34 9 14 
7 17 5 89 16 1 0 30 10 70 3 44 11 1 12 78 14 32 13 86 18 33 2 95 9 84 1 81 8 96 17 85 4 43 15 94 6 58 19 94 
11 33 6 49 10 77 2 70 8 78 18 53 16 43 3 75 17 47 0 30 1 22 9 74 19 18 13 71 15 28 4 6 7 10 5 40 12 33 14 30 
3 14 8 52 15 98 10 52 18 37 1 72 2 32 17 10 12 71 9 79 13 23 11 82 4 90 5 38 16 79 14 25 0 1 7 71 19 42 6 15 
19 12 14 52 0 59 13 59 9 71 18 22 4 43 10 45 7 72 5 2 1 65 8 77 6 77 17 63 2 34 16 14 12 18 11 9 15 29 3 86 
8 37 2 6 10 48 16 21 6 21 9 79 4 76 3 21 12 57 5 60 19 50 13 5 1 31 17 2 14 8 7 60 11 27 18 66 0 18 15 81 
13 50 0 98 14 78 8 95 6 69 16 70 1 79 17 86 9 25 11 97 10 54 18 15 12 93 19 72 2 45 15 97 4 3 7 91 3 37 5 28 
17 12 0 7 9 10 16 6 1 39 14 18 4 94 3 17 5 61 8 38 13 3 18 35 15 26 2 86 10 89 19 26 11 1 7 96 12 89 6 9 
1 91 15 1 16 47 19 17 0 76 7 4 3 53 5 25 8 39 17 56 13 81 12 58 2 32 10 34 14 66 6 31 11 1 18 47 9 10 4 65 
1 32 15 83 2 93 13 56 11 77 19 1 0 20 10 10 5 26 17 34 4 8 8 60 9 91 6 63 14 74 3 10 18 48 16 78 7 78 12 28 
5 86 6 45 15 96 10 24 4 37 12 2 18 22 3 1 16 54 17 83 11 38 0 60 8 30 2 29 7 20 13 96 14 58 19 55 9 22 1 33 
2 7 13 15 16 7 4 54 12 48 17 90 7 47 14 4 19 53 3 59 5 54 18 45 9 94 6 78 11 95 15 68 8 99 0 27 10 52 1 88 
10 64 15 52 4 30 14 82 13 51 3 74 8 78 18 75 12 57 19 68 2 77 17 43 11 50 1 38 0 3 5 40 6 62 7 44 9 63 16 54 
18 74 10 90 2 3 14 12 6 48 17 74 1 74 9 26 19 12 15 78 0 57 12 74 13 34 11 2 4 93 8 21 5 80 3 69 16 85 7 95 
11 35 9 91 17 94 16 37 5 84 1 5 12 40 14 10 13 26 3 6 15 71 2 39 8 72 6 74 19 52 10 72 0 41 7 20 18 27 4 58 
11 51 1 44 5 8 6 14 13 7 18 77 14 83 3 1 15 35 4 66 16 38 17 38 7 31 10 88 19 13 9 5 12 97 0 27 8 17 2 46 
12 13 1 97 14 86 7 54 16 30 13 40 19 63 10 91 4 88 17 19 0 44 11 40 6 94 15 80 2 27 3 70 9 21 18 89 5 82 8 36 
16 48 0 75 19 83 12 50 15 92 13 43 10 76 3 7 9 72 7 99 2 58 18 44 8 82 4 51 5 72 1 54 17 92 11 98 14 18 6 94 
13 72 8 8 14 13 4 87 12 87 9 84 1 87 16 8 2 32 0 23 11 23 5 26 17 21 19 30 10 4 15 98 18 40 3 61 6 57 7 1 
1 48 7 64 3 98 4 94 14 91 19 89 13 2 6 76 11 31 5 10 12 14 2 74 18 47 16 7 9 82 8 5 17 45 10 49 0 28 15 10 
1 19 15 77 9 20 17 58 4 19 8 60 3 27 7 56 18 52 12 79 16 82 0 58 11 13 2 26 6 71 5 35 19 43 10 7 13 34 14 88 
19 63 11 74 10 88 14 13 2 26 7 35 15 11 16 79 12 14 6 38 17 5 1 44 3 80 5 25 13 37 8 78 4 12 9 1 0 52 18 19 
10 80 18 4 9 95 15 76 7 92 3 85 0 20 8 26 2 81 17 78 19 59 5 25 16 24 4 6 11 46 12 28 13 1 1 89 6 84 14 23 
11 42 8 45 5 84 6 40 2 52 3 72 19 89 17 81 1 8 12 47 9 30 10 45 14 11 7 38 4 34 16 36 0 72 15 60 18 71 13 2 
5 58 12 34 11 74 7 44 15 28 6 65 17 58 13 56 0 7 1 14 10 10 14 71 16 72 3 87 9 76 8 18 18 46 2 32 19 63 4 55 
7 66 14 48 12 97 18 45 4 30 6 95 13 82 11 38 19 80 16 37 3 64 8 59 15 51 0 61 2 95 1 94 17 45 9 79 5 85 10 54 
16 47 10 79 2 32 14 83 18 96 11 16 17 51 8 2 19 91 12 41 6 19 4 18 9 2 3 66 5 98 13 62 1 56 15 45 7 14 0 58 
4 20 13 64 14 28 19 47 6 82 15 93 18 91 8 53 12 54 16 36 0 70 7 25 5 33 2 65 17 78 3 11 9 69 10 25 11 71 1 56 
0 88 14 58 17 60 2 10 16 41 10 51 5 67 13 47 3 66 4 33 12 8 1 55 6 99 11 7 7 30 19 69 18 31 15 76 8 95 9 4 
7 33 12 86 5 41 13 87 18 9 8 14 16 31 3 54 17 53 2 47 6 27 4 93 9 46 14 76 0 42 19 94 1 72 15 47 11 87 10 80 
17 15 19 11 7 96 12 1 16 53 18 47 2 14 4 51 0 56 10 2 3 65 9 92 5 20 8 97 1 36 15 32 13 77 6 11 14 82 11 67 
9 67 13 91 7 1 19 15 11 41 5 57 15 25 0 30 2 51 8 76 12 37 17 47 1 92 4 78 14 20 18 82 3 17 6 11 10 81 16 50 
7 85 17 50 16 36 19 84 1 60 2 32 0 32 18 62 6 4 4 71 10 89 12 36 11 38 5 69 8 78 15 12 13 62 14 90 3 75 9 70 
3 66 12 38 18 22 11 73 9 25 14 37 7 21 8 20 5 79 0 91 13 14 16 34 17 21 19 98 1 1 15 9 2 94 10 46 6 65 4 52 
4 50 19 28 10 12 13 42 11 97 14 47 2 40 1 79 3 11 0 36 16 74 5 11 17 21 18 14 7 71 12 16 8 83 15 9 6 84 9 43 
17 28 6 83 1 47 0 19 7 80 13 97 12 20 4 65 10 76 16 84 11 34 18 75 9 61 2 68 14 69 8 56 19 29 3 58 15 39 5 60 
12 91 3 31 17 27 8 10 0 99 11 66 9 48 19 2 7 65 10 79 4 85 13 79 2 81 15 36 1 79 16 43 18 51 5 87 6 49 14 94 
15 3 14 11 9 20 8 85 4 54 12 91 0 4 5 82 16 2 1 88 2 47 7 18 17 5 18 37 13 13 10 84 6 72 19 97 11 99 3 54 
4 35 2 59 6 42 11 6 8 94 13 34 18 3 0 5 16 62 1 5 9 73 7 90 17 4 14 57 3 77 5 71 19 12 15 81 12 56 10 33 
15 88 0 97 17 91 7 12 2 35 10 39 6 8 5 55 8 14 19 87 14 58 9 29 13 73 12 14 4 95 16 55 3 99 11 84 1 59 18 60 
19 49 15 58 3 7 8 31 10 7 17 36 14 84 0 15 18 71 6 95 4 12 13 68 11 84 12 81 7 21 1 76 9 62 2 8 16 39 5 90 
5 4 13 85 12 73 18 74 4 52 3 6 17 86 16 59 14 87 9 15 6 74 8 76 0 13 11 32 7 65 2 65 19 52 10 12 15 50 1 93 
4 17 7 75 12 8 16 66 1 8 17 71 18 90 6 71 2 21 0 81 15 29 5 92 13 78 14 94 9 70 11 98 10 14 19 54 3 48 8 87 
4 14 5 42 3 70 17 71 16 74 13 85 8 71 9 2 10 65 11 74 19 86 7 79 14 54 0 51 2 64 6 86 1 13 18 81 12 61 15 84 
12 49 11 91 15 50 17 70 2 17 16 80 13 78 8 58 10 7 0 11 9 48 14 6 3 92 1 53 7 37 4 71 6 47 18 87 19 18 5 11 
6 40 13 79 2 49 10 14 9 60 11 74 1 24 17 27 0 34 7 43 8 1 12 43 15 49 3 13 16 61 4 90 14 26 18 27 5 10 19 88 
4 84 0 74 19 93 7 7 11 44 12 25 18 66 6 13 2 25 15 71 9 34 14 99 8 45 16 62 17 94 5 96 13 97 3 93 1 49 10 83 
14 38 3 42 6 47 11 75 19 2 0 96 9 99 15 46 5 86 12 85 4 94 8 99 16 63 10 86 18 28 1 16 2 44 13 40 17 49 7 31 
16 41 13 59 5 42 12 69 8 79 14 11 15 10 18 26 2 20 6 32 0 12 7 12 17 64 19 61 11 71 3 76 9 16 4 69 10 20 1 57 
10 1 13 12 19 75 8 8 17 39 7 97 15 52 9 56 5 18 11 42 18 10 3 85 12 61 2 88 4 56 16 86 14 83 0 24 1 56 6 16 
8 46 13 3 11 81 2 71 0 4 1 65 18 70 19 61 15 32 5 11 14 80 17 67 9 30 10 28 7 43 6 51 3 47 12 8 16 44 4 34 
7 89 11 33 2 81 17 34 12 70 0 97 15 81 14 73 4 52 19 34 5 68 18 11 1 59 10 51 3 28 13 59 16 70 9 69 6 81 8 43 
10 61 6 40 14 20 9 64 3 17 4 16 17 84 12 34 0 26 8 29 7 3 13 91 1 2 16 19 5 13 18 51 2 4 15 51 11 81 19 94 
5 15 15 74 4 21 16 3 11 86 12 13 6 55 18 53 19 53 0 7 17 3 2 45 8 40 14 18 7 40 10 25 9 69 1 59 13 54 3 35 
16 84 17 36 13 88 4 65 9 92 18 31 12 44 6 55 8 63 14 12 19 80 15 52 0 94 10 14 3 15 7 93 5 48 1 28 11 89 2 68 
0 78 5 70 2 76 7 53 11 24 10 69 14 89 12 27 3 33 16 95 9 92 13 91 18 18 19 39 4 7 15 11 8 51 17 71 6 95 1 10 
16 37 3 26 12 38 5 67 4 48 13 87 18 32 11 81 9 49 15 91 10 17 14 56 2 34 19 6 8 67 6 60 7 49 17 58 1 64 0 93 
10 81 17 69 19 56 5 41 11 2 18 40 4 98 16 50 8 37 7 16 9 18 6 83 0 38 14 68 12 65 3 19 2 76 15 23 13 79 1 57 
19 3 7 40 8 32 6 92 17 81 18 61 0 19 9 83 11 74 14 81 1 59 3 63 4 92 12 45 5 88 2 44 15 66 16 19 10 66 13 94 
8 70 4 58 16 51 7 86 0 75 14 43 6 36 15 98 10 55 3 4 12 93 5 46 9 32 19 89 13 91 18 40 11 72 2 20 1 54 17 69 
9 91 19 88 5 67 4 13 12 78 16 96 0 33 13 5 7 79 18 39 8 47 3 40 14 62 1 51 2 71 11 60 15 38 17 55 6 98 10 10 
5 87 0 9 8 36 9 68 14 19 3 33 10 23 6 24 18 50 11 71 13 48 7 44 19 13 12 62 1 47 17 9 16 74 15 60 2 50 4 76 
10 86 16 86 14 75 1 1 19 57 18 42 0 31 17 3 15 25 3 96 9 69 12 55 13 6 7 55 5 10 8 79 11 9 6 81 2 79 4 42 
12 19 4 77 15 94 19 79 8 88 5 64 13 32 17 40 0 56 14 33 9 7 10 96 2 84 16 18 18 35 3 12 6 90 7 67 1 17 11 23 
15 45 12 23 5 48 1 2 8 31 16 60 14 8 19 42 3 75 18 89 10 22 11 11 13 4 4 55 17 42 2 90 9 23 6 5 7 2 0 27 
19 75 10 91 12 56 18 9 9 3 4 45 11 24 13 63 7 37 16 66 15 52 14 43 0 90 3 60 1 5 8 18 2 38 6 65 5 47 17 20 
11 67 6 94 17 49 8 13 3 21 14 41 19 86 12 51 9 74 4 63 15 41 5 59 7 35 10 90 16 61 13 74 2 26 18 51 0 53 1 48 
12 44 8 45 3 96 6 76 2 57 7 67 17 3 14 56 19 99 11 88 0 80 13 64 9 33 5 43 10 73 1 38 18 88 15 59 4 82 16 82 
8 10 6 48 3 64 12 36 1 54 2 34 16 99 18 22 17 5 11 62 5 52 9 88 4 4 7 70 15 35 13 88 14 41 19 57 10 12 0 26 
18 54 12 8 2 61 6 92 13 72 9 54 5 17 14 75 7 26 10 49 19 81 0 34 11 83 3 81 1 55 16 4 4 3 17 19 15 84 8 12 
3 42 18 14 13 16 10 34 9 90 7 82 2 78 1 33 11 16 5 51 19 35 8 22 12 16 6 49 15 25 4 27 14 41 17 28 16 71 0 65 
16 63 8 32 7 17 19 36 11 51 18 29 15 68 13 94 1 2 9 67 0 94 3 73 5 30 4 9 14 98 10 87 2 3 17 97 12 36 6 67 
4 25 17 50 12 83 15 45 13 40 0 92 6 79 10 96 11 28 3 34 7 9 8 27 9 17 5 34 1 17 18 51 2 18 19 86 16 28 14 59 
1 88 11 64 4 54 10 49 13 68 17 50 6 46 15 86 12 95 5 81 7 40 3 85 8 87 18 88 19 38 16 41 2 31 14 83 9 67 0 12 
12 9 6 94 9 51 10 10 4 22 0 92 13 50 3 20 19 91 1 27 18 15 15 2 2 5 7 91 16 27 14 4 11 44 5 82 17 65 8 82 
16 74 19 89 0 57 10 32 4 80 7 57 15 27 18 34 2 16 3 5 13 75 1 13 8 22 11 29 9 59 17 60 5 44 6 57 12 79 14 47 
4 11 14 2 12 20 5 85 19 2 8 67 13 82 6 15 7 70 0 89 17 94 10 11 1 58 9 27 11 98 15 22 2 58 18 96 3 54 16 31 
6 71 3 54 12 87 18 71 2 94 4 62 9 60 5 27 16 50 1 54 10 73 8 97 13 90 11 82 7 68 17 36 19 25 0 55 14 65 15 13 
14 58 3 26 2 40 19 14 1 36 4 34 10 20 17 16 18 35 5 23 13 72 9 63 0 98 15 99 12 2 6 67 8 88 16 30 11 87 7 77 
7 57 11 3 18 97 4 42 2 65 17 44 14 35 13 8 5 86 0 28 1 64 9 15 3 90 8 84 6 8 15 56 16 38 10 63 12 5 19 53 
6 19 13 12 0 2 16 45 17 85 15 46 2 70 5 67 8 93 10 36 14 97 19 85 4 37 3 77 18 23 12 40 9 53 7 26 11 89 1 56 
14 92 7 72 12 73 13 81 5 69 4 43 17 66 2 9 19 12 15 33 3 15 9 62 10 6 1 76 11 13 0 93 6 23 8 97 16 87 18 88 
0 35 12 70 1 57 13 23 15 34 9 9 7 84 4 70 14 78 17 63 10 4 16 6 18 12 6 48 19 37 5 77 3 45 2 75 8 3 11 93 
17 76 14 26 10 8 19 41 7 37 18 79 11 96 12 94 0 17 16 31 2 11 9 84 5 59 15 45 4 99 3 97 13 5 1 50 8 5 6 81 
6 52 1 63 0 64 13 96 12 18 10 20 11 28 17 6 15 56 4 71 2 17 3 26 5 3 9 41 7 59 16 46 18 20 19 32 8 64 14 25 
15 3 4 95 6 32 3 89 16 62 7 29 18 87 1 55 19 90 2 7 9 23 8 51 11 24 13 96 17 96 0 56 14 16 5 40 12 52 10 80 
12 55 1 49 16 91 14 43 6 28 18 2 17 80 5 16 11 79 3 32 7 10 13 70 4 40 8 14 2 58 9 70 15 80 10 28 0 65 19 85 
17 65 4 5 10 80 12 57 15 43 2 99 14 70 16 88 18 37 7 65 3 74 9 61 13 15 11 67 1 12 6 15 19 10 8 96 0 29 5 48 
14 6 17 50 16 51 7 95 19 87 15 5 11 44 13 57 8 18 3 60 9 86 12 22 2 2 6 94 0 4 18 25 1 88 10 47 4 26 5 82 
8 1 10 75 15 94 17 86 11 50 0 49 5 74 7 16 1 60 6 47 12 44 19 13 4 56 16 87 9 18 13 67 14 65 18 86 3 65 2 71 
18 59 8 60 5 41 9 53 17 71 12 43 10 88 14 54 7 26 3 68 13 24 1 40 2 59 16 15 0 18 11 23 19 77 4 51 15 72 6 63 
19 66 11 47 13 77 15 52 14 76 8 89 9 46 4 10 2 9 6 44 18 88 10 2 7 28 3 45 17 7 16 21 12 9 0 30 5 46 1 13 
11 90 15 6 18 28 9 3 2 19 6 17 13 78 19 7 10 29 1 55 14 58 8 39 0 57 12 10 16 18 4 49 3 97 17 17 7 86 5 62 
7 75 14 18 19 82 16 30 2 78 11 46 0 3 15 81 17 17 12 52 8 98 10 39 6 26 1 84 9 91 18 53 5 44 4 49 13 45 3 76 
4 93 16 97 6 21 15 9 1 18 18 55 19 43 9 19 17 54 0 20 12 67 5 86 14 74 7 73 10 59 8 16 3 89 2 16 11 57 13 88 
16 89 18 34 3 22 15 95 12 43 4 71 19 35 2 26 5 92 10 32 13 14 7 3 11 87 1 17 8 2 17 43 0 61 9 77 14 29 6 91 
2 35 3 97 11 11 10 89 12 36 5 22 16 43 17 14 14 70 9 44 1 99 19 18 0 61 7 34 6 14 15 7 13 86 4 87 18 43 8 22 
