200 20
9 79 7 46 19 7 0 39 10 11 15 77 14 88 8 89 5 94 12 92 1 70 17 8 3 51 18 86 2 65 16 10 11 45 13 75 6 61 4 34 
17 13 0 50 14 65 19 27 18 49 12 79 8 75 15 15 6 6 4 55 13 20 16 45 11 76 2 63 10 55 9 5 1 55 5 29 3 97 7 59 
3 18 9 82 4 36 5 83 19 9 17 25 11 55 15 48 7 36 1 7 14 84 10 8 13 21 18 55 6 1 2 40 0 29 8 37 16 74 12 31 
6 13 12 9 18 77 17 29 10 53 8 53 7 47 11 6 9 84 15 83 5 71 19 22 2 99 13 52 0 18 16 7 14 30 1 53 3 83 4 33 
17 13 12 59 14 36 8 80 19 84 18 72 10 69 16 26 13 19 2 59 5 20 1 59 3 74 4 75 11 51 15 63 0 47 9 88 7 46 6 99 
14 85 1 94 11 67 6 93 5 79 8 91 4 63 15 83 13 47 12 71 9 71 18 90 3 50 0 84 2 10 16 83 7 47 19 35 10 68 17 36 
18 24 14 56 4 41 6 68 13 17 1 80 11 88 7 67 17 66 3 94 15 22 19 27 10 19 8 97 9 32 2 12 12 9 5 79 16 66 0 23 
15 66 1 71 4 67 7 35 12 39 13 98 6 33 18 4 16 93 2 67 14 66 19 9 0 47 3 81 9 90 10 99 11 95 5 32 17 64 8 12 
4 45 18 54 11 73 15 4 10 39 16 46 0 77 19 86 12 73 3 30 7 9 6 30 2 40 9 30 13 42 1 54 5 20 8 37 17 66 14 3 
8 72 17 97 7 6 9 32 1 7 2 85 11 48 10 99 4 59 3 23 18 45 19 22 16 86 5 62 0 13 6 87 14 46 12 78 13 43 15 51 
10 79 9 8 8 63 0 82 12 60 13 28 14 72 2 67 4 15 11 9 17 49 1 46 19 40 16 27 3 75 6 33 18 7 5 35 7 33 15 80 
9 67 14 3 15 86 19 48 12 51 5 89 13 51 6 87 8 67 3 50 16 12 11 37 10 6 1 27 18 25 4 59 2 57 7 21 0 4 17 87 
10 5 3 86 12 73 16 29 9 32 14 32 6 63 4 64 5 14 15 63 13 86 0 88 7 48 1 88 8 82 19 30 2 92 17 68 18 33 11 2 
16 34 15 97 11 40 2 98 18 48 1 45 6 23 19 36 0 11 8 28 9 86 10 56 13 22 3 39 4 7 7 22 17 85 14 32 12 62 5 66 
1 15 14 35 13 22 12 89 2 38 4 94 18 82 15 87 16 62 10 60 3 81 17 51 11 66 9 10 8 94 6 80 5 91 0 98 19 80 7 12 
9 53 10 46 8 86 2 93 7 27 13 89 12 97 19 17 15 71 1 44 3 94 16 21 11 87 0 34 18 68 4 67 5 2 14 37 17 27 6 75 
16 22 18 90 5 23 3 28 10 72 17 25 9 18 12 67 7 40 1 89 4 53 8 77 0 60 11 62 19 73 2 69 14 19 6 58 13 86 15 8 
3 18 5 69 8 10 11 46 17 7 4 14 13 90 12 76 0 9 1 86 7 93 6 38 15 73 2 32 16 85 19 96 10 98 9 63 14 2 18 65 
3 24 14 45 2 23 9 8 5 16 4 89 13 5 11 96 15 24 17 62 7 34 8 94 19 72 1 20 16 9 18 72 12 21 10 37 0 3 6 19 
19 48 3 31 5 80 16 17 1 52 4 3 9 39 14 18 11 60 2 1 13 40 12 96 10 12 17 62 15 88 7 71 6 83 0 45 8 67 18 48 
7 87 0 58 9 92 2 45 12 41 17 58 15 55 5 64 11 16 6 41 3 40 16 24 4 47 1 18 8 64 10 2 18 4 19 59 14 64 13 72 
4 50 5 86 14 54 9 39 15 63 0 54 10 54 1 74 3 20 6 87 19 55 2 83 11 64 12 61 7 83 8 74 16 67 13 46 18 12 17 31 
7 68 18 38 14 69 5 75 16 34 17 14 3 43 6 84 2 52 12 64 4 78 11 21 1 89 15 32 19 86 0 34 8 15 10 51 13 93 9 2 
3 88 19 99 5 28 10 72 0 23 7 28 6 3 8 18 17 83 14 6 18 32 16 23 13 51 4 38 12 13 1 31 11 42 2 19 9 83 15 7 
9 8 0 93 7 54 17 35 14 68 8 97 4 48 1 77 13 19 19 34 18 69 12 92 10 12 15 7 5 89 16 23 11 94 6 77 2 32 3 83 
11 47 17 44 6 1 0 88 9 80 5 88 7 7 2 69 16 27 1 6 3 79 15 67 18 57 14 96 4 59 8 75 10 32 19 50 12 74 13 12 
4 34 7 96 11 79 5 66 14 88 19 73 15 55 0 51 8 21 2 83 13 90 1 16 18 3 9 71 17 2 3 39 16 65 10 52 12 30 6 83 
8 96 13 44 17 63 10 14 14 92 6 45 5 91 15 96 1 52 16 55 7 60 0 89 11 18 2 48 9 69 19 69 4 49 12 85 3 65 18 67 
10 14 6 68 13 35 15 46 18 86 7 70 9 52 0 74 3 24 4 1 17 29 16 54 19 71 5 38 11 31 12 84 8 62 1 33 14 55 2 2 
4 18 17 7 16 92 12 19 5 93 14 50 19 10 1 56 7 65 11 76 8 87 10 32 3 24 0 37 6 55 2 91 13 45 15 59 18 47 9 64 
3 73 5 22 19 14 0 84 13 21 6 34 2 43 16 19 7 67 1 51 15 16 18 29 9 58 4 58 10 82 11 80 14 6 12 4 17 66 8 34 
1 83 19 95 13 8 10 88 0 60 9 37 16 41 12 25 14 90 3 98 6 17 17 49 5 43 4 26 15 8 2 56 18 27 11 26 8 68 7 41 
9 47 5 21 2 7 14 43 4 59 8 30 13 73 16 92 0 65 11 41 12 52 3 61 17 93 7 57 6 25 18 46 1 1 15 8 10 43 19 89 
2 78 1 54 8 79 17 36 13 64 4 39 15 84 19 40 18 54 9 59 12 23 16 93 10 53 3 81 5 72 0 76 11 42 14 31 7 68 6 42 
18 62 13 58 4 45 11 21 16 47 7 44 5 9 19 68 3 68 6 44 10 64 15 21 12 60 14 95 17 7 0 27 9 29 1 19 2 68 8 20 
18 25 16 57 5 59 0 45 6 6 1 95 11 23 13 44 7 9 15 2 2 70 14 85 19 57 12 28 17 37 10 8 3 81 8 45 9 79 4 50 
2 10 12 40 14 24 18 8 8 87 3 64 7 99 16 56 15 36 11 30 17 51 10 21 13 2 6 65 19 48 4 7 0 4 5 86 1 41 9 8 
14 8 10 76 4 79 16 47 1 37 11 46 6 60 3 71 7 36 0 82 18 22 13 58 19 14 17 48 15 46 12 71 2 96 8 44 9 66 5 38 
10 76 8 28 16 99 5 94 1 6 13 89 15 91 0 16 2 53 17 4 12 3 7 88 6 59 18 50 3 79 9 41 4 45 19 16 14 42 11 16 
6 57 2 33 1 97 12 34 14 32 4 99 15 51 13 63 19 81 10 51 7 88 9 6 18 78 8 27 17 71 0 66 5 14 16 67 11 91 3 57 
5 61 0 13 8 8 12 64 9 72 1 55 4 76 18 34 19 96 3 68 6 72 2 94 13 49 7 36 14 69 16 39 10 59 15 84 17 77 11 78 
3 29 17 31 10 47 16 22 0 89 7 43 13 95 15 8 2 31 11 92 4 36 6 51 19 74 12 98 18 12 5 39 9 49 8 91 14 98 1 76 
11 78 0 64 1 47 4 51 10 32 2 8 18 32 17 90 6 58 13 48 15 21 3 24 9 61 16 17 7 78 12 61 8 68 5 24 19 5 14 78 
19 91 1 48 11 61 13 86 18 21 9 73 6 27 7 52 15 12 0 72 12 43 3 53 4 14 14 93 17 72 10 64 5 28 8 45 16 55 2 27 
0 32 18 52 5 9 11 89 8 78 12 51 14 87 15 29 1 41 3 47 6 30 16 94 19 79 7 97 13 1 2 92 9 51 4 46 17 1 10 16 
2 68 8 38 3 90 7 74 17 8 12 75 0 12 1 11 19 29 5 3 16 89 9 32 6 19 10 89 13 48 4 55 11 22 14 99 18 41 15 80 
7 14 11 61 12 12 4 69 0 1 9 97 15 85 10 69 8 71 2 32 6 50 1 5 17 56 19 40 16 97 3 19 5 65 18 1 14 47 13 58 
12 48 3 48 7 32 2 82 14 72 13 34 16 49 10 46 19 48 15 7 0 2 6 43 18 54 8 94 5 33 17 29 11 54 9 12 4 59 1 62 
15 47 17 55 1 1 19 2 11 22 0 23 16 63 8 38 10 39 9 46 5 44 14 19 6 54 12 90 2 24 13 90 3 49 4 74 18 21 7 37 
2 84 3 81 9 35 13 52 11 79 15 14 0 43 14 72 19 99 18 85 8 79 4 88 6 83 12 92 16 26 5 26 7 37 17 1 10 20 1 39 
7 89 10 75 16 45 5 45 17 6 3 99 1 81 2 78 4 51 11 58 18 48 13 84 12 6 15 54 9 84 19 19 0 11 6 84 8 23 14 25 
7 44 8 20 10 95 6 60 14 10 17 80 18 46 0 88 16 42 11 49 4 64 15 16 19 81 2 73 13 3 12 58 3 19 1 34 5 66 9 4 
10 60 9 35 12 38 11 37 6 17 1 97 13 32 17 96 4 24 19 3 15 77 0 40 14 30 18 60 8 46 2 45 3 76 16 59 7 68 5 92 
19 41 17 16 10 76 15 3 0 84 13 3 4 72 1 43 8 92 12 98 7 47 18 49 3 30 16 80 9 14 5 45 14 19 6 36 11 13 2 72 
1 84 8 60 18 3 16 46 19 38 2 73 4 10 13 88 3 73 17 32 6 58 14 94 10 53 11 69 7 46 0 61 9 7 12 60 15 70 5 74 
13 67 12 74 14 82 0 72 1 37 6 68 10 19 4 98 16 54 5 93 2 17 7 35 19 21 9 69 11 44 18 81 15 13 17 39 8 70 3 9 
18 71 9 22 14 5 3 39 17 62 4 74 11 62 1 4 7 52 10 45 19 31 16 87 5 62 2 37 15 60 0 23 12 21 6 1 13 89 8 80 
9 74 0 24 11 2 12 29 3 52 1 70 17 47 16 68 5 69 10 64 15 58 14 9 6 31 13 52 18 39 2 89 7 73 19 10 8 89 4 11 
5 8 9 94 12 65 3 62 10 32 16 88 8 33 1 34 2 84 18 15 17 59 7 30 19 25 15 4 13 78 11 22 0 44 6 48 4 8 14 46 
13 4 10 5 19 28 12 73 16 26 17 83 18 82 8 74 0 91 7 27 1 49 3 86 2 87 9 75 11 84 5 22 6 81 15 91 4 52 14 61 
8 83 13 39 16 46 10 25 18 52 14 40 7 72 5 20 3 21 11 75 2 3 17 90 12 36 15 96 1 47 19 95 6 34 9 21 4 40 0 5 
11 42 7 85 13 93 10 91 3 94 0 13 8 81 18 78 6 41 19 17 16 29 1 96 12 72 4 52 9 75 5 35 15 88 2 81 14 44 17 71 
14 17 19 53 18 77 10 63 0 31 1 46 5 70 3 75 2 21 6 75 9 26 7 85 12 15 16 74 11 79 13 59 8 14 17 90 15 72 4 41 
14 33 11 29 12 30 6 72 16 45 5 42 19 6 18 16 13 64 4 43 8 26 0 4 17 16 3 35 7 74 15 82 2 29 10 23 1 36 9 39 
14 16 12 46 2 18 9 78 17 81 6 89 10 87 7 56 8 19 4 61 18 74 1 32 0 91 15 27 16 23 11 94 13 88 3 9 19 87 5 83 
18 54 0 22 15 69 6 82 9 76 14 20 17 25 16 44 5 74 8 76 19 89 13 25 2 30 4 4 11 91 3 70 12 80 10 84 1 93 7 31 
9 20 5 35 13 32 1 51 0 81 15 23 12 17 6 19 14 56 8 79 16 48 19 26 10 33 2 31 11 38 17 97 7 50 3 18 4 87 18 47 
18 47 1 1 15 69 14 91 16 96 0 72 4 29 5 32 11 44 17 90 19 22 10 42 6 40 12 22 9 23 2 49 8 89 13 19 3 43 7 44 
12 50 5 17 0 58 14 26 4 34 3 9 8 92 16 57 15 56 19 80 18 58 7 35 9 3 6 44 1 98 17 23 2 54 10 2 11 18 13 93 
4 21 0 3 7 58 5 75 3 98 19 29 14 38 18 99 10 23 17 93 6 86 12 29 8 8 16 30 15 46 13 10 9 83 2 43 11 29 1 3 
12 48 14 96 13 28 8 2 7 14 2 50 15 39 0 74 9 28 19 95 1 58 6 68 17 39 3 94 18 69 10 75 11 14 5 97 16 72 4 82 
10 99 19 71 12 77 2 6 17 54 15 43 9 98 13 29 11 29 18 65 5 75 8 22 7 27 4 92 1 81 16 33 3 87 6 20 0 13 14 80 
13 90 1 53 3 97 6 76 10 25 5 73 17 42 15 65 18 31 16 56 2 53 14 49 11 26 0 85 12 6 7 12 8 16 19 18 4 97 9 6 
14 67 9 49 8 12 12 78 15 86 3 58 16 16 7 52 18 82 17 60 2 66 4 93 13 69 10 90 11 71 19 31 1 42 6 72 5 98 0 59 
16 33 4 73 6 91 5 38 2 28 19 47 0 3 7 87 10 10 13 50 18 87 1 23 11 59 15 56 3 71 12 37 9 20 17 20 14 41 8 85 
19 56 13 23 11 94 10 42 17 18 5 86 14 36 0 95 7 18 2 22 1 50 16 85 18 33 8 19 4 50 12 68 6 59 15 23 3 12 9 77 
3 46 7 93 10 44 18 45 13 99 1 78 0 14 14 13 4 74 12 54 17 89 19 91 8 11 2 45 11 55 15 83 9 45 5 44 16 98 6 50 
10 34 5 35 17 67 15 48 1 59 12 73 9 37 0 94 14 58 18 91 13 45 11 91 8 42 2 67 19 71 3 47 6 91 7 8 4 70 16 42 
13 24 5 52 18 96 2 90 17 41 8 5 19 96 0 49 1 83 15 10 6 19 3 42 4 38 16 47 11 50 9 31 10 45 7 40 14 76 12 47 
1 1 19 9 14 89 13 98 12 6 0 8 3 74 4 60 18 27 8 74 9 7 10 77 2 77 6 2 7 8 11 39 15 1 17 48 16 33 5 25 
8 96 11 18 1 89 19 27 5 73 16 6 13 76 17 5 3 83 10 73 2 88 7 55 0 24 12 14 9 16 18 5 4 50 6 48 14 14 15 66 
18 16 12 5 13 22 17 20 16 90 6 61 15 33 11 72 14 56 5 45 19 94 1 78 8 41 10 42 3 99 7 43 4 44 0 68 9 77 2 13 
8 1 12 56 6 61 18 7 3 91 0 62 13 75 15 24 14 9 7 92 16 57 9 18 10 71 19 98 11 94 17 25 5 78 4 77 2 96 1 26 
3 99 16 57 12 48 1 26 0 54 15 26 9 49 14 76 2 52 8 83 17 72 18 50 6 69 11 82 13 43 10 41 7 22 4 84 5 33 19 1 
9 37 19 98 15 94 10 11 13 5 1 58 6 77 16 11 18 5 17 49 12 20 8 86 14 20 0 87 4 5 5 94 7 74 11 44 3 71 2 39 
18 88 9 52 10 20 15 48 3 43 11 26 7 12 17 76 14 47 8 38 19 87 16 61 1 64 13 15 4 45 12 74 5 7 0 19 2 20 6 14 
3 96 10 56 13 89 11 9 15 51 6 41 5 83 17 64 18 21 19 10 7 99 8 83 12 43 2 69 14 41 9 80 16 43 0 79 4 96 1 29 
1 90 6 39 13 60 4 28 16 78 19 97 2 19 18 1 12 69 8 11 11 22 15 27 14 72 5 6 7 56 0 74 17 47 3 95 10 27 9 54 
3 3 11 5 9 68 10 24 15 3 17 46 13 25 0 27 14 80 8 2 12 45 4 79 7 78 6 9 5 25 19 50 18 33 1 78 2 18 16 82 
12 50 5 69 14 82 10 56 1 74 16 97 3 66 0 82 15 42 13 62 17 39 18 72 11 62 9 10 6 1 4 84 8 51 7 54 19 82 2 14 
11 93 3 49 7 22 10 39 15 68 4 18 16 15 19 56 0 6 14 25 12 96 9 29 2 98 6 11 8 25 13 57 1 85 17 62 18 74 5 81 
2 45 12 48 3 76 5 80 17 50 10 77 11 67 9 45 15 79 18 39 19 30 1 38 16 47 6 21 14 89 13 18 8 38 7 35 0 38 4 37 
14 18 0 46 16 17 12 51 19 47 7 94 9 39 1 81 18 22 11 52 2 85 17 38 5 80 13 17 10 64 15 96 4 97 8 80 3 49 6 94 
0 26 19 31 13 51 3 36 7 56 12 72 4 84 18 34 6 98 2 86 8 69 1 58 9 10 5 19 15 84 14 65 10 92 11 64 16 70 17 88 
1 78 2 97 7 34 10 51 13 2 18 41 0 24 4 93 8 98 12 85 6 76 17 93 11 37 5 48 16 67 19 16 14 69 15 35 9 71 3 18 
18 81 16 50 19 26 4 57 14 95 6 70 13 41 15 86 5 46 10 44 0 62 3 51 2 6 12 76 17 95 7 7 1 77 9 20 8 93 11 6 
12 89 17 5 15 5 1 96 11 87 16 44 8 7 13 78 4 87 7 58 18 51 10 93 6 30 14 52 9 87 5 90 0 50 19 17 3 35 2 14 
8 17 18 21 19 85 17 4 10 69 15 22 12 8 7 91 4 24 11 52 3 61 5 87 16 44 9 15 0 66 1 68 2 87 13 65 6 45 14 64 
1 2 2 80 16 36 10 53 19 74 13 88 3 68 14 56 6 88 17 52 12 51 7 32 11 35 5 8 0 6 8 66 4 46 9 15 15 65 18 81 
0 39 7 19 12 32 14 60 19 14 4 7 16 19 9 52 15 68 5 12 17 36 2 91 6 42 18 18 1 27 8 95 10 67 13 42 11 20 3 21 
1 60 17 95 7 52 3 32 18 97 13 39 12 72 11 72 2 94 8 74 6 24 9 42 16 22 15 89 0 33 5 45 14 98 4 51 10 91 19 37 
1 75 19 82 10 51 13 26 8 99 5 74 3 85 9 33 2 17 14 96 6 2 16 32 4 40 17 67 7 95 18 4 11 74 0 76 15 75 12 65 
3 18 15 30 4 35 14 36 19 55 13 29 0 71 16 27 11 45 7 33 10 69 17 79 1 63 9 40 5 20 8 24 2 6 6 36 18 38 12 41 
15 21 0 51 18 7 12 47 11 86 8 22 14 57 19 9 7 7 16 4 3 60 9 9 13 26 5 44 10 57 1 88 2 33 6 90 4 39 17 58 
12 33 17 97 8 60 0 13 2 17 13 31 11 93 1 26 9 41 10 5 15 24 5 56 16 85 6 44 14 13 3 60 7 47 4 33 18 74 19 44 
5 94 0 60 9 67 19 1 14 81 7 79 8 46 6 1 4 1 12 17 16 36 13 19 17 42 18 98 10 52 11 55 3 79 15 24 1 7 2 18 
3 75 4 30 5 91 18 79 8 24 6 80 0 63 13 62 11 84 14 78 1 21 19 65 15 53 17 84 12 34 16 33 7 44 9 83 10 39 2 66 
11 66 8 7 4 97 6 80 10 15 17 67 2 20 15 53 7 25 1 79 12 26 19 40 18 3 3 16 9 58 0 20 5 43 13 84 16 40 14 26 
9 36 13 16 0 68 8 5 14 43 2 36 19 84 12 69 17 39 15 5 4 44 1 94 18 86 3 72 7 23 5 88 10 48 11 62 6 15 16 54 
18 64 2 7 17 73 3 2 11 17 16 37 0 41 14 72 13 31 4 78 19 1 7 45 6 38 10 13 8 52 15 46 1 77 5 7 12 77 9 36 
13 5 12 44 10 8 2 55 16 14 7 71 15 89 19 87 0 84 5 1 1 24 8 60 17 68 11 25 3 64 4 38 18 76 14 92 6 6 9 84 
1 42 11 1 7 42 10 45 16 14 6 94 19 4 4 82 14 90 8 79 13 84 18 17 17 47 2 99 9 93 3 56 12 70 0 83 15 57 5 59 
16 25 14 67 2 88 18 8 3 33 0 17 19 45 4 56 1 16 8 23 11 67 10 46 6 89 15 21 5 19 13 92 9 10 12 69 17 68 7 97 
3 39 0 17 13 53 11 92 7 70 10 39 6 48 14 41 5 20 19 38 4 87 1 77 9 78 8 59 16 6 18 15 2 29 17 49 15 26 12 5 
4 9 7 72 15 43 2 18 0 52 3 50 18 32 17 29 11 27 1 25 6 17 10 95 12 31 8 83 19 17 13 39 5 66 16 41 14 37 9 6 
8 69 16 12 15 18 2 76 14 3 7 90 18 18 6 63 9 13 19 58 3 3 12 26 10 65 4 73 0 17 5 87 11 75 13 62 17 54 1 14 
15 51 17 17 12 38 9 14 6 19 16 20 0 13 19 44 4 79 13 88 14 32 18 66 10 1 8 37 5 89 11 17 3 27 1 68 7 39 2 84 
7 53 5 86 3 19 10 45 0 57 8 67 2 80 17 32 16 93 11 17 13 90 18 46 19 4 9 75 14 71 1 61 15 95 4 22 6 52 12 16 
3 58 1 54 19 11 7 81 4 77 6 15 10 35 8 30 17 25 9 41 2 68 12 64 11 13 13 94 16 97 5 26 18 42 15 19 0 98 14 56 
4 17 16 48 15 36 19 41 12 82 10 26 0 36 6 83 1 44 9 58 7 95 14 51 3 52 2 42 13 11 17 29 11 39 8 42 18 42 5 44 
6 28 5 82 18 53 11 38 10 53 0 80 4 16 19 15 9 4 16 11 7 87 2 23 3 6 13 37 15 35 8 40 14 57 12 85 17 35 1 79 
7 53 0 38 6 46 5 37 18 74 13 74 12 68 16 99 10 50 8 55 9 46 1 96 11 90 4 71 19 74 15 49 17 56 2 43 14 1 3 35 
17 46 8 64 18 24 0 73 2 99 19 1 4 87 9 3 3 92 15 97 16 74 7 15 1 89 5 77 14 82 6 48 12 3 11 80 13 61 10 17 
18 83 16 4 19 2 0 54 6 91 12 68 1 16 7 90 5 69 14 48 4 40 3 2 13 1 2 85 11 97 17 70 9 39 8 27 15 2 10 20 
15 5 8 56 18 1 12 79 13 30 3 49 5 64 14 63 16 47 2 28 6 52 19 71 17 17 4 42 0 20 1 15 9 62 11 90 7 61 10 8 
10 85 19 99 5 61 6 25 17 26 7 61 11 25 15 21 1 76 18 15 13 68 12 59 3 27 16 18 0 69 4 12 2 39 9 49 14 35 8 94 
6 99 15 26 11 38 13 56 8 13 7 41 10 4 18 8 5 18 9 15 4 83 1 46 16 19 17 38 14 25 2 66 12 73 3 95 0 85 19 53 
4 42 3 58 11 49 7 28 16 87 6 55 18 11 13 31 5 20 14 86 12 51 15 91 0 47 19 94 2 25 1 84 10 50 17 96 9 66 8 2 
0 71 10 43 4 80 11 19 5 67 14 6 16 50 8 41 15 35 17 87 3 3 6 57 13 41 12 12 19 3 2 43 7 52 9 93 18 33 1 83 
10 66 11 74 4 49 7 29 1 10 15 51 18 29 12 33 5 40 3 93 9 36 14 46 17 11 2 82 8 82 6 91 13 5 0 33 16 35 19 59 
19 42 17 19 4 90 9 48 14 48 5 96 8 96 11 91 13 82 3 3 0 69 15 99 18 66 2 16 7 35 12 32 16 86 1 55 10 5 6 51 
15 78 7 44 3 59 14 45 0 61 9 16 8 42 16 6 6 81 11 69 12 29 5 93 19 27 2 31 4 78 17 17 10 85 13 5 1 63 18 46 
4 52 14 99 2 89 18 4 0 49 9 5 16 12 7 2 10 40 12 5 13 96 3 35 6 77 11 90 1 24 19 96 8 64 15 70 17 17 5 70 
6 26 1 49 13 20 0 69 4 35 2 98 17 99 3 17 16 32 19 34 7 92 12 16 11 51 8 10 5 22 18 17 14 73 15 44 10 5 9 68 
0 28 5 32 19 84 17 45 18 6 3 25 12 63 16 29 2 64 14 4 4 43 9 71 11 63 8 9 13 26 10 49 6 31 1 76 15 14 7 80 
13 43 8 25 12 79 2 14 7 43 14 18 5 71 15 46 11 51 6 51 4 82 0 45 19 55 10 9 18 48 17 5 9 40 16 9 1 28 3 58 
7 87 14 30 19 75 5 81 0 90 12 71 9 30 18 56 2 4 3 12 6 6 11 22 10 35 17 61 4 23 1 34 13 58 8 75 16 48 15 53 
19 96 15 72 18 38 9 7 8 57 13 58 2 31 11 29 16 81 7 73 14 63 12 43 1 62 4 16 17 82 0 96 5 90 6 19 10 62 3 63 
5 63 19 83 3 20 10 45 12 86 9 28 11 86 2 20 13 54 16 67 14 98 6 99 4 58 1 93 15 74 7 94 18 37 0 68 8 84 17 59 
3 19 10 99 6 21 5 16 14 62 4 17 18 32 7 9 9 10 0 50 8 61 16 9 12 37 17 55 11 58 19 11 1 18 2 37 13 47 15 4 
16 6 11 42 7 54 14 38 8 6 3 41 19 10 5 18 17 41 10 31 12 12 1 67 18 90 0 95 13 67 4 94 6 79 9 26 2 9 15 43 
5 91 15 10 13 12 7 13 11 29 19 44 9 40 8 47 12 84 3 13 2 20 0 21 17 37 16 31 4 66 10 24 14 83 18 38 6 75 1 84 
18 49 5 13 6 73 3 44 8 8 4 36 10 33 12 12 2 82 19 14 7 4 15 68 0 9 13 54 9 96 1 62 17 86 14 82 16 48 11 58 
19 18 6 25 0 37 5 33 9 43 2 1 18 83 16 34 10 37 7 79 1 63 12 92 14 15 17 84 4 22 8 80 3 13 15 70 13 55 11 41 
0 28 10 75 4 97 13 88 14 90 19 70 3 13 15 40 16 7 11 13 5 81 17 54 2 11 1 94 12 56 7 32 6 62 9 60 18 98 8 85 
15 9 16 68 5 54 7 36 1 99 19 65 4 69 3 23 8 75 17 57 13 7 10 91 0 75 2 37 9 29 12 45 18 35 6 66 11 59 14 24 
2 59 13 81 14 62 19 46 16 82 7 69 8 40 5 49 15 38 0 10 4 23 9 52 3 23 1 82 18 78 12 30 10 34 17 90 11 2 6 66 
18 56 11 20 17 44 7 82 1 61 5 86 3 38 6 9 2 89 15 63 14 21 19 94 10 57 13 81 0 51 4 6 12 22 8 79 9 53 16 33 
10 42 0 8 2 44 5 1 16 8 15 66 18 13 14 20 7 58 11 1 1 69 9 52 19 4 13 64 3 87 17 83 6 7 12 88 8 96 4 83 
0 39 19 38 13 73 16 87 17 36 2 56 4 70 8 71 14 65 6 21 5 48 7 5 12 32 1 43 15 51 11 91 10 70 3 3 18 50 9 77 
15 23 19 53 10 8 12 69 1 70 3 18 2 59 4 62 5 5 16 2 7 18 0 13 6 58 8 87 9 5 13 93 17 42 11 47 18 35 14 95 
19 43 9 68 10 66 4 90 6 20 18 79 16 42 12 80 17 24 14 17 13 69 7 15 8 16 3 83 5 77 0 92 2 50 15 95 11 87 1 77 
1 33 5 70 9 15 17 27 4 62 18 98 12 67 14 38 13 93 2 60 16 32 0 14 7 19 10 45 19 25 8 78 11 68 15 48 3 35 6 28 
16 48 5 79 2 12 12 2 1 16 9 91 13 49 6 66 10 63 11 92 17 53 3 58 18 49 0 18 7 39 19 2 15 31 4 68 8 57 14 87 
6 98 3 7 19 89 18 49 11 95 8 53 15 14 14 91 1 87 17 58 16 42 10 41 12 66 0 80 4 36 9 88 13 44 2 12 5 65 7 30 
7 70 19 32 6 82 12 75 2 57 16 94 3 18 15 90 0 65 18 70 1 30 11 96 13 61 8 41 14 3 17 87 5 82 9 91 10 7 4 26 
6 72 3 8 17 58 16 37 1 49 15 23 19 87 5 82 0 87 8 69 13 49 14 57 9 46 18 93 4 77 11 34 2 54 10 22 12 54 7 74 
14 70 5 87 11 82 16 81 19 26 3 44 2 5 17 11 1 44 12 72 18 29 4 94 15 48 6 58 13 44 10 53 0 55 9 17 7 36 8 57 
2 65 18 83 4 4 9 53 0 65 3 55 8 72 16 95 5 68 6 52 11 9 13 90 19 5 10 84 7 57 12 13 1 5 14 33 17 97 15 89 
0 72 7 63 19 2 2 52 3 34 9 20 10 20 6 93 17 89 15 92 13 69 5 79 11 62 18 11 12 63 4 50 14 82 1 49 16 76 8 71 
12 92 10 31 7 4 8 51 17 66 13 11 14 13 16 39 18 57 1 56 4 9 19 90 5 4 3 9 9 3 2 56 11 5 15 29 0 95 6 90 
0 38 13 94 16 92 15 25 3 30 12 32 8 67 9 26 5 72 4 58 11 22 6 63 17 85 14 46 10 93 1 99 7 88 2 42 18 6 19 81 
19 16 14 83 8 51 11 50 17 12 16 83 7 60 12 42 15 75 6 4 10 1 9 54 13 4 1 49 3 30 4 9 5 98 18 62 0 52 2 51 
0 80 5 82 4 74 19 82 3 87 12 12 16 67 15 37 1 7 11 72 2 2 7 53 17 93 10 62 14 45 9 76 18 94 6 25 8 72 13 69 
17 6 7 3 11 80 9 74 15 17 19 44 14 93 10 79 12 84 16 3 3 94 0 35 2 67 8 29 18 40 4 8 5 54 6 60 1 25 13 63 
19 18 15 24 6 89 8 79 9 66 18 42 10 23 2 36 1 78 12 24 13 27 4 78 11 66 16 78 3 93 14 17 7 12 5 98 0 58 17 49 
18 84 11 81 9 75 17 11 3 1 16 12 13 83 6 37 4 67 8 56 15 49 10 28 0 27 5 5 12 60 1 72 14 94 7 17 19 22 2 31 
7 48 9 72 1 81 17 86 16 81 13 42 4 20 15 47 2 61 19 50 0 89 18 86 11 83 5 34 12 88 6 9 10 47 3 61 8 97 14 97 
4 51 2 80 19 80 7 96 17 41 11 14 9 21 18 33 8 22 0 2 14 73 1 41 15 1 13 93 12 88 6 19 5 3 10 70 16 79 3 14 
15 11 12 58 9 53 11 12 7 21 16 1 0 53 5 43 8 53 1 96 6 3 18 21 10 19 13 7 19 53 2 91 4 31 3 81 17 24 14 72 
0 83 12 72 14 46 3 60 10 88 9 50 16 31 15 77 5 59 8 51 1 92 17 96 13 49 19 96 11 91 7 22 6 95 18 93 4 62 2 74 
6 86 4 64 5 81 12 50 14 81 7 89 17 32 9 47 2 95 8 47 18 14 19 68 16 34 11 71 0 96 10 86 3 58 13 74 1 3 15 26 
18 91 15 22 3 13 19 83 10 5 13 98 16 30 6 11 9 15 1 59 17 34 0 67 2 51 12 28 11 57 8 74 5 64 7 52 14 34 4 18 
9 58 4 16 10 41 7 85 0 81 13 88 16 78 17 99 1 67 18 68 11 86 14 21 3 93 5 79 12 44 15 27 6 84 8 55 19 40 2 76 
14 48 19 94 9 46 16 37 8 16 6 31 7 98 15 53 0 24 2 8 3 37 4 17 11 34 12 65 5 10 18 3 1 49 13 31 10 34 17 43 
8 11 1 94 2 64 9 56 3 86 11 25 13 96 19 93 16 20 12 49 10 11 5 54 17 47 6 96 15 57 0 85 14 68 4 98 7 73 18 91 
8 51 18 56 0 66 16 28 1 24 10 69 6 34 4 69 2 92 5 13 15 96 12 20 9 81 13 34 14 84 3 97 19 97 11 75 17 71 7 30 
6 76 5 5 19 98 7 5 1 30 12 7 10 35 3 21 8 81 9 9 0 34 13 2 11 46 14 63 16 39 15 64 18 52 4 41 17 29 2 60 
0 8 8 34 2 4 19 82 4 12 16 72 14 97 6 77 9 74 3 75 17 16 13 30 12 22 18 77 5 52 10 97 11 51 7 52 1 32 15 72 
12 84 3 86 18 25 2 98 16 38 13 2 6 19 19 66 11 14 10 32 0 8 17 45 14 40 4 4 5 16 15 48 9 13 8 44 7 73 1 52 
11 78 13 70 1 11 8 58 14 73 7 89 9 79 4 63 15 50 5 55 19 87 2 13 3 28 17 75 0 37 16 81 10 58 18 25 12 79 6 27 
9 47 17 58 14 48 0 87 6 22 18 71 8 9 4 35 7 24 12 87 16 1 3 25 15 60 1 3 19 83 13 43 2 54 10 18 5 14 11 19 
1 20 19 49 14 47 11 2 16 65 10 65 18 40 12 58 8 96 3 4 2 78 5 73 7 39 9 42 4 52 17 15 0 70 6 72 15 15 13 75 
8 69 17 79 12 83 10 37 2 6 7 93 1 93 11 83 19 60 16 36 18 49 14 6 0 29 5 69 6 22 9 29 13 52 3 40 4 28 15 41 
1 3 16 30 11 36 10 37 8 55 12 31 17 4 13 7 4 37 3 62 18 42 2 67 14 16 7 41 19 85 15 52 0 26 9 47 6 68 5 58 
12 99 1 72 3 2 6 64 16 82 0 3 13 81 14 50 5 5 19 28 7 5 11 41 9 12 15 54 8 84 17 55 4 90 10 77 18 2 2 29 
1 10 5 53 10 96 3 12 16 59 12 8 0 8 13 16 18 38 8 84 11 65 19 8 14 15 2 31 6 95 7 27 15 37 4 48 17 92 9 25 
12 62 14 74 7 30 1 98 15 68 5 99 2 25 10 84 9 94 4 46 16 99 0 86 3 21 17 9 18 47 19 81 8 89 13 67 11 72 6 67 
10 34 18 75 5 22 11 63 7 60 16 98 13 8 14 10 4 61 3 41 0 71 15 47 17 31 1 34 9 97 12 66 2 43 8 30 19 96 6 42 
9 10 19 38 12 8 2 76 13 57 7 34 10 11 15 29 6 99 5 89 1 4 18 97 0 84 17 16 3 98 4 81 8 4 11 12 16 26 14 67 
15 19 13 89 12 97 1 14 8 22 2 77 3 22 11 22 7 61 19 95 14 79 5 7 4 37 6 29 16 2 10 17 9 75 0 68 17 65 18 42 
8 21 17 39 12 69 9 28 11 82 13 98 3 99 5 11 19 43 16 71 1 11 15 34 0 21 6 3 10 18 2 35 7 5 14 82 4 2 18 55 
15 7 2 25 18 64 16 88 12 97 9 49 3 84 11 99 10 85 4 5 13 42 5 20 8 82 0 1 19 47 17 8 1 46 7 39 14 75 6 76 
4 21 9 92 7 67 1 28 6 43 12 84 16 82 13 34 10 76 11 88 0 88 5 72 15 32 18 37 3 24 17 2 14 74 8 94 19 19 2 19 
3 57 5 38 19 36 4 47 0 66 7 67 2 98 11 49 12 87 10 48 15 94 8 25 9 75 1 46 14 80 18 33 17 3 16 85 6 98 13 56 
8 84 14 40 6 66 5 60 17 36 3 70 12 78 7 32 18 25 16 77 4 16 1 1 19 30 2 4 15 26 11 58 10 74 9 62 13 90 0 22 
5 67 9 66 6 37 7 70 17 22 15 1 19 47 11 90 4 75 16 80 10 32 13 67 12 18 2 6 18 37 0 15 8 36 14 76 1 22 3 67 
12 68 17 8 7 3 0 63 16 62 8 46 6 85 10 37 3 7 18 69 11 94 1 27 13 75 19 57 5 49 15 97 4 35 9 85 14 78 2 5 
2 96 16 62 13 80 14 71 4 75 17 95 12 37 15 76 18 85 10 58 6 61 3 4 11 30 9 15 8 9 0 6 5 18 1 18 19 77 7 80 
1 87 16 48 4 10 8 94 19 42 18 57 14 47 15 51 6 25 11 41 9 80 5 81 17 74 7 68 12 73 3 37 0 19 2 12 10 38 13 92 
