200 20
9 53 13 13 18 91 10 63 8 34 12 21 15 24 0 1 16 56 7 50 11 77 4 97 14 71 2 1 6 69 19 72 5 46 17 56 1 36 3 28 
11 4 7 95 1 36 19 65 18 74 14 55 0 33 8 47 9 10 17 70 13 49 4 85 5 57 15 3 10 99 6 24 3 77 16 67 12 24 2 63 
8 18 12 24 13 39 6 17 19 88 11 28 10 63 14 43 16 91 18 90 9 90 15 23 3 42 7 94 1 50 17 60 5 92 0 21 2 79 4 80 
8 47 10 19 14 7 2 12 17 89 7 3 18 44 4 82 1 84 11 10 9 33 12 64 5 55 13 64 0 87 16 8 3 39 19 6 15 17 6 3 
10 59 2 40 4 65 1 69 14 71 18 53 16 82 15 40 17 70 0 57 12 17 5 86 3 83 11 93 8 43 6 11 19 23 7 85 9 80 13 81 
15 65 6 98 1 19 13 89 3 16 0 6 10 46 11 22 17 37 19 60 4 89 16 58 12 90 5 24 14 62 8 84 18 53 7 55 2 50 9 17 
13 51 7 30 5 37 17 4 2 59 14 91 3 33 18 67 11 27 1 18 4 17 12 85 9 70 0 98 16 36 19 26 6 86 15 59 8 17 10 8 
14 42 17 37 10 23 12 16 16 18 2 19 19 52 6 98 4 18 9 9 18 64 1 27 8 95 7 70 0 15 13 5 15 83 3 55 11 54 5 22 
16 49 9 45 2 20 1 33 7 32 15 80 4 62 10 46 17 26 8 61 6 25 11 26 0 61 13 1 18 45 19 52 14 47 3 52 12 54 5 37 
8 25 6 53 15 27 13 32 19 74 16 35 18 56 10 11 14 42 7 62 17 93 5 87 12 31 4 46 1 87 11 46 9 89 3 96 0 50 2 67 
6 80 16 18 3 35 8 17 1 67 18 13 7 31 2 50 10 60 0 85 4 88 19 10 9 90 14 82 11 40 12 62 15 42 17 21 5 71 13 19 
11 81 14 7 13 95 18 44 3 46 5 18 17 95 9 84 4 18 2 65 7 54 12 41 6 63 10 44 0 18 16 96 8 31 1 88 19 43 15 76 
14 42 9 1 0 31 2 65 4 39 5 90 16 57 19 35 17 44 8 65 6 29 11 71 1 2 18 20 12 7 15 36 3 40 7 53 13 93 10 20 
0 57 1 35 15 99 12 38 11 59 8 13 16 86 7 53 13 60 17 79 14 5 18 11 19 93 2 48 4 96 10 46 5 44 6 47 3 57 9 6 
0 25 1 37 12 79 6 32 10 84 5 5 19 26 9 17 3 6 7 12 18 50 2 21 17 56 16 52 14 83 8 25 4 11 15 56 11 38 13 96 
14 70 8 28 9 61 15 50 17 59 6 4 11 10 2 56 1 29 5 35 7 24 13 75 3 45 18 53 0 16 12 77 19 30 4 17 10 69 16 17 
3 41 12 58 16 20 17 80 1 33 13 11 8 14 19 85 18 47 4 98 15 82 0 6 2 11 9 13 7 81 6 76 10 98 11 7 5 4 14 79 
1 65 9 67 0 12 8 91 10 74 12 79 17 46 11 45 3 92 4 8 6 65 18 60 15 35 5 87 16 1 14 5 13 9 19 66 7 81 2 50 
0 67 11 68 17 62 15 67 18 61 1 45 12 65 13 90 2 99 8 96 3 17 7 59 4 21 10 15 16 85 5 37 6 69 9 2 19 42 14 10 
6 50 16 92 14 55 18 20 11 39 12 11 9 22 10 5 3 98 7 80 0 31 2 95 5 7 19 18 17 32 1 85 8 52 15 88 13 36 4 18 
7 87 15 44 4 80 0 41 14 49 18 26 10 19 5 89 11 28 17 96 13 70 9 56 1 18 19 41 3 88 12 21 16 1 6 82 8 50 2 12 
17 60 9 64 11 29 8 3 4 24 18 95 6 43 15 96 19 3 10 54 1 81 16 80 7 73 2 81 14 51 13 56 0 43 12 36 3 60 5 49 
17 20 13 42 8 1 3 4 4 9 16 20 11 54 15 97 7 48 1 58 2 88 18 60 9 94 10 14 6 63 19 45 12 23 0 40 5 68 14 82 
1 23 4 55 6 97 7 66 0 28 3 91 16 66 19 56 18 30 17 17 10 10 11 46 8 95 15 35 14 66 9 37 13 55 12 71 5 4 2 18 
7 14 3 55 6 17 15 95 10 7 18 31 14 74 12 52 2 22 19 13 4 52 13 25 16 86 9 68 17 47 1 17 0 38 5 11 8 57 11 91 
0 2 6 61 18 34 5 57 7 35 11 70 14 10 12 26 9 46 10 14 13 89 16 62 3 64 8 6 4 29 15 32 2 33 17 50 19 36 1 91 
2 86 17 60 5 30 8 76 18 10 16 27 9 93 1 18 6 49 10 61 13 60 15 62 11 29 12 41 19 78 4 3 0 79 7 78 14 38 3 24 
14 51 18 49 19 31 2 37 11 90 6 92 7 90 8 10 13 21 10 14 4 58 0 73 3 17 1 1 5 81 16 8 9 55 17 97 15 96 12 58 
11 25 14 40 3 68 12 13 13 23 2 50 17 74 6 50 5 78 8 73 18 91 7 93 16 21 0 70 9 86 4 40 1 32 19 98 10 10 15 35 
17 57 11 14 7 35 16 96 1 69 14 93 5 92 2 43 3 9 4 12 12 22 8 76 19 40 0 57 6 8 13 40 15 64 18 13 10 37 9 13 
16 14 7 40 10 33 11 8 8 48 14 83 1 36 9 32 18 82 13 52 4 79 17 7 12 28 19 18 2 65 6 70 3 57 15 5 0 19 5 30 
15 61 9 54 19 34 0 45 2 8 3 30 7 12 4 15 12 50 10 9 8 31 17 93 16 17 11 20 6 86 13 85 1 11 18 24 14 26 5 48 
3 94 15 20 1 10 2 75 10 52 17 54 14 45 16 95 0 7 9 83 19 98 4 8 18 16 6 41 11 50 12 35 8 39 5 23 7 61 13 41 
5 43 9 72 4 58 10 46 19 55 17 59 7 10 16 71 1 82 6 51 14 42 11 15 8 20 13 86 0 34 15 69 3 64 2 89 18 10 12 63 
18 45 2 81 1 37 16 4 14 83 19 84 12 60 10 10 17 53 7 56 8 57 15 25 13 67 0 62 5 17 6 54 11 1 3 38 9 16 4 95 
12 86 16 20 3 83 0 88 17 44 6 72 19 88 5 78 2 68 18 92 10 32 4 49 1 9 7 23 9 25 8 39 15 64 13 63 14 22 11 15 
7 98 1 20 9 9 4 52 6 84 17 12 10 34 13 75 2 73 3 72 14 88 19 18 15 45 5 6 8 81 18 28 16 18 11 55 12 76 0 64 
5 16 4 37 10 60 15 80 8 12 3 80 1 72 13 80 11 43 12 36 17 18 9 41 7 87 18 91 14 19 16 62 2 44 19 6 6 42 0 29 
19 25 13 87 8 63 14 10 10 81 3 61 11 46 18 19 2 52 1 43 0 50 9 64 5 64 4 2 7 24 12 48 17 59 6 46 15 57 16 80 
17 56 13 49 7 39 3 82 4 82 8 59 6 45 16 13 11 98 5 24 0 23 1 34 18 68 14 15 10 32 19 27 2 89 15 38 9 5 12 97 
11 92 17 72 3 11 16 9 7 34 18 60 14 74 19 36 4 95 12 44 1 45 0 16 15 17 2 40 5 4 13 61 8 9 10 46 9 62 6 44 
16 16 1 93 0 13 11 98 7 88 3 9 8 74 9 43 18 11 6 19 15 7 13 95 5 95 10 35 14 4 12 26 17 63 19 19 2 26 4 14 
15 36 13 57 17 87 10 82 2 35 1 46 16 71 3 80 18 83 9 92 6 99 14 52 4 74 0 18 8 37 12 12 5 55 19 60 7 6 11 90 
15 45 0 3 9 6 2 92 11 70 1 71 7 34 18 65 13 79 19 16 8 63 12 4 16 27 3 9 17 81 4 54 10 40 6 40 14 56 5 45 
2 15 18 99 6 41 0 98 8 66 1 35 10 37 13 16 15 36 17 11 14 69 16 9 12 94 5 61 11 34 19 26 7 94 3 7 9 21 4 63 
2 59 6 86 10 93 18 57 9 98 14 52 7 82 11 61 8 27 13 74 1 11 5 42 15 37 19 25 0 14 12 31 17 15 3 36 4 89 16 30 
4 98 1 55 7 35 5 11 2 76 0 30 17 10 14 34 19 38 16 92 6 83 10 11 12 61 3 11 11 66 15 5 13 82 18 26 9 15 8 21 
16 53 18 96 0 63 12 35 7 78 2 26 11 81 15 73 4 48 19 7 5 55 1 8 6 32 17 96 3 64 13 23 8 86 14 12 9 81 10 17 
2 60 17 19 8 97 0 63 12 11 6 54 16 76 14 78 3 33 10 60 7 54 15 19 19 66 11 84 4 91 5 48 1 87 9 62 18 8 13 63 
1 32 13 63 11 40 15 15 6 57 12 54 3 93 16 31 10 31 7 80 9 31 4 77 2 24 14 34 0 45 18 97 8 74 17 33 19 91 5 56 
12 37 10 85 4 69 7 1 19 17 9 16 0 59 5 54 17 44 2 92 1 54 13 43 16 58 8 59 15 55 6 24 3 11 18 61 11 17 14 55 
19 79 12 9 16 34 10 98 8 81 9 74 2 25 14 85 15 72 18 78 3 83 0 68 11 9 6 23 7 2 1 59 13 61 17 69 4 96 5 37 
19 48 18 21 15 21 0 44 1 55 16 45 17 20 11 71 2 46 4 75 14 53 10 52 7 80 9 65 6 28 13 42 5 23 3 96 12 85 8 38 
18 73 0 9 2 43 14 90 11 23 19 37 1 81 16 48 5 28 3 96 7 5 13 94 4 13 10 65 9 85 15 30 17 11 8 7 12 94 6 50 
15 44 6 91 1 92 9 77 10 6 8 54 16 51 18 94 11 3 17 44 13 37 4 25 2 53 19 63 0 71 12 66 3 3 7 8 14 94 5 25 
6 39 7 66 12 83 4 3 16 63 8 61 10 22 5 87 1 13 2 77 19 51 17 41 11 92 13 37 14 94 9 45 18 2 15 99 0 76 3 14 
1 92 7 40 15 91 13 25 12 45 9 95 19 47 5 97 17 38 4 13 8 5 10 89 6 86 16 30 18 54 11 90 0 5 14 90 3 36 2 57 
7 47 13 18 8 91 15 17 12 94 3 86 16 38 14 84 9 19 17 72 2 99 1 81 6 19 5 45 18 32 10 88 4 5 0 99 11 65 19 96 
8 34 7 59 4 35 2 4 14 12 11 79 0 25 5 79 19 9 9 75 12 27 15 54 17 7 3 66 1 40 6 41 16 47 13 27 10 63 18 67 
4 29 0 85 6 93 1 71 9 54 18 6 17 12 15 18 5 91 13 68 10 93 14 11 3 72 7 77 19 27 12 65 2 71 8 17 11 14 16 70 
3 65 0 79 10 23 14 34 17 20 13 80 12 69 16 16 19 75 1 9 2 11 7 3 15 23 8 19 11 52 5 84 9 57 4 18 6 20 18 89 
5 99 2 67 16 12 9 85 6 3 10 80 1 31 3 4 4 30 0 86 13 29 17 25 19 82 11 9 15 59 8 22 14 47 12 1 18 6 7 67 
10 87 6 25 8 58 19 62 15 4 12 6 18 76 0 82 3 83 4 37 16 47 17 56 7 76 1 82 13 74 14 95 2 63 5 40 9 99 11 37 
19 62 15 66 8 74 5 32 0 12 11 29 2 23 1 30 13 8 17 53 16 39 14 91 9 23 18 2 3 90 6 9 4 21 7 82 12 33 10 83 
12 20 15 7 3 92 17 9 0 59 6 89 5 87 18 14 16 48 13 9 11 45 7 64 2 34 9 65 10 22 1 15 14 49 4 57 8 17 19 62 
7 48 18 40 4 1 1 3 9 58 6 62 17 41 0 92 12 98 15 80 3 53 14 97 10 56 13 88 2 74 16 66 5 30 8 28 11 90 19 9 
0 34 18 44 11 78 6 81 9 31 15 97 16 81 8 18 4 52 2 18 19 12 12 62 5 22 14 65 10 76 13 36 7 92 3 88 17 53 1 61 
8 64 17 64 2 55 14 64 0 14 6 5 12 30 16 78 10 26 5 48 18 65 11 11 1 70 4 56 7 40 3 26 15 89 13 16 19 87 9 58 
2 6 4 51 15 32 18 49 1 56 11 59 6 12 17 26 12 94 19 49 7 91 14 45 10 56 16 24 5 72 0 50 13 48 8 37 3 19 9 96 
13 31 2 29 0 91 10 73 12 52 8 61 19 82 5 2 7 27 14 22 4 24 6 54 1 38 9 57 3 49 11 69 16 95 15 67 18 5 17 36 
1 61 17 97 0 62 5 10 18 25 10 29 4 65 15 48 19 19 3 26 9 66 11 40 13 35 16 19 7 84 12 6 14 12 8 90 2 59 6 30 
2 38 8 23 0 10 9 75 11 3 5 90 18 62 15 92 3 90 17 17 13 92 1 88 12 73 4 73 19 76 10 19 7 79 14 57 16 29 6 46 
5 19 3 77 19 21 8 39 13 74 6 33 2 72 18 37 7 83 16 47 15 90 10 77 12 97 9 53 17 96 4 16 1 22 14 9 0 95 11 55 
4 96 11 74 10 95 3 76 19 44 17 79 7 8 8 78 5 76 1 41 16 97 13 97 2 63 12 91 15 61 14 53 18 16 6 11 0 15 9 10 
19 55 8 48 11 71 5 91 7 99 14 56 15 75 4 45 9 48 2 74 16 86 18 25 12 91 3 37 0 12 10 38 1 97 17 93 6 47 13 83 
16 32 4 41 18 12 15 12 5 62 14 66 11 86 17 54 6 39 9 1 13 54 0 21 19 49 3 51 10 32 1 89 7 46 12 28 2 14 8 28 
8 43 6 48 4 80 14 63 2 87 19 72 11 22 18 90 15 36 9 34 12 72 5 22 3 67 13 61 10 25 7 34 0 36 16 13 17 59 1 15 
11 55 5 29 0 31 4 73 1 57 3 54 14 17 16 10 12 58 17 47 7 80 19 40 15 58 13 96 2 45 8 32 6 20 10 35 18 46 9 58 
11 77 10 57 14 11 12 4 19 28 13 41 0 20 2 58 5 66 4 24 1 44 6 37 8 62 3 13 9 43 16 30 7 28 17 63 18 60 15 87 
4 89 13 29 14 51 7 73 9 92 16 42 15 66 18 47 3 21 5 60 10 6 17 23 12 77 8 87 6 43 1 92 19 8 11 36 0 17 2 7 
13 72 17 91 2 65 12 70 11 37 15 69 9 65 0 1 10 54 19 48 7 62 1 7 6 1 16 10 5 57 4 68 14 8 3 83 18 55 8 7 
14 30 2 57 9 98 6 4 16 19 7 8 19 56 5 87 3 10 4 58 0 69 15 66 10 93 17 18 11 91 12 13 18 38 13 14 1 39 8 87 
18 91 17 93 15 96 1 76 19 16 13 16 7 18 16 34 11 70 8 6 14 62 3 34 9 65 6 13 4 80 0 46 2 42 12 29 10 7 5 35 
5 62 19 56 4 82 1 50 13 76 6 65 17 52 15 29 7 20 11 94 9 77 16 53 0 57 12 49 18 37 10 37 2 64 3 58 8 14 14 95 
6 60 7 85 3 54 1 18 19 89 11 12 12 46 10 38 15 12 16 23 17 79 14 26 0 58 4 67 2 16 8 10 13 63 9 81 5 62 18 39 
12 77 0 5 16 19 2 3 4 44 1 93 18 40 3 45 5 49 7 99 15 25 19 72 8 78 11 25 17 1 9 54 13 51 6 46 10 95 14 56 
19 81 10 50 11 43 1 11 13 62 18 98 4 93 8 40 3 35 7 84 16 58 15 96 12 83 6 44 17 17 2 55 14 28 0 34 9 7 5 63 
8 62 4 94 5 33 17 2 2 17 13 98 18 95 14 89 15 98 10 64 19 66 12 12 0 67 3 71 16 20 1 74 11 3 7 19 6 83 9 90 
16 18 17 81 7 85 3 20 9 5 19 5 2 10 13 92 1 45 8 71 5 79 6 44 18 13 10 65 4 29 12 51 15 7 0 67 14 40 11 12 
1 67 14 23 2 93 18 52 12 36 19 29 17 15 15 66 8 88 6 40 0 50 4 40 3 31 5 66 16 34 9 36 11 47 10 93 7 59 13 77 
3 72 10 15 5 72 9 40 0 61 12 8 6 14 15 46 18 55 8 91 4 28 14 10 17 49 7 73 1 76 13 72 19 89 2 17 11 99 16 6 
7 49 0 66 14 1 10 44 3 60 16 88 11 20 1 7 17 28 4 80 18 55 19 44 15 11 6 30 2 52 9 53 5 90 13 9 8 66 12 48 
18 17 8 52 11 97 16 76 9 87 10 14 6 43 15 35 3 16 1 10 2 68 4 41 5 31 12 50 17 23 19 5 13 72 0 65 7 63 14 65 
2 22 0 1 3 89 16 69 7 41 14 53 13 91 18 96 15 32 11 36 8 94 12 76 10 34 17 78 19 54 6 99 9 65 1 27 4 54 5 85 
16 18 0 34 12 36 17 54 19 23 7 89 1 19 18 37 5 76 13 63 10 17 2 97 9 19 15 31 11 97 4 83 3 11 14 74 8 31 6 88 
3 26 19 85 4 69 10 13 17 23 5 17 1 49 9 62 16 22 2 49 7 31 14 14 13 94 15 79 11 66 8 87 12 42 6 90 18 72 0 49 
11 38 16 82 8 27 6 61 3 55 18 82 4 11 19 96 0 78 1 37 17 78 14 61 12 6 2 26 9 19 15 88 7 10 13 17 10 86 5 33 
16 80 9 34 19 46 3 76 6 6 10 16 14 76 17 50 11 85 7 98 4 82 2 52 1 71 0 91 12 53 13 34 5 64 18 12 15 68 8 58 
8 3 2 71 13 9 4 83 14 16 17 89 6 17 5 98 3 97 10 78 18 48 7 95 0 31 15 29 16 26 9 31 19 96 1 87 11 89 12 29 
7 8 2 19 18 11 1 71 11 80 8 22 17 51 15 11 13 28 14 64 6 9 0 60 12 68 9 14 16 33 3 45 10 19 4 58 19 2 5 52 
14 20 12 91 0 10 18 90 3 61 11 51 16 17 6 18 8 39 15 4 13 1 17 58 19 87 10 82 9 35 2 99 7 56 5 97 1 83 4 99 
19 88 4 91 1 2 5 99 15 47 14 30 13 49 2 39 7 84 3 22 0 74 9 15 12 61 10 37 11 29 6 33 17 26 8 87 18 47 16 73 
19 73 4 88 11 53 6 18 7 39 8 99 16 54 18 68 15 17 5 75 2 14 1 8 10 79 17 44 0 46 3 82 12 94 9 91 14 1 13 74 
14 90 1 85 17 59 9 14 0 26 18 97 15 81 3 21 7 42 6 59 5 21 11 4 8 79 19 74 12 86 13 28 2 1 16 98 4 73 10 55 
6 4 3 43 1 93 11 22 12 44 9 69 10 1 19 30 15 66 16 26 2 9 17 48 18 39 5 61 14 56 8 22 4 38 0 38 13 99 7 12 
5 87 6 66 8 36 15 42 7 13 18 78 0 58 13 25 4 54 11 69 1 81 10 24 19 69 9 29 17 79 16 75 2 15 14 81 3 62 12 29 
10 20 4 61 17 30 9 21 1 2 15 61 5 91 18 10 16 44 13 99 0 32 7 48 14 95 12 18 11 90 3 84 2 79 8 78 19 42 6 89 
1 84 9 67 0 90 15 37 8 21 2 22 10 39 7 85 3 67 14 74 18 1 12 70 13 25 16 36 17 21 6 10 5 5 19 81 4 8 11 14 
4 63 2 57 13 40 10 89 6 26 0 42 9 32 1 8 7 44 5 5 11 11 12 98 18 62 15 72 19 53 14 48 16 18 3 17 17 95 8 6 
11 10 2 99 19 70 1 64 6 31 5 3 17 26 15 96 18 85 14 98 9 44 3 43 8 52 13 26 7 10 16 90 4 77 0 15 12 58 10 74 
0 52 15 15 16 68 5 73 10 87 7 64 6 84 9 79 13 95 1 3 17 58 12 32 2 9 19 93 3 74 11 55 18 38 8 52 14 20 4 63 
8 67 16 30 5 74 14 25 10 54 19 44 17 83 2 71 15 4 12 89 11 95 3 71 18 50 7 82 1 41 0 93 4 84 6 51 13 58 9 94 
4 76 15 93 0 22 6 28 3 99 19 80 16 4 10 42 7 8 18 67 17 72 9 40 8 73 2 73 14 77 5 47 12 55 13 34 11 43 1 9 
8 27 18 39 0 30 19 82 9 34 10 34 14 62 16 43 4 1 1 68 11 26 5 26 12 84 13 18 2 90 17 75 6 15 3 82 7 40 15 91 
5 32 3 89 19 44 2 1 1 94 17 21 9 81 14 33 8 78 13 71 15 26 16 88 11 46 10 20 4 11 12 68 7 42 6 4 0 50 18 75 
15 2 1 83 19 19 2 12 7 17 8 45 11 83 9 30 3 56 16 69 6 90 5 38 0 84 4 16 13 89 14 43 12 3 18 3 17 39 10 87 
17 18 1 44 3 99 10 99 11 10 15 91 0 86 13 54 16 81 4 15 8 13 19 64 9 46 7 3 5 83 14 80 6 98 18 32 2 22 12 4 
17 32 9 4 14 75 11 1 5 7 2 64 19 69 8 8 1 4 3 75 4 65 0 91 15 15 10 93 7 70 12 18 18 58 6 15 16 64 13 11 
11 38 1 24 8 85 12 55 4 23 6 7 15 76 19 42 14 40 7 33 10 82 18 37 16 15 13 43 5 96 17 41 3 5 0 71 9 64 2 84 
15 40 1 72 11 11 9 38 10 57 3 40 4 48 5 82 16 33 6 18 8 30 7 83 17 66 14 48 2 52 19 47 12 26 13 85 18 3 0 88 
7 4 18 39 15 41 5 58 2 49 13 46 17 78 0 76 1 75 3 5 12 87 16 2 6 13 4 70 19 22 10 60 8 28 9 67 11 64 14 89 
7 51 19 48 1 80 3 79 16 91 5 72 2 42 11 66 15 76 6 15 8 89 12 65 17 24 14 33 13 6 10 70 4 66 9 94 18 38 0 28 
12 36 18 53 17 1 13 73 10 62 16 6 14 11 5 18 1 3 11 45 7 86 3 86 8 71 2 9 0 5 15 54 6 49 19 5 4 84 9 89 
1 97 5 93 0 81 11 48 9 29 15 72 18 35 6 64 14 42 13 66 2 3 4 15 7 1 16 37 10 28 3 58 17 74 8 58 12 2 19 23 
11 41 19 15 5 32 6 94 4 70 3 32 14 95 12 5 2 34 16 94 8 83 7 70 13 12 15 98 18 91 0 63 1 45 10 95 17 81 9 75 
18 81 16 88 5 94 9 89 14 1 1 47 11 5 2 11 3 6 6 8 8 69 0 98 13 42 10 12 12 20 7 61 4 90 15 54 17 60 19 51 
11 94 13 97 9 83 15 29 2 69 1 7 10 61 6 24 18 19 4 37 12 72 16 51 5 89 7 31 14 61 0 4 17 46 19 77 8 9 3 16 
5 95 7 98 6 48 0 20 8 35 12 77 4 93 10 1 14 20 1 6 3 68 9 41 15 67 18 26 16 37 13 55 11 60 2 73 17 16 19 9 
15 65 16 69 17 81 10 79 3 31 4 73 2 68 0 13 6 58 18 38 7 21 5 8 19 87 12 13 8 58 1 47 11 1 13 25 9 39 14 32 
2 95 17 13 9 21 15 30 8 56 0 99 18 13 16 44 12 25 3 23 19 19 14 95 11 72 7 36 1 51 6 6 13 94 5 75 10 86 4 85 
4 73 14 72 13 95 6 38 12 42 3 21 15 33 19 10 2 38 1 99 10 75 0 1 8 26 17 88 16 25 9 11 5 96 11 79 18 9 7 68 
6 49 17 81 14 36 15 31 0 21 7 48 8 98 5 58 12 97 9 31 16 65 11 83 3 83 1 49 10 23 2 41 4 63 18 33 13 15 19 15 
15 68 12 73 6 87 1 20 16 74 9 30 19 95 2 24 8 65 7 16 14 9 4 76 18 61 3 18 5 98 13 98 17 34 0 64 10 10 11 82 
10 58 9 53 15 95 6 5 2 11 19 6 14 30 3 94 7 53 18 62 11 2 16 2 1 66 12 50 0 69 17 21 4 10 13 83 5 66 8 12 
16 71 17 74 8 89 10 79 1 63 4 58 9 44 2 18 15 2 14 28 13 91 12 14 0 69 11 2 6 33 5 68 19 80 7 78 18 17 3 60 
0 31 5 5 17 29 4 24 15 30 1 25 10 95 16 81 7 16 12 35 19 33 3 82 13 86 2 64 8 73 18 43 6 89 11 71 9 94 14 7 
10 35 9 15 15 60 5 96 1 87 3 18 19 78 17 36 4 4 18 80 8 56 7 22 2 18 16 83 14 43 12 55 0 7 6 76 11 57 13 17 
15 13 2 19 13 16 9 32 17 66 8 45 0 91 18 71 11 7 14 10 5 5 3 79 4 8 1 10 19 38 12 45 6 23 16 36 7 8 10 93 
11 54 1 41 0 59 12 41 19 33 3 3 17 26 16 77 10 88 6 20 18 6 14 52 8 59 7 4 13 95 5 51 15 64 2 28 9 52 4 33 
10 24 9 84 1 31 19 12 14 19 17 50 15 93 13 15 11 56 16 5 7 52 2 9 8 30 3 67 12 59 18 8 6 8 0 71 5 28 4 39 
16 92 18 53 13 93 9 75 19 98 10 24 14 37 4 47 6 48 11 19 0 3 17 52 3 72 15 80 12 84 2 88 8 6 7 20 1 20 5 59 
13 21 12 54 10 5 4 51 0 27 14 87 18 88 1 18 17 97 15 40 7 8 6 53 2 86 5 46 11 74 3 43 19 17 8 12 16 47 9 28 
16 33 1 35 3 28 17 3 19 9 12 36 11 71 4 5 7 85 15 3 2 38 14 50 6 59 0 63 5 54 10 95 8 61 9 6 13 85 18 95 
13 9 16 84 17 9 5 43 11 38 14 45 4 54 6 36 1 52 10 21 7 82 12 57 8 45 2 73 3 98 9 12 19 1 15 22 18 41 0 32 
9 43 12 71 13 54 17 45 15 62 19 7 10 89 16 38 5 39 6 68 11 37 8 93 0 17 4 70 14 47 1 47 3 45 7 32 18 86 2 31 
6 39 5 66 4 24 2 66 9 69 16 18 18 77 8 27 10 41 11 22 17 97 13 25 3 20 7 84 1 6 19 97 15 27 12 92 14 16 0 19 
8 21 6 37 14 18 10 81 7 46 12 16 15 85 11 93 2 70 17 56 0 77 4 74 1 72 9 37 16 36 5 91 3 81 13 65 18 38 19 31 
4 50 12 49 3 71 14 27 1 41 7 84 15 50 0 73 13 15 10 84 6 66 5 72 9 92 8 59 17 74 16 18 2 31 18 19 11 26 19 17 
9 41 11 40 19 26 6 15 13 91 15 20 18 40 14 11 2 49 0 35 10 59 1 84 5 34 4 45 17 70 3 94 16 39 8 69 7 72 12 61 
12 87 1 70 10 43 0 26 17 52 16 32 18 29 6 52 3 31 9 58 4 99 15 99 19 5 8 36 13 7 7 89 11 33 14 83 2 85 5 42 
15 87 1 31 3 5 5 95 6 20 17 91 19 70 11 98 4 50 8 26 7 67 9 97 18 15 14 55 12 45 2 77 10 36 0 19 16 8 13 54 
2 19 12 63 14 29 19 92 18 95 10 80 13 39 11 42 7 56 17 61 4 71 1 70 16 22 15 10 8 43 5 72 9 62 0 20 3 8 6 38 
1 17 14 73 11 32 10 55 15 45 6 16 19 65 0 88 12 92 4 91 17 68 3 69 5 35 9 18 16 16 18 70 7 73 2 49 8 19 13 35 
5 76 8 80 2 91 7 12 9 52 14 56 12 8 0 52 18 13 6 50 10 89 11 1 13 88 15 31 4 68 16 19 3 68 1 43 19 69 17 73 
3 38 14 58 18 93 8 13 10 76 6 99 11 59 7 64 4 28 19 14 0 87 13 12 12 52 9 82 1 4 16 90 5 66 2 67 15 3 17 88 
9 19 7 69 8 42 0 3 19 42 12 26 17 81 14 35 16 45 5 77 4 10 2 96 18 11 6 57 1 63 11 38 15 13 13 70 3 30 10 84 
13 9 6 26 16 3 15 30 7 17 1 1 3 23 2 29 8 65 4 10 11 78 12 23 10 98 17 52 9 44 19 68 18 38 5 49 14 36 0 13 
11 25 12 11 1 7 17 69 19 35 5 8 16 86 0 4 4 94 7 68 9 72 2 21 3 53 8 49 10 76 15 29 6 90 13 19 18 40 14 82 
11 53 10 10 16 45 13 33 14 89 4 38 8 81 18 27 2 79 19 41 0 20 17 2 6 57 3 39 5 10 9 55 15 55 1 70 7 44 12 90 
10 24 2 78 1 99 11 6 13 78 12 15 15 60 16 43 9 11 8 86 18 3 0 70 4 87 3 93 17 93 14 94 6 7 19 56 5 22 7 52 
0 92 1 27 10 21 14 72 6 11 4 21 3 60 17 30 13 11 7 81 16 90 15 77 2 90 8 83 5 10 11 55 18 91 9 80 12 42 19 82 
4 37 11 21 6 86 18 7 12 10 1 33 5 9 15 47 13 2 16 6 9 92 10 68 19 69 14 94 7 75 2 58 17 81 0 32 8 60 3 15 
11 10 18 92 13 21 0 1 16 20 14 86 7 28 12 54 5 25 1 53 8 38 19 51 10 57 4 62 3 90 17 42 15 56 2 8 9 29 6 48 
19 15 8 50 5 17 18 69 0 74 6 82 1 16 13 44 15 51 14 50 12 17 9 59 3 79 10 73 7 64 11 33 17 55 2 56 4 60 16 23 
14 41 4 73 7 63 13 71 9 34 15 67 18 1 16 2 2 13 17 90 0 55 10 24 12 61 11 96 5 36 1 28 19 34 8 64 6 30 3 13 
3 46 14 56 17 46 9 14 16 43 12 92 10 41 1 53 5 13 18 5 19 11 13 98 11 14 6 5 7 55 0 34 15 59 2 65 8 48 4 12 
14 23 9 39 17 93 3 96 1 91 5 86 0 4 7 84 10 78 6 39 4 81 19 44 8 10 2 51 15 94 13 8 11 4 12 36 18 37 16 4 
6 91 3 7 2 59 18 54 14 79 15 80 1 77 0 24 17 31 11 51 16 55 7 83 5 99 8 36 10 44 4 85 13 73 19 38 9 68 12 33 
2 2 1 83 10 7 5 71 19 4 13 13 14 44 8 27 3 87 9 46 4 97 7 78 18 89 12 3 11 7 0 68 6 76 15 68 17 43 16 90 
5 19 15 34 14 93 2 10 13 81 17 49 3 82 16 53 0 61 10 27 6 72 1 48 7 69 8 26 9 57 12 95 19 54 11 60 18 57 4 63 
16 24 5 83 19 85 4 16 17 61 9 33 8 80 1 14 14 85 3 97 7 24 12 59 13 68 15 43 2 88 10 96 18 40 6 53 0 92 11 8 
19 48 3 11 4 21 6 83 10 33 9 66 0 75 15 97 5 34 2 31 17 71 16 45 18 96 1 59 14 34 8 89 11 95 12 82 13 49 7 99 
7 40 4 55 11 91 1 93 15 33 0 93 9 41 5 46 18 48 6 71 10 63 12 68 17 54 3 33 19 66 8 43 13 1 14 89 2 13 16 5 
16 56 17 29 13 67 8 23 0 51 12 99 4 64 1 77 9 90 19 70 15 79 5 6 18 88 10 43 3 92 11 46 14 62 7 3 2 30 6 50 
5 70 9 36 10 71 14 93 17 78 3 38 7 62 19 19 6 58 16 77 2 2 11 40 12 8 4 35 0 59 1 67 13 99 15 54 8 49 18 26 
17 23 0 6 18 5 9 11 19 5 16 54 4 92 7 92 11 6 6 93 5 49 13 52 10 44 2 10 3 47 1 86 12 94 8 10 14 10 15 74 
4 53 0 76 12 21 8 16 10 39 18 43 13 49 14 23 7 5 6 25 1 52 11 69 15 9 17 81 9 19 3 36 5 77 2 15 19 50 16 52 
19 61 8 28 7 55 16 26 15 77 5 46 11 73 9 67 1 26 18 91 0 29 14 9 12 24 6 50 4 64 3 1 17 33 10 84 2 81 13 11 
6 85 7 76 8 83 3 24 4 67 13 14 17 19 19 18 5 98 9 5 18 19 16 30 1 24 11 1 14 96 2 48 12 31 10 57 0 62 15 50 
2 80 4 38 3 59 1 58 10 1 11 78 8 76 18 78 16 56 14 47 7 14 15 65 5 93 12 91 17 67 9 89 13 76 19 65 0 57 6 28 
5 61 6 43 13 7 12 4 18 89 15 78 10 11 8 47 3 57 16 86 4 31 9 15 11 4 7 14 17 38 14 64 2 27 1 36 19 81 0 17 
8 20 3 6 0 56 11 69 12 22 16 96 17 29 5 58 2 42 15 92 1 19 6 93 14 24 9 51 18 12 4 20 7 8 13 97 10 66 19 30 
4 11 10 37 17 34 11 2 7 59 12 71 16 36 13 54 6 18 0 66 8 59 18 91 15 50 2 26 3 53 5 78 14 81 9 80 19 83 1 49 
13 88 2 46 11 23 3 12 1 30 12 70 14 86 19 17 6 67 9 16 15 60 0 7 16 42 17 86 5 87 4 53 18 44 7 61 8 3 10 34 
3 9 11 98 13 92 9 38 1 40 18 74 16 16 19 58 14 43 12 76 0 86 5 78 4 19 17 51 2 71 10 62 15 6 8 41 6 68 7 34 
4 64 12 29 2 70 3 60 9 31 7 41 0 57 1 98 17 31 5 7 16 53 11 7 15 40 18 36 6 88 19 90 8 48 10 7 14 58 13 93 
8 55 2 54 17 94 7 56 3 53 1 28 15 75 4 21 6 79 0 53 19 40 18 58 14 4 10 80 12 26 13 73 11 33 5 25 16 73 9 96 
15 18 6 73 0 75 10 43 9 70 3 63 8 50 7 34 2 32 19 89 4 19 11 28 5 38 16 88 1 84 14 39 18 5 12 7 17 24 13 41 
19 72 16 67 15 17 10 32 12 51 14 52 2 53 7 22 1 29 6 39 3 55 9 97 18 96 13 10 0 49 5 10 8 12 17 8 11 40 4 93 
16 5 13 52 2 14 5 3 1 15 17 97 11 89 12 92 10 66 0 93 6 35 4 60 3 27 14 50 19 48 15 60 18 40 9 97 8 50 7 97 
2 16 8 74 19 65 3 32 13 38 17 21 12 28 7 49 6 54 4 20 11 92 1 60 14 56 10 6 15 13 18 73 9 51 0 88 16 61 5 57 
8 52 0 26 6 96 9 33 4 95 13 45 16 59 12 41 5 65 19 88 7 53 1 34 15 47 18 40 11 94 2 46 17 11 14 25 3 84 10 13 
9 59 14 23 8 93 2 92 18 78 11 67 0 22 15 23 10 98 1 93 19 10 6 23 17 32 13 91 12 51 16 22 3 15 5 67 4 13 7 39 
5 10 14 38 17 27 6 47 9 31 12 27 1 44 19 55 4 49 16 16 2 38 8 47 15 40 3 16 11 5 0 56 7 95 18 22 13 11 10 8 
8 45 5 74 18 32 10 30 12 26 0 46 15 65 2 39 13 32 4 58 7 21 9 96 16 24 17 55 1 75 6 8 3 15 19 85 11 61 14 2 
16 73 13 39 9 6 1 98 11 65 2 8 12 85 3 8 10 40 0 12 15 58 19 56 18 99 8 1 6 1 14 37 17 38 5 1 4 4 7 60 
1 94 5 58 13 80 6 90 19 68 16 63 18 85 3 84 11 87 0 53 4 13 7 88 2 30 12 65 9 20 17 46 10 15 8 98 15 46 14 6 
5 53 10 13 9 10 7 87 1 83 13 17 15 70 2 53 14 10 12 94 18 21 19 14 8 86 0 72 3 2 16 64 6 49 4 94 17 24 11 39 
13 10 0 40 4 14 6 36 10 28 3 56 16 52 2 33 7 54 1 76 12 9 11 63 17 36 19 90 14 73 8 44 5 54 15 2 18 75 9 10 
18 6 1 23 8 94 14 88 0 42 17 30 13 16 6 57 7 39 5 15 2 55 3 67 10 53 15 43 19 97 9 90 12 83 11 23 16 31 4 75 
