200 20
16 39 4 57 7 65 2 30 14 38 10 64 9 89 12 31 8 62 15 2 13 54 6 10 17 37 19 54 5 48 3 35 0 43 1 33 18 66 11 67 
9 29 5 51 0 52 2 19 15 68 8 55 13 54 4 96 6 70 19 35 14 10 12 61 18 29 1 19 7 87 17 6 10 85 3 51 16 61 11 39 
13 48 5 84 1 23 14 8 2 32 9 46 16 49 15 88 0 8 10 2 18 79 6 35 4 5 17 9 7 3 19 59 11 47 3 90 12 3 8 39 
9 94 13 56 8 92 7 40 16 13 14 90 11 81 15 79 6 76 17 5 0 16 10 37 19 80 12 54 2 20 5 47 18 51 4 91 1 75 3 64 
5 74 9 81 16 68 3 7 14 1 4 12 10 74 1 76 17 90 13 36 19 9 6 60 11 72 7 39 12 56 2 77 8 28 0 14 18 56 15 57 
12 92 9 75 0 2 16 72 3 80 7 72 14 13 11 95 17 1 13 85 6 36 2 90 8 12 1 88 10 8 18 68 15 87 19 65 4 21 5 38 
9 1 5 77 1 19 15 40 16 37 18 84 6 30 13 60 14 10 11 35 0 24 2 93 7 61 12 9 17 80 10 18 3 53 4 37 8 12 19 27 
1 81 12 35 13 44 18 44 16 83 8 47 7 68 6 58 3 34 15 41 10 95 5 21 14 80 4 41 0 60 9 17 11 4 19 85 17 82 2 14 
4 76 19 92 14 37 3 85 18 34 10 63 1 74 16 10 2 44 12 16 15 56 6 91 5 5 8 28 7 68 11 26 13 28 17 35 0 98 9 6 
2 47 11 67 4 82 9 14 0 58 16 2 10 15 1 97 14 53 17 81 18 68 8 21 6 99 3 40 5 47 19 93 12 8 15 98 7 59 13 43 
4 20 15 43 2 54 1 36 17 64 14 32 8 90 9 28 13 29 5 89 3 42 16 5 12 40 19 77 7 81 11 36 18 22 0 3 6 37 10 21 
12 99 5 17 8 88 19 64 1 98 11 46 2 92 14 61 9 12 15 91 0 74 6 48 4 12 7 62 17 10 16 63 18 63 10 7 13 31 3 80 
5 55 17 57 11 9 2 51 10 4 15 69 9 12 0 49 16 93 18 49 12 22 14 10 7 33 1 83 6 16 19 23 8 77 13 73 3 50 4 91 
6 8 9 84 1 23 0 63 11 4 14 43 7 14 12 24 8 17 18 68 17 89 4 3 16 44 10 79 2 3 3 65 19 23 5 74 15 35 13 56 
13 9 14 54 4 33 1 84 17 73 18 23 9 9 2 56 8 62 11 87 5 52 15 52 19 12 0 7 6 36 16 84 3 98 10 32 12 9 7 17 
10 44 19 34 7 20 16 79 1 82 4 24 17 55 11 23 3 64 6 14 18 4 12 21 5 47 15 36 2 86 8 55 0 76 13 23 9 44 14 85 
6 5 18 35 10 75 4 7 3 89 17 78 19 36 12 39 11 77 15 43 16 51 5 51 8 99 7 11 0 52 14 21 9 9 2 52 13 86 1 10 
0 24 9 82 15 82 5 85 8 1 17 22 1 74 3 85 19 72 12 92 14 12 7 96 6 50 16 62 18 92 4 65 10 17 2 28 11 8 13 95 
13 10 10 4 9 14 0 45 4 95 3 17 15 3 16 58 2 58 8 79 19 79 17 99 11 11 7 64 12 21 14 65 18 15 5 95 1 55 6 67 
17 46 13 4 19 14 9 66 12 48 16 13 2 79 15 39 18 14 7 28 5 25 1 30 6 90 3 83 0 19 4 53 8 65 14 89 11 45 10 28 
13 21 18 18 6 75 5 38 11 20 14 93 16 94 7 76 19 72 2 10 3 20 12 39 10 92 17 89 4 25 0 12 8 2 15 86 9 46 1 27 
13 9 2 50 14 48 17 88 6 41 16 4 11 31 9 86 10 58 8 94 18 34 12 1 19 54 1 20 5 79 3 21 7 69 15 97 4 17 0 85 
13 25 10 69 4 13 9 46 6 39 5 52 1 31 12 44 15 87 19 50 14 9 7 44 18 51 0 85 2 32 16 70 3 5 11 23 8 17 17 28 
11 27 7 41 0 46 16 42 1 56 10 21 14 64 2 58 3 13 4 96 17 57 12 35 13 2 5 9 18 73 9 79 6 87 15 91 19 78 8 15 
5 9 1 30 7 7 4 67 14 71 12 73 16 68 19 85 9 25 8 38 13 66 17 47 0 92 11 27 18 60 15 70 10 14 6 90 2 41 3 50 
14 57 10 16 7 28 6 27 19 86 2 92 17 55 4 60 3 46 15 97 5 6 1 75 16 97 11 45 0 78 9 12 12 90 13 97 8 92 18 99 
5 20 16 30 4 10 18 65 12 26 6 68 15 96 11 6 14 62 10 42 13 60 1 10 17 72 2 28 3 80 0 32 19 73 9 99 7 42 8 94 
10 86 7 50 19 25 11 98 17 85 8 5 13 3 4 20 9 36 18 48 2 33 0 26 6 95 14 70 3 78 1 49 16 33 15 84 12 31 5 48 
7 63 9 18 6 57 16 49 8 52 15 88 3 69 0 11 17 68 10 48 12 83 4 54 18 17 13 19 19 60 5 41 2 53 1 46 14 60 11 72 
2 19 16 8 17 90 3 85 6 60 18 26 12 6 8 14 19 93 10 57 0 11 15 11 14 18 7 12 4 84 5 91 1 15 9 70 13 30 11 49 
13 97 15 95 0 80 11 95 3 1 4 8 16 29 2 29 10 82 6 34 17 44 8 68 1 64 7 32 18 54 12 49 19 57 9 33 14 54 5 97 
8 48 10 57 16 64 17 36 11 80 2 59 15 47 5 42 12 19 9 44 7 13 18 44 13 1 19 77 1 52 6 69 0 40 14 84 4 51 3 17 
1 94 10 79 6 94 0 49 8 66 2 40 14 69 5 43 7 48 17 83 11 80 16 19 3 71 13 95 19 74 4 14 12 46 18 60 15 2 9 42 
12 12 2 26 19 73 15 85 3 58 13 68 1 28 0 88 18 76 4 64 17 45 8 99 9 48 16 64 6 51 14 33 5 9 7 54 10 6 11 76 
11 8 4 82 9 45 14 25 5 65 15 90 12 60 13 87 6 69 0 5 19 27 10 30 17 38 1 77 3 90 16 2 18 29 8 69 2 24 7 72 
4 68 2 35 11 61 15 80 18 83 5 16 8 66 7 99 1 17 0 14 16 94 6 16 9 32 3 54 13 5 19 87 12 70 14 53 10 9 17 56 
8 69 9 18 4 9 2 59 13 84 15 7 5 4 19 20 17 47 7 3 18 79 11 14 3 32 1 32 14 67 0 66 12 62 10 38 16 81 6 94 
14 66 16 43 1 65 0 19 11 66 7 59 17 59 9 70 19 47 3 16 12 6 6 66 15 1 5 2 2 41 18 18 10 56 8 76 4 8 13 45 
6 68 17 35 18 62 1 12 13 27 11 97 14 84 9 32 15 54 16 90 10 33 3 66 7 45 2 85 12 3 4 27 5 34 19 53 0 13 8 20 
16 54 14 78 4 35 0 65 19 81 3 43 13 44 5 36 8 1 2 92 9 6 15 43 12 60 6 37 1 26 7 49 18 91 10 67 17 72 11 93 
9 24 16 3 4 76 10 83 14 55 17 11 2 86 5 91 6 45 11 62 1 26 15 92 12 58 19 54 13 28 3 73 7 49 8 27 18 44 0 92 
16 31 7 97 5 69 4 61 14 99 12 77 17 26 11 51 3 49 8 3 2 28 1 70 18 31 6 72 0 22 15 23 19 72 9 53 10 62 13 32 
12 96 6 94 10 48 18 39 7 80 5 79 19 50 8 85 4 81 3 55 17 60 1 29 11 98 15 45 14 95 13 45 16 53 0 41 2 84 9 99 
19 26 0 33 13 49 3 68 9 66 2 73 11 90 4 38 12 9 1 74 18 64 8 95 17 27 10 81 7 90 5 89 6 25 16 15 14 61 15 19 
15 83 1 50 14 54 17 82 0 52 13 16 19 76 6 6 9 64 2 49 7 15 8 93 5 61 11 18 12 86 4 35 18 65 10 63 16 74 3 99 
15 79 3 65 16 32 5 57 19 49 18 23 11 20 13 78 17 47 10 54 9 49 0 18 6 78 8 32 7 85 2 25 1 43 12 26 4 27 14 95 
0 88 3 17 13 85 18 25 8 16 5 28 2 24 19 1 17 71 11 14 4 49 16 73 6 32 15 91 7 64 9 70 12 33 14 83 10 30 1 64 
15 87 16 87 9 60 4 94 8 19 19 51 17 90 14 64 1 50 2 77 3 30 0 69 13 22 10 55 12 43 7 64 18 75 11 54 5 77 6 15 
16 46 12 93 13 52 1 98 6 31 15 35 9 32 7 57 8 67 4 73 14 79 0 77 11 48 3 56 10 72 19 1 2 94 18 31 17 66 5 93 
9 60 12 99 18 54 19 63 5 58 7 44 14 40 13 57 16 70 8 25 3 53 4 10 6 48 15 6 10 4 0 83 17 62 1 47 11 88 2 67 
17 94 14 68 12 38 18 77 6 58 9 46 10 14 11 28 1 81 19 5 5 65 7 64 2 76 8 62 15 15 0 98 16 95 13 5 4 10 3 6 
19 2 9 30 14 50 17 84 12 19 13 9 11 56 5 49 1 66 7 23 2 64 18 18 8 69 16 12 0 40 4 84 6 43 15 87 10 82 3 27 
15 81 3 10 6 42 18 47 8 13 16 11 14 12 9 55 0 85 4 88 5 12 2 45 13 45 1 12 10 46 17 15 7 69 19 58 11 21 12 11 
4 22 12 73 0 23 14 87 1 49 18 86 8 48 16 63 17 6 10 92 5 52 11 56 19 58 7 10 6 79 15 90 2 47 3 86 9 33 13 10 
19 82 8 70 4 97 10 14 1 8 2 43 16 17 14 97 7 80 11 1 0 90 15 30 13 59 3 92 12 31 18 73 9 80 6 15 17 71 5 89 
1 31 18 40 19 8 8 70 15 98 4 98 9 6 11 38 0 91 12 8 3 34 7 53 6 21 13 73 14 89 17 33 2 33 16 61 5 78 10 78 
7 74 14 76 2 66 18 78 16 7 6 75 8 9 12 49 1 74 5 66 0 78 13 47 15 64 9 72 17 95 19 12 4 81 10 84 11 11 3 28 
10 32 2 50 8 52 7 62 19 86 13 35 17 25 12 62 16 26 11 70 15 86 6 18 4 13 3 46 0 69 5 34 18 67 1 9 9 87 14 76 
2 75 1 80 4 24 18 78 3 30 0 89 16 83 5 44 17 3 7 59 19 84 14 10 6 12 9 85 11 42 13 30 8 25 12 38 15 81 10 40 
19 99 12 59 18 38 4 82 14 87 11 36 5 46 6 16 17 14 16 95 2 59 15 86 1 89 3 1 7 91 0 13 9 63 10 28 8 16 13 9 
2 18 8 2 15 24 12 60 6 59 1 12 0 83 19 32 5 25 17 7 10 93 4 75 14 38 16 8 18 70 13 31 11 47 9 22 3 28 7 77 
0 71 7 98 15 70 5 66 9 80 3 83 19 17 13 92 2 22 4 27 10 82 6 31 14 26 11 77 8 52 16 39 18 51 12 55 1 73 17 23 
7 22 9 81 4 13 16 81 11 93 6 47 0 95 14 65 15 70 5 81 10 45 1 7 3 1 8 56 12 30 18 65 19 52 13 8 17 48 2 14 
12 66 15 45 7 31 2 89 0 96 14 65 13 34 18 39 19 5 16 99 11 29 5 59 1 58 6 1 3 30 17 50 4 7 10 23 9 29 8 29 
17 47 1 92 19 45 10 18 7 18 6 56 15 77 18 30 13 14 11 93 9 63 14 23 4 51 5 97 12 23 0 79 8 27 16 37 3 26 2 37 
3 36 9 98 15 41 6 97 10 70 17 31 0 98 18 43 1 72 16 77 5 27 7 54 11 61 19 77 2 11 12 36 14 90 4 91 13 53 8 74 
14 80 5 23 1 36 3 48 11 36 12 40 10 10 19 68 16 2 8 46 6 93 7 14 17 63 13 92 4 74 9 83 18 66 15 55 2 63 0 2 
1 64 18 31 10 35 8 53 13 60 5 99 7 55 11 21 19 85 14 39 2 86 0 1 9 29 16 16 6 46 12 2 4 1 15 14 17 32 3 74 
8 17 19 70 4 83 2 47 0 7 6 28 1 73 15 7 9 97 10 76 11 12 3 55 17 61 18 88 12 43 14 94 16 62 5 84 13 23 7 87 
1 19 16 26 15 79 19 82 7 44 13 85 17 85 0 39 3 26 9 7 10 45 5 56 4 51 6 98 18 34 2 2 12 35 11 13 8 75 14 38 
18 15 3 89 19 55 10 26 1 6 15 6 8 63 5 54 14 19 13 66 7 35 16 18 0 69 17 96 4 34 9 47 11 26 12 31 6 3 2 48 
9 26 15 11 17 1 12 37 0 37 1 45 18 97 11 49 3 76 14 13 10 23 2 81 5 70 13 7 4 22 8 22 19 16 6 94 16 25 7 84 
4 87 19 93 15 87 12 42 9 12 16 46 11 51 7 59 17 6 14 63 8 93 6 37 2 61 18 11 3 45 1 35 13 1 10 52 0 9 5 1 
0 63 2 10 15 79 12 76 3 13 13 22 16 19 14 70 1 92 8 73 4 46 6 28 5 21 7 56 19 61 10 47 18 76 11 5 17 84 9 77 
13 6 12 67 5 48 1 5 2 99 11 33 8 20 4 66 19 74 6 28 9 79 14 59 7 81 18 58 15 6 0 20 3 50 10 95 16 28 17 45 
15 84 16 97 2 14 5 27 7 92 0 63 12 42 18 48 6 20 9 22 3 86 1 48 10 64 11 11 19 8 13 84 17 28 4 67 14 96 8 42 
12 76 14 37 9 13 13 85 0 84 18 97 7 73 10 1 5 16 6 88 1 9 11 29 2 32 17 54 19 31 16 36 3 42 8 65 15 98 4 40 
3 26 10 44 17 87 12 85 7 49 1 57 8 62 16 24 9 33 2 26 0 96 19 74 13 42 6 70 18 80 11 54 15 1 4 40 5 15 14 82 
5 10 1 48 12 42 16 68 8 96 7 3 9 25 4 64 2 82 17 94 3 81 10 67 14 58 6 66 11 77 18 36 15 21 0 23 19 62 13 8 
8 4 0 39 2 85 14 59 15 69 17 47 7 26 4 8 11 78 1 6 12 3 3 99 16 77 13 87 9 92 5 77 19 6 10 13 18 60 6 22 
16 9 18 15 8 29 13 2 9 9 14 55 2 12 5 37 3 66 19 43 15 57 0 92 7 10 12 91 4 46 11 75 10 55 6 55 17 82 1 41 
18 86 7 72 9 93 5 92 3 4 17 56 13 60 14 22 10 90 6 75 19 7 0 31 15 67 16 4 12 66 4 93 2 97 1 53 11 73 8 86 
12 54 0 31 10 70 3 52 6 83 8 22 18 78 15 92 16 50 2 82 7 84 13 8 17 96 14 33 9 8 4 45 19 34 11 93 1 25 5 5 
9 87 11 51 8 76 16 33 14 27 4 63 17 6 3 96 15 37 7 64 13 60 6 66 2 93 0 55 1 67 19 51 10 51 18 70 12 19 5 88 
12 35 19 80 4 19 2 28 15 53 16 7 9 73 8 86 1 34 0 51 13 12 10 1 7 42 6 27 11 36 14 61 5 81 18 71 3 20 17 48 
1 94 18 83 11 54 0 17 17 30 12 16 8 62 5 75 9 44 19 17 14 39 2 98 13 8 6 70 15 66 3 69 16 85 10 63 4 57 7 68 
0 82 19 7 16 59 12 30 1 38 14 42 5 84 10 38 11 36 17 4 8 52 13 8 15 70 9 78 6 45 4 40 18 94 2 19 3 81 7 66 
1 10 19 34 18 54 11 64 12 93 6 80 4 8 0 68 13 69 5 34 8 49 16 80 2 72 17 53 14 71 9 30 7 40 15 73 10 9 3 33 
5 76 8 65 17 90 13 59 16 75 0 1 15 87 14 52 18 12 11 36 19 7 2 97 3 13 10 84 7 93 4 15 12 31 6 80 1 14 9 66 
3 21 9 95 19 83 13 70 7 81 10 88 16 6 6 9 2 11 15 32 12 67 0 15 18 97 4 41 14 98 1 50 5 53 8 94 11 57 17 98 
7 13 10 25 14 70 4 8 11 32 9 34 6 4 13 95 16 88 8 60 1 57 3 72 5 4 15 24 0 61 19 64 18 59 2 29 12 23 17 48 
18 43 19 27 2 52 8 23 7 62 11 21 13 4 5 73 16 94 9 64 15 48 4 23 6 88 3 46 0 18 1 49 17 5 14 27 12 7 10 95 
12 52 18 92 7 6 19 12 0 75 9 17 14 99 1 53 6 38 13 4 10 45 3 24 4 39 5 38 8 68 17 56 16 98 2 65 11 26 15 59 
8 71 13 13 15 18 2 47 19 58 16 18 17 63 10 15 9 56 7 97 4 27 0 41 18 23 1 38 5 27 12 71 14 58 11 85 6 99 3 30 
7 19 0 79 4 92 5 47 18 67 3 56 13 94 8 84 15 42 17 89 14 53 10 88 2 78 19 70 6 20 12 51 9 21 11 79 16 30 1 14 
0 33 10 22 19 4 1 99 17 60 4 11 5 33 16 18 7 98 11 12 8 38 9 76 3 62 12 4 15 48 6 5 13 73 2 45 18 24 14 63 
9 63 13 8 10 23 7 90 14 82 18 18 5 41 1 61 6 16 12 90 17 75 3 83 4 71 15 98 11 92 0 15 16 90 2 38 19 32 8 57 
4 8 18 7 8 91 12 67 7 15 0 54 9 28 14 17 11 67 2 90 13 34 3 93 17 26 19 88 10 6 5 11 16 90 6 80 1 89 15 68 
5 76 3 61 4 70 16 37 11 89 9 84 19 22 6 72 12 44 17 63 7 19 8 37 15 84 1 73 14 42 2 10 13 64 18 40 0 66 10 36 
17 22 12 2 18 66 19 96 6 56 0 58 16 78 9 31 5 12 3 12 1 23 4 31 2 72 7 15 8 45 13 62 15 25 11 36 14 3 10 84 
16 79 11 98 9 11 2 59 19 30 12 30 10 84 0 6 8 89 1 39 6 38 5 41 15 14 14 24 18 59 17 96 3 91 7 8 13 60 4 57 
12 77 7 28 11 7 17 82 1 79 8 28 2 37 15 5 16 59 3 1 6 5 9 16 0 93 13 26 5 4 18 87 19 80 14 84 4 18 10 4 
8 10 3 21 14 75 6 19 18 1 4 36 19 93 9 59 10 61 15 11 12 34 11 89 7 46 13 70 0 83 1 87 16 90 17 63 5 61 2 74 
19 80 17 23 15 12 5 22 14 13 16 77 6 33 13 12 10 54 0 40 3 37 4 87 7 12 8 55 9 41 18 32 12 80 11 56 1 36 2 74 
2 65 19 35 5 19 7 7 15 67 0 14 16 94 14 31 1 96 4 67 12 10 18 20 17 54 9 65 8 4 11 58 13 76 6 41 10 46 3 25 
2 42 10 55 5 27 13 23 1 89 8 30 16 77 14 10 17 39 0 91 3 88 9 64 19 41 15 96 6 85 18 37 12 2 7 39 11 12 4 65 
13 33 2 58 14 92 18 40 15 86 9 70 5 7 19 36 8 84 3 84 1 88 7 13 12 47 16 93 0 10 4 37 17 58 10 83 11 29 6 99 
13 6 7 20 14 87 17 27 12 83 3 50 15 74 5 9 19 80 0 93 10 72 4 49 11 83 16 28 2 92 8 19 18 54 6 20 9 41 1 56 
3 57 9 82 17 96 1 23 2 98 13 30 18 78 7 31 6 31 0 2 8 53 4 54 11 84 16 25 14 64 19 2 12 26 5 32 15 88 10 40 
13 40 0 32 1 47 9 42 16 79 10 90 8 51 17 39 5 51 12 4 11 44 2 10 3 51 6 78 19 14 15 24 7 39 4 52 14 11 18 36 
2 57 4 9 19 23 15 82 5 73 8 26 0 27 11 99 12 51 10 69 9 13 17 57 14 71 6 66 1 82 16 82 7 19 13 65 18 41 3 35 
17 67 15 41 12 59 6 79 16 44 8 63 10 89 19 42 3 44 5 77 0 77 7 30 14 66 2 58 4 28 13 18 1 18 11 90 18 57 9 70 
5 8 7 25 13 95 3 28 14 47 15 72 19 26 10 81 16 76 17 97 11 22 6 78 1 81 12 78 8 72 2 98 18 63 9 31 0 95 4 33 
18 67 16 81 5 8 15 87 7 35 4 8 1 27 17 4 11 8 12 82 6 64 19 17 10 20 0 79 3 74 9 84 13 10 8 23 2 19 14 28 
0 27 17 54 11 1 15 48 12 38 8 90 13 32 4 55 5 76 2 57 9 23 19 41 3 70 18 67 16 22 10 23 7 20 1 57 14 6 6 49 
18 18 11 30 0 13 2 21 19 3 4 24 1 88 9 78 10 53 14 29 7 47 3 82 6 93 13 77 12 47 15 47 16 31 17 89 8 32 5 67 
5 89 2 28 14 79 3 96 10 60 8 98 18 39 17 67 9 98 4 11 15 44 1 91 13 91 0 70 19 79 12 48 16 26 11 82 7 21 6 79 
15 44 8 82 14 85 6 73 12 15 3 59 10 31 13 38 11 46 18 97 5 48 9 92 0 18 7 64 17 76 16 50 4 14 2 53 19 40 1 43 
11 84 6 74 1 14 9 46 13 56 14 30 0 93 15 5 3 82 18 86 12 51 17 79 19 68 2 12 7 12 10 47 5 13 4 2 8 81 16 11 
11 85 0 87 13 8 2 23 17 19 19 41 7 41 9 50 4 46 16 71 10 80 12 43 1 3 14 33 18 63 5 32 3 20 6 71 8 53 15 99 
3 2 14 54 18 16 15 58 13 15 19 67 12 3 17 5 6 26 7 45 10 48 0 96 2 72 5 92 8 31 9 28 16 90 4 1 1 93 11 80 
7 46 11 28 9 51 3 30 14 10 19 57 15 99 0 57 16 11 17 45 5 19 18 41 2 29 10 4 12 76 4 95 1 93 13 7 8 55 6 46 
9 87 6 88 13 65 18 86 4 67 17 76 5 94 8 4 14 32 10 68 0 70 7 21 15 87 2 44 19 21 3 51 1 36 16 44 12 51 11 69 
18 19 13 9 1 67 14 67 5 65 7 70 2 33 11 25 10 52 17 10 6 89 9 76 8 14 12 30 19 10 3 85 15 36 4 29 16 65 0 19 
11 87 9 24 6 42 15 28 1 22 4 68 5 22 12 73 2 40 8 76 3 98 16 82 7 96 0 78 10 32 14 55 17 6 19 62 18 93 13 13 
1 87 3 5 13 88 8 67 15 14 2 41 12 99 5 87 0 19 18 35 16 9 19 76 9 41 17 95 14 31 10 27 6 57 4 62 11 14 7 91 
2 77 8 42 18 29 1 28 5 98 14 85 15 97 11 7 12 76 13 81 10 62 9 70 6 80 3 42 16 23 7 20 0 26 19 21 4 59 17 84 
14 50 6 54 3 37 15 63 7 77 17 93 5 84 19 16 18 51 1 53 11 81 4 52 12 17 10 38 8 91 9 5 2 78 13 76 0 20 16 96 
13 3 8 38 12 59 7 60 17 55 9 15 5 16 18 60 1 29 2 5 6 93 10 7 0 93 14 81 15 27 3 3 11 48 4 90 19 80 16 99 
11 29 17 95 14 4 5 94 18 28 1 69 12 15 19 57 4 32 7 84 9 18 8 15 6 24 3 43 13 39 15 61 10 86 2 97 0 14 16 66 
11 80 1 57 18 74 17 42 10 59 2 2 12 29 0 57 5 65 19 26 14 69 6 29 8 10 9 33 4 41 13 52 7 91 16 31 3 38 15 60 
9 80 17 32 2 38 7 24 11 14 6 61 1 31 8 33 10 50 16 7 18 88 5 3 19 70 12 31 0 15 15 72 3 43 13 48 4 49 14 10 
9 16 5 67 3 8 1 74 15 10 17 33 4 86 18 98 0 57 11 70 13 52 14 25 16 31 12 4 10 88 19 26 2 49 7 59 6 13 8 65 
16 30 9 53 11 97 4 43 3 35 12 40 1 30 7 44 13 59 18 92 6 94 15 27 8 87 2 68 10 64 17 97 19 97 0 36 5 34 14 39 
8 98 4 69 2 93 13 58 3 75 14 27 12 46 17 35 1 93 15 44 5 91 11 9 18 58 7 11 9 72 0 7 19 57 6 18 16 10 10 24 
6 12 0 68 17 61 2 55 3 86 15 80 4 28 12 82 9 75 1 52 19 19 14 77 13 72 10 38 7 12 8 43 5 67 18 84 16 2 11 81 
9 35 10 22 19 13 14 1 16 40 8 44 1 13 5 84 2 91 4 87 0 53 6 23 17 58 12 6 18 8 13 58 15 52 3 64 7 61 11 17 
3 44 1 21 0 85 13 27 17 42 9 88 14 76 19 93 18 31 15 25 11 59 12 66 8 3 10 83 7 51 6 26 5 43 16 57 4 87 2 69 
7 29 5 58 15 60 11 7 0 54 6 45 3 31 13 9 1 11 9 90 10 95 2 28 17 67 12 93 16 7 18 1 8 60 4 76 14 10 19 6 
14 48 19 43 5 78 6 19 8 40 13 77 12 20 1 2 2 88 15 35 17 91 11 92 10 15 3 5 16 5 0 30 18 18 7 21 4 28 9 99 
14 79 18 42 17 9 16 15 13 55 9 21 7 24 15 87 1 30 19 9 2 66 3 46 11 46 4 67 0 21 6 12 8 35 12 7 5 1 10 36 
19 77 8 1 17 33 5 20 2 55 1 89 7 87 14 83 12 8 0 59 10 12 6 68 16 92 11 56 4 57 3 57 13 99 18 10 15 16 9 87 
17 39 9 16 19 34 15 22 14 46 16 47 4 65 5 16 7 69 2 97 10 49 3 53 0 26 1 32 11 51 13 81 18 44 12 90 8 84 6 12 
18 53 14 77 19 57 13 19 12 90 5 54 17 56 16 86 0 68 15 92 6 51 11 39 1 66 8 59 9 10 3 77 2 78 10 22 4 63 7 39 
2 65 3 17 7 65 16 33 1 56 14 3 15 53 8 61 10 74 5 2 6 99 9 7 17 68 0 12 19 79 13 39 12 9 4 91 18 27 11 20 
13 24 7 35 16 6 2 17 5 90 19 45 14 24 18 11 11 50 9 52 4 93 12 38 6 74 17 9 0 44 10 30 1 14 8 73 15 4 3 60 
12 37 6 58 7 34 17 14 15 91 19 57 18 23 2 39 5 57 9 29 4 65 3 48 16 10 14 28 0 15 10 92 8 92 1 99 11 46 13 33 
16 38 5 8 19 14 18 55 7 44 11 28 4 55 15 15 2 43 6 6 17 79 9 63 12 80 13 22 1 51 14 43 3 63 10 31 8 75 0 72 
0 71 18 2 17 5 14 22 3 62 4 35 1 28 7 31 2 84 11 79 5 97 19 19 15 73 9 90 8 36 12 4 6 7 10 8 13 16 16 53 
19 55 5 50 14 4 2 65 1 68 6 45 8 9 18 26 4 62 0 10 16 22 15 12 12 34 3 24 9 85 17 59 7 43 11 41 10 69 13 19 
1 55 2 6 8 44 3 43 18 99 9 63 4 34 10 7 13 75 16 5 12 18 15 86 6 76 5 40 14 60 17 26 19 60 11 18 0 73 7 43 
7 32 13 17 18 83 19 82 6 60 9 87 5 42 8 73 15 74 17 88 4 42 12 60 10 92 2 61 1 35 11 31 0 93 14 63 3 67 16 66 
8 73 11 97 12 10 18 72 15 20 13 42 19 48 2 69 17 89 9 55 4 17 6 2 7 62 16 76 1 77 10 25 5 60 0 18 14 72 3 84 
3 22 8 78 11 24 7 41 9 19 5 4 13 13 15 46 2 71 12 49 4 22 18 13 16 9 17 65 10 50 6 74 14 50 1 28 0 94 19 49 
7 6 19 18 16 54 0 84 2 88 12 62 9 3 3 29 8 47 4 54 1 34 5 90 14 66 17 53 18 66 10 17 6 55 15 56 11 70 13 25 
9 80 0 49 11 26 1 79 19 86 7 88 12 45 14 70 15 73 6 89 5 97 4 99 2 55 13 25 8 16 16 89 3 33 18 25 10 16 17 88 
8 91 0 71 15 3 14 95 11 70 5 71 18 33 6 83 4 72 12 1 13 31 17 5 1 51 9 41 7 93 19 76 3 1 10 12 16 8 2 66 
16 70 17 41 7 35 19 48 1 42 18 27 2 98 5 13 13 83 15 33 4 18 14 52 8 75 10 16 0 98 6 71 12 4 9 36 3 23 11 68 
11 62 10 75 12 98 18 11 5 10 3 26 9 79 17 50 15 5 2 69 19 90 4 10 1 94 8 11 14 21 0 73 7 32 16 26 13 29 6 21 
2 43 12 97 13 31 8 71 5 29 3 84 7 55 0 14 17 2 16 28 10 71 1 17 9 21 11 58 18 30 15 38 19 22 6 68 4 89 14 18 
0 35 19 48 15 99 1 94 7 23 11 22 2 58 12 63 18 50 16 40 4 49 5 44 10 45 9 88 17 26 6 59 8 42 3 46 14 40 13 57 
14 67 11 59 12 89 9 48 15 16 13 1 10 77 18 14 8 35 17 87 1 19 19 37 16 39 0 9 5 26 2 30 7 25 6 98 3 6 4 97 
14 55 17 55 5 35 19 31 16 11 13 6 15 78 6 69 0 2 3 1 2 34 4 5 12 13 10 45 8 77 18 20 1 77 7 47 11 85 9 21 
3 81 7 97 1 48 16 20 12 91 6 60 18 80 9 30 4 84 0 31 10 71 5 94 15 98 2 20 13 18 19 50 8 40 11 35 14 89 17 81 
0 54 7 20 3 78 10 11 11 93 6 97 13 12 16 97 4 47 19 46 12 83 14 19 9 82 1 56 17 31 2 22 5 41 15 16 18 6 8 96 
16 87 5 28 15 43 13 48 12 76 0 78 9 98 10 90 2 46 4 81 3 65 19 21 1 55 11 34 6 31 8 15 17 63 14 90 7 68 18 3 
3 50 12 79 13 71 2 34 15 64 4 38 5 62 6 93 18 56 10 73 19 70 1 90 9 14 11 45 14 59 16 69 8 93 7 44 17 60 0 64 
15 70 12 35 10 27 5 91 19 94 3 90 16 34 13 40 7 17 1 45 6 27 11 8 4 91 18 80 0 95 17 67 9 84 2 80 8 65 14 56 
13 37 4 63 1 57 16 57 2 95 3 70 5 96 11 32 10 92 0 76 19 61 9 36 14 36 18 58 15 19 6 97 17 55 8 77 7 8 12 29 
18 88 17 28 14 85 0 50 15 21 10 67 7 23 16 61 9 37 4 90 19 16 13 88 8 2 1 67 11 31 12 68 5 93 2 54 6 49 3 43 
12 27 9 23 0 95 17 6 14 91 3 56 6 27 19 66 2 99 5 45 1 41 10 42 15 88 8 23 4 67 18 96 16 38 7 48 13 89 11 26 
19 36 4 79 2 58 18 93 8 38 7 70 14 80 13 91 5 84 12 93 10 25 0 4 1 99 6 87 3 74 16 44 17 19 15 44 9 54 11 91 
15 90 14 52 13 95 5 70 16 2 3 27 1 16 18 2 7 98 4 39 11 78 12 48 2 20 10 23 6 43 9 52 17 43 19 37 0 26 8 13 
17 59 14 70 4 61 7 59 5 19 2 78 11 92 18 21 13 58 10 90 0 89 15 61 16 74 6 66 19 31 8 50 1 31 12 72 3 71 9 30 
8 64 10 74 1 80 7 86 11 49 6 30 0 34 14 26 5 53 13 31 3 10 17 50 12 44 16 88 19 16 18 62 15 28 2 70 9 62 4 45 
5 67 6 32 9 45 8 36 15 41 11 92 14 36 17 89 0 51 10 94 4 64 1 19 13 37 16 87 7 50 12 51 3 41 18 95 19 61 2 80 
13 32 4 57 3 22 15 25 7 67 1 56 5 49 19 75 0 52 14 77 18 90 2 57 17 52 9 42 6 94 11 78 10 26 16 75 12 76 8 27 
11 71 18 7 9 47 0 25 10 50 13 68 16 83 7 81 17 78 1 90 8 54 5 94 3 31 6 79 12 1 19 80 15 61 14 22 2 95 4 1 
19 37 11 2 13 48 9 27 15 4 8 92 18 93 0 9 14 28 5 98 7 87 1 61 10 34 3 26 17 6 16 93 12 63 2 4 4 49 6 19 
13 45 1 74 12 40 18 22 17 21 0 39 4 10 19 70 3 15 15 64 14 69 11 54 7 81 2 8 5 12 9 10 6 54 8 54 10 54 16 32 
15 46 1 5 16 87 14 48 7 23 18 33 3 37 11 79 2 58 9 93 13 94 17 36 10 74 6 8 4 51 19 42 5 71 12 67 0 42 8 56 
0 88 2 94 10 64 9 2 6 95 16 82 18 19 14 59 12 51 5 9 4 11 19 83 7 88 17 52 1 4 13 18 15 1 11 95 8 79 3 7 
16 55 19 6 12 44 5 95 9 32 13 90 1 9 4 37 15 32 3 24 7 54 6 8 0 9 2 41 17 14 14 43 8 19 10 35 18 15 11 30 
17 85 11 21 12 68 4 27 8 92 3 28 0 56 10 51 16 75 15 42 6 22 14 68 5 92 13 5 1 25 19 7 18 90 7 65 2 1 9 58 
16 8 8 71 1 57 12 98 6 18 18 69 9 91 11 42 2 24 13 28 0 19 14 69 15 57 10 84 4 1 17 97 19 16 7 15 5 73 3 36 
1 17 3 78 9 17 4 21 17 90 2 68 18 29 11 9 19 91 8 46 15 21 16 38 13 99 12 4 5 6 6 19 7 67 0 86 10 38 14 2 
17 5 11 63 2 74 12 14 16 79 18 85 7 69 13 61 1 12 5 40 6 88 9 51 14 79 15 45 10 56 8 78 3 32 19 98 0 5 4 29 
5 84 4 26 3 41 7 93 18 47 9 78 10 15 15 87 19 80 11 75 1 96 17 41 2 78 14 95 8 69 12 52 13 7 6 3 16 82 0 65 
8 65 15 79 17 27 10 84 16 23 9 85 19 63 2 20 6 45 13 50 14 51 4 44 1 49 0 92 12 40 7 23 11 12 18 29 3 13 5 42 
11 69 15 12 16 51 14 20 4 21 2 3 18 12 6 24 3 67 19 63 1 21 17 98 9 23 5 50 13 21 12 92 0 67 7 75 8 65 10 93 
19 86 5 71 4 58 10 50 12 49 9 25 13 59 18 85 7 61 15 95 3 35 11 67 6 18 14 25 16 83 0 65 8 68 2 98 1 77 17 21 
6 19 14 13 12 27 7 31 15 86 1 32 10 36 18 78 13 75 2 81 5 35 3 60 9 74 11 8 17 46 0 10 19 42 8 36 4 49 16 72 
1 4 12 38 17 36 18 80 3 46 16 52 6 22 15 31 0 1 9 89 5 22 14 21 11 89 8 95 19 5 10 25 2 25 7 14 13 82 4 70 
17 74 0 43 8 59 6 94 13 46 18 63 12 17 9 53 1 42 5 7 16 31 3 66 15 15 2 48 11 47 19 98 10 61 14 33 7 24 4 9 
15 17 13 60 14 87 7 58 6 17 5 52 10 61 18 13 8 94 19 67 4 92 12 88 16 29 11 44 17 94 9 11 3 9 0 4 2 68 1 92 
17 43 16 3 6 82 19 40 15 10 4 49 0 96 13 96 18 95 14 22 2 34 12 43 1 93 3 29 11 38 8 10 5 96 7 27 10 1 9 61 
14 33 4 21 9 66 19 12 10 13 18 10 7 19 3 92 6 65 15 5 5 39 11 14 8 21 12 45 13 77 0 58 17 65 16 6 1 35 2 75 
9 95 16 85 13 3 3 67 17 41 14 11 11 25 7 39 8 53 15 96 1 51 19 72 4 38 6 57 5 12 18 65 2 85 10 17 0 91 12 91 
13 76 7 87 4 11 15 41 6 32 0 13 2 88 3 81 9 11 1 88 16 57 5 10 12 63 19 37 14 27 11 97 8 58 10 42 18 45 17 11 
2 69 19 84 12 76 5 88 7 33 11 47 6 96 13 16 15 16 17 29 8 33 16 91 18 17 1 22 9 20 14 74 4 1 0 73 3 52 10 22 
