200 20
6 36 19 86 18 95 17 85 7 7 10 96 2 24 11 42 12 41 8 1 4 88 0 36 16 88 13 94 9 89 14 70 15 48 3 16 1 18 5 95 
7 59 10 71 0 98 1 22 13 83 17 77 4 54 9 85 6 52 16 79 5 94 15 43 14 25 11 77 8 46 19 92 18 24 2 19 12 84 3 78 
10 69 11 20 6 94 1 6 0 90 12 21 15 23 19 70 4 83 8 36 13 3 7 56 14 81 9 53 2 82 16 94 17 23 18 31 5 61 3 53 
14 25 11 68 8 35 10 21 19 7 5 14 0 61 13 38 16 18 2 1 4 26 15 22 18 16 7 31 3 76 6 84 1 20 12 33 9 14 17 97 
17 17 9 24 15 46 10 57 7 18 19 27 12 83 6 1 8 83 0 46 13 66 11 52 3 35 4 6 5 23 16 15 1 14 14 82 2 82 18 27 
17 82 11 49 13 77 6 11 10 28 1 36 9 4 7 11 12 77 3 32 15 88 2 91 8 42 18 82 14 21 5 10 19 36 4 9 0 80 16 26 
17 4 3 94 19 91 4 18 12 85 18 54 1 76 13 55 15 6 0 14 8 67 14 39 9 39 7 35 2 1 16 46 10 73 11 58 6 41 5 33 
17 21 9 49 2 80 3 65 10 14 8 65 7 97 14 34 1 55 0 11 5 18 11 66 6 37 16 80 19 83 18 27 4 8 12 77 15 66 13 97 
19 67 3 14 0 94 4 89 18 35 1 16 14 11 6 7 10 8 17 17 5 63 13 46 11 93 16 6 9 82 2 56 12 71 7 41 8 37 15 44 
11 66 19 20 4 54 16 30 9 28 14 54 2 67 1 63 3 31 5 28 17 7 12 88 10 36 6 49 0 89 18 53 8 34 13 49 15 24 7 79 
5 68 2 48 14 58 4 35 18 90 9 79 13 92 0 96 11 83 7 11 8 11 12 24 10 51 6 84 17 82 15 73 3 55 16 42 19 85 1 17 
2 6 3 48 10 22 17 11 6 94 16 68 15 77 8 4 11 86 5 90 14 43 19 5 7 39 9 2 0 78 12 69 18 1 4 95 1 93 13 73 
7 21 15 24 3 10 5 16 4 6 8 70 18 24 13 84 17 41 14 68 12 31 10 3 1 98 6 4 9 52 11 31 0 77 2 82 16 59 19 93 
14 7 12 51 3 31 8 62 16 81 10 83 2 2 15 47 18 47 0 43 6 97 13 67 4 58 19 43 17 13 7 16 11 55 9 17 5 27 1 47 
0 10 9 42 1 79 15 86 18 37 14 19 2 94 6 79 17 35 10 14 7 9 11 94 4 19 12 71 13 11 16 21 5 58 3 45 8 29 19 31 
15 83 5 80 11 4 13 39 6 89 2 7 17 62 4 54 1 86 14 98 9 74 10 92 7 8 18 8 19 99 8 67 0 60 12 13 3 52 16 60 
2 62 13 77 15 45 14 16 1 82 17 19 8 42 0 33 9 93 18 71 10 39 7 75 19 60 11 62 16 47 4 49 6 23 5 94 3 31 12 55 
0 38 7 40 4 67 16 78 5 72 14 69 1 94 15 6 10 55 19 64 6 94 3 66 8 9 12 94 18 86 9 27 13 7 11 44 17 16 2 13 
10 71 18 61 8 10 4 62 13 87 15 25 2 50 7 16 5 64 16 83 14 58 9 62 17 74 6 26 12 7 11 5 3 71 1 79 0 39 19 56 
15 30 8 71 4 53 3 54 9 48 14 65 16 98 18 32 12 63 1 95 13 97 11 85 0 38 19 60 2 97 7 24 6 69 5 77 17 18 10 95 
3 40 15 3 12 75 0 34 8 74 5 77 16 92 10 78 4 64 17 87 1 87 19 49 13 20 11 92 2 98 6 10 7 53 9 57 14 79 18 59 
0 13 14 76 13 41 16 90 18 64 8 86 11 70 3 1 5 76 17 74 9 12 10 80 1 78 19 45 15 97 4 54 12 53 6 18 2 71 7 57 
3 85 19 93 15 91 1 77 13 33 5 6 11 96 12 13 0 66 8 55 9 9 4 90 18 50 16 46 17 83 2 58 10 5 6 74 7 90 14 60 
2 23 3 6 13 16 12 56 17 60 8 15 4 78 10 34 15 5 7 24 16 92 18 41 11 13 6 19 1 87 0 29 9 90 14 77 5 77 19 6 
14 66 9 76 0 27 11 85 18 41 10 13 15 76 2 47 1 61 4 26 19 62 7 62 16 98 17 52 13 33 6 16 12 3 5 22 8 53 3 73 
7 79 15 36 19 43 13 53 17 44 2 15 11 18 8 68 6 36 9 9 18 83 1 99 16 75 12 85 4 86 10 26 14 51 5 99 3 9 0 82 
3 31 2 56 10 83 12 95 11 94 4 57 19 7 13 20 6 97 1 1 17 17 0 66 8 99 16 79 7 27 14 23 5 84 18 76 9 93 15 92 
17 96 6 22 8 77 18 60 7 39 16 84 19 80 0 36 15 49 11 86 1 72 4 8 3 98 2 39 13 72 14 3 12 43 10 20 9 95 5 44 
19 62 4 56 11 39 3 48 9 48 13 16 18 68 7 1 16 62 15 41 6 96 2 16 10 25 0 89 5 26 1 55 12 20 17 54 14 91 8 92 
11 36 4 86 1 2 3 31 2 28 14 97 18 22 17 81 10 73 6 35 19 78 15 97 8 5 13 24 5 60 7 26 0 88 12 98 9 21 16 55 
19 58 9 6 16 77 17 9 4 89 15 19 12 38 0 72 1 22 14 2 5 37 7 59 18 95 13 14 6 90 3 39 8 22 10 90 11 89 2 44 
19 5 17 82 13 76 16 48 7 65 14 79 3 96 5 46 6 56 1 46 8 14 10 3 12 71 15 86 4 63 0 54 18 28 11 19 9 48 2 54 
9 94 7 45 11 56 6 96 15 41 2 86 18 72 8 88 17 79 3 86 4 97 13 52 14 90 1 74 12 12 19 48 10 29 0 80 16 14 5 66 
7 81 11 73 2 80 3 14 14 75 6 20 13 13 15 90 8 20 4 14 19 15 9 15 0 23 16 81 10 95 18 76 5 64 12 24 17 75 1 16 
3 83 9 54 10 67 2 75 16 52 17 72 12 13 13 87 7 56 1 67 0 18 14 67 5 4 15 70 6 87 8 12 18 8 4 10 19 82 11 68 
9 92 1 63 11 81 13 56 17 87 4 73 12 82 16 45 6 78 18 43 7 73 2 10 5 43 10 88 8 9 3 58 14 4 19 4 15 67 0 75 
3 98 14 25 2 27 11 22 18 73 19 1 0 39 12 25 6 33 8 25 13 61 7 23 17 68 1 25 9 49 4 38 5 51 15 81 10 59 16 54 
15 96 11 47 9 70 12 24 14 74 8 66 5 13 7 50 1 23 3 93 4 22 16 52 0 67 17 83 19 35 10 11 2 7 6 71 18 40 13 16 
0 21 19 13 5 87 14 55 4 75 13 98 18 2 9 60 6 76 7 47 1 85 2 38 17 80 15 88 16 7 10 36 12 90 8 51 3 41 11 98 
15 85 7 68 1 78 14 38 4 37 17 1 8 80 0 20 5 9 12 59 18 80 19 60 16 39 11 50 10 59 9 69 3 41 6 51 13 90 2 30 
15 13 16 64 9 41 17 10 14 24 6 23 4 53 11 26 10 56 8 73 5 60 18 98 19 65 13 47 12 6 7 17 1 82 0 58 2 23 3 51 
8 33 14 78 3 65 9 9 12 58 1 51 6 65 7 85 0 4 5 52 10 72 16 22 11 41 2 70 4 66 17 71 13 9 18 64 19 41 15 69 
12 65 13 73 19 79 17 26 16 25 3 62 8 67 0 97 18 40 10 68 5 17 15 23 7 85 1 55 9 78 4 25 2 17 11 92 14 74 6 82 
11 45 18 56 10 35 12 77 1 69 17 72 15 28 5 48 6 58 3 20 19 95 4 63 16 17 8 90 13 32 2 91 14 13 7 11 9 62 0 39 
12 93 17 59 14 25 7 42 3 86 2 55 0 7 10 9 13 90 4 80 1 53 11 7 5 8 19 11 15 70 16 76 9 2 8 91 6 28 18 27 
7 94 1 33 0 53 10 33 14 80 17 54 12 6 5 74 8 39 18 4 11 67 2 9 19 52 9 73 15 2 3 12 4 79 6 39 13 13 16 80 
1 77 9 24 15 75 7 44 10 2 16 37 17 64 14 40 0 54 2 85 8 87 11 25 3 7 19 27 13 71 6 10 4 89 5 5 12 91 18 13 
16 7 13 14 5 3 0 77 2 66 9 38 4 60 17 7 19 25 7 99 18 24 11 85 10 77 15 76 14 96 6 16 8 58 12 12 3 10 1 83 
7 13 2 30 3 92 19 92 8 89 13 68 6 93 15 25 12 16 17 29 11 63 10 66 4 58 16 13 0 73 9 91 1 11 5 95 18 29 14 75 
15 89 7 21 11 92 5 69 8 54 18 70 9 56 10 9 13 62 16 22 19 97 3 26 4 39 6 12 12 9 0 61 1 80 17 92 2 89 14 35 
8 41 1 75 16 14 9 84 18 73 11 8 7 78 10 65 15 63 4 81 5 64 13 19 19 87 12 57 17 5 14 55 6 86 2 96 0 98 3 36 
1 19 8 48 4 50 5 26 15 79 16 75 6 16 11 39 9 56 3 70 18 29 2 52 17 98 10 23 7 55 0 88 12 75 13 51 14 1 19 44 
10 7 6 56 3 36 0 43 2 77 11 39 14 14 13 26 1 69 9 13 7 43 5 5 17 3 16 3 8 64 15 19 19 92 12 97 18 49 4 96 
7 8 14 22 12 92 17 57 16 85 2 63 10 90 15 34 0 58 6 20 5 96 19 29 18 66 9 26 1 88 11 2 4 8 13 57 8 68 3 85 
3 47 11 18 19 90 14 33 16 13 1 58 15 27 4 95 7 27 10 25 6 47 8 44 12 64 2 58 0 73 13 16 5 46 17 72 9 60 18 54 
11 98 18 96 12 30 16 54 3 65 14 17 4 74 2 31 9 19 5 73 6 77 8 83 1 60 0 81 15 96 10 77 19 38 7 36 13 72 17 40 
19 20 18 79 13 38 0 60 7 86 14 17 17 49 15 7 4 88 9 57 2 25 3 12 5 46 1 77 12 80 16 76 11 66 8 59 10 20 6 32 
12 49 19 13 14 89 1 14 16 61 9 65 10 12 18 15 6 31 13 79 4 77 8 45 3 88 11 66 0 92 17 22 2 61 7 10 15 78 5 53 
7 46 13 10 4 55 1 82 10 13 3 16 18 44 0 59 12 50 6 34 16 94 9 61 2 5 8 97 11 28 14 38 15 69 19 30 17 11 5 39 
16 15 8 15 1 25 6 10 7 10 15 96 18 11 5 94 11 23 19 33 0 32 14 84 17 26 2 46 12 27 4 5 13 56 9 37 3 60 10 52 
13 84 9 10 7 51 1 55 4 44 8 39 16 78 15 48 10 71 19 13 2 48 18 76 17 32 14 55 12 62 6 77 11 96 5 56 3 26 0 4 
15 33 0 87 13 65 2 15 6 35 9 1 4 50 11 37 8 21 5 69 3 49 14 62 10 59 7 40 16 9 18 71 19 26 12 97 1 23 17 28 
7 42 1 85 9 81 11 56 2 82 17 2 10 99 8 91 3 11 15 88 14 63 6 48 12 34 5 84 18 75 19 78 16 85 0 7 4 54 13 37 
3 50 1 39 8 76 6 69 15 72 4 22 11 23 16 89 2 18 17 10 14 46 12 31 18 19 5 78 0 59 10 50 7 29 13 59 19 84 9 60 
1 73 2 59 16 27 3 30 5 71 17 39 10 31 8 47 19 37 9 1 12 49 14 18 0 86 18 7 11 85 4 7 6 14 15 37 7 67 13 37 
16 99 4 68 1 66 10 81 3 4 14 19 8 93 12 33 15 68 17 81 19 6 9 88 11 6 7 61 6 99 0 17 2 7 5 84 13 91 18 62 
14 76 7 99 5 68 19 65 11 23 2 35 4 1 8 23 6 25 1 89 0 73 10 40 15 86 3 3 17 79 13 22 16 33 12 92 9 26 18 43 
19 44 5 46 13 53 16 38 6 72 1 42 8 65 9 30 15 19 2 52 18 12 11 23 3 81 4 16 12 57 7 69 14 43 17 21 0 54 10 62 
1 39 17 48 7 52 6 90 9 37 15 63 10 42 4 78 11 91 12 30 13 93 14 13 3 73 0 58 5 52 2 76 16 5 8 41 18 11 19 88 
8 28 1 31 9 61 15 75 5 17 2 99 4 41 7 45 12 87 19 40 11 8 16 60 3 40 13 58 14 44 6 42 0 52 10 26 17 54 18 99 
1 73 8 1 0 36 7 58 6 15 18 35 15 16 13 59 11 7 5 18 19 16 10 18 16 16 12 46 2 24 14 48 17 95 9 71 3 39 4 92 
15 94 12 86 2 6 0 26 17 5 19 86 10 76 4 31 18 52 14 64 5 92 13 18 1 26 7 58 8 67 3 25 9 19 6 38 16 60 11 20 
5 6 17 33 3 46 7 12 19 84 14 53 15 36 8 9 12 54 11 41 1 90 2 95 16 2 13 20 9 62 10 14 0 30 6 5 18 48 4 39 
17 71 9 14 0 93 1 59 19 5 4 54 7 25 13 81 18 29 3 88 11 90 6 97 8 63 10 68 16 13 2 46 12 51 5 35 15 76 14 26 
11 97 2 34 9 6 7 14 13 57 3 68 10 20 19 69 17 52 15 22 8 65 18 53 14 98 6 3 16 78 12 76 5 31 1 85 4 38 0 65 
0 35 17 14 2 90 15 33 8 13 11 78 3 41 6 17 7 52 16 88 12 30 9 20 10 17 1 94 5 18 18 43 4 89 13 34 19 28 14 94 
1 2 14 10 9 49 4 46 12 2 8 7 16 54 0 41 3 32 5 27 6 28 15 99 17 1 10 58 13 48 2 28 18 68 19 1 11 18 7 93 
7 41 3 26 5 63 10 9 11 89 9 35 2 96 1 95 17 60 13 83 6 45 8 70 0 89 4 48 12 20 15 78 14 15 16 26 18 77 19 14 
6 38 14 72 9 36 8 2 5 87 10 62 4 91 12 16 2 66 7 67 17 69 15 80 19 30 13 45 18 43 3 62 16 98 11 95 0 71 1 88 
3 70 17 91 14 83 18 92 4 85 15 26 11 46 0 46 9 48 19 94 16 99 7 42 2 63 5 16 12 65 1 19 13 94 8 14 6 2 10 98 
5 32 0 74 4 22 16 78 13 41 10 76 7 30 8 23 19 23 15 38 14 5 17 99 3 50 1 49 9 5 6 73 2 25 12 55 18 58 11 60 
14 3 6 13 7 6 18 46 3 80 1 77 5 66 15 7 10 7 12 24 9 60 16 69 11 90 13 16 0 93 2 66 8 15 4 2 17 74 19 14 
7 31 15 42 11 25 6 62 14 75 9 83 4 38 19 72 2 99 13 33 8 21 18 43 5 88 16 24 3 2 0 41 1 97 10 63 12 92 17 39 
18 40 7 17 17 60 1 30 4 64 11 82 10 6 8 86 12 73 13 48 6 65 5 22 15 41 2 83 9 80 0 49 16 96 14 8 3 59 19 21 
5 85 14 39 3 65 1 86 7 39 8 12 4 56 11 93 10 99 19 76 15 77 13 13 12 19 16 44 18 62 9 98 17 60 0 99 6 6 2 44 
4 76 6 84 12 34 7 19 14 60 11 84 15 19 10 30 9 12 13 94 19 87 5 61 1 77 17 40 8 24 3 23 18 14 0 25 2 52 16 7 
10 7 14 27 17 38 9 99 7 78 2 18 16 85 6 91 15 40 1 64 0 43 3 52 18 73 13 1 19 84 8 24 11 28 4 2 5 95 12 95 
17 89 11 39 12 90 15 10 14 41 7 25 18 62 5 42 6 69 19 89 4 84 0 54 1 27 3 8 13 82 8 20 10 8 2 62 16 19 9 84 
5 56 18 18 1 1 13 24 10 41 6 36 2 7 9 68 15 5 8 59 7 80 19 63 11 12 0 33 4 42 14 37 17 18 12 65 16 3 3 52 
0 52 2 37 18 24 4 78 7 22 15 58 10 19 1 40 3 84 12 92 11 70 13 89 9 76 8 15 6 93 14 58 16 77 5 84 19 85 17 22 
12 84 3 22 0 77 1 15 8 59 2 39 7 71 16 90 9 56 15 43 6 7 18 87 5 23 10 67 19 59 17 8 14 25 11 15 4 6 13 18 
10 46 14 55 5 42 3 64 6 61 18 91 2 4 16 62 1 35 15 50 13 53 12 83 17 18 11 97 7 68 4 65 8 95 9 63 19 94 0 9 
16 57 19 2 17 16 4 17 7 81 9 12 8 22 6 32 11 29 14 13 18 90 13 21 10 52 1 84 15 4 3 41 5 4 0 58 12 74 2 72 
17 95 8 20 13 95 6 54 9 1 0 38 1 73 11 84 5 51 4 33 19 24 3 83 15 60 12 83 7 52 16 54 18 88 10 84 14 8 2 69 
17 12 4 42 5 91 11 96 9 75 1 67 2 52 16 86 15 79 6 4 14 37 12 30 10 48 13 73 0 2 8 47 19 43 18 25 3 87 7 69 
12 72 13 71 19 39 1 29 8 92 6 62 15 61 7 88 5 24 2 25 16 98 11 72 0 83 17 37 14 70 10 75 3 14 9 16 18 80 4 78 
14 1 8 97 15 3 5 92 4 58 16 43 9 10 1 61 3 60 19 3 12 62 11 72 6 25 17 10 18 8 13 34 0 22 7 90 2 27 10 31 
6 46 16 51 9 68 4 10 19 90 12 57 7 38 15 95 2 36 18 47 11 29 8 8 3 83 1 70 0 69 10 39 17 34 5 46 14 32 13 90 
13 26 19 77 5 43 6 30 4 79 10 12 7 49 17 64 9 25 2 60 14 65 8 97 12 93 15 47 18 85 0 3 1 25 3 1 11 40 16 34 
17 80 0 59 18 40 8 36 2 75 4 75 1 14 6 23 11 51 5 26 12 86 3 26 16 77 14 53 9 58 7 71 13 94 15 9 19 70 10 14 
17 61 12 79 4 52 8 58 3 29 14 44 2 72 18 21 9 96 0 48 11 97 19 65 15 59 6 85 13 63 5 34 10 68 16 9 7 98 1 44 
8 79 0 26 1 84 3 66 12 3 6 28 17 74 15 13 4 85 7 33 11 71 16 72 2 43 5 30 9 58 14 25 10 8 13 65 19 20 18 14 
5 67 11 42 3 76 19 11 8 20 10 32 2 88 18 4 12 96 0 51 1 42 13 4 4 29 16 45 17 69 7 12 9 52 15 48 14 77 6 5 
11 18 13 8 9 13 5 77 17 23 8 53 18 61 0 48 3 63 7 2 2 77 4 31 14 45 12 89 10 17 15 97 16 31 6 42 19 90 1 31 
15 21 18 50 1 70 13 94 14 69 12 5 17 57 5 85 3 88 16 65 7 68 2 52 19 66 9 91 6 45 10 52 8 12 0 45 11 93 4 52 
16 52 14 87 0 28 2 98 17 77 19 54 12 34 9 43 1 28 18 25 15 45 11 46 6 63 7 96 3 57 5 66 4 23 10 28 13 68 8 12 
0 23 8 20 1 83 18 77 16 45 10 31 9 36 17 73 4 68 15 85 7 26 6 80 3 78 11 22 12 91 19 50 14 43 13 82 2 27 5 54 
17 48 4 49 18 52 15 54 3 98 5 91 19 49 6 95 14 66 13 15 8 44 12 88 16 34 7 48 1 51 0 65 2 37 11 9 10 47 9 24 
14 67 12 67 2 16 7 30 8 64 18 76 0 79 10 32 13 87 4 75 1 64 11 47 19 73 16 57 9 57 6 72 5 85 15 15 17 93 3 56 
2 31 18 34 6 39 16 5 0 25 10 69 17 18 7 57 5 60 1 16 8 49 15 79 4 41 13 46 11 58 12 22 3 79 14 56 9 22 19 2 
6 58 9 79 0 12 16 4 1 14 4 70 3 87 10 20 2 78 7 24 19 35 15 27 8 5 5 53 14 10 18 46 11 49 13 46 17 40 12 34 
19 45 1 50 18 97 2 52 12 4 17 52 9 5 8 61 7 2 11 80 10 7 3 43 4 4 5 43 13 84 14 26 0 68 6 49 15 18 16 19 
11 76 15 77 3 40 18 84 6 47 9 26 0 48 8 36 14 64 16 61 17 17 2 42 10 12 5 3 19 94 12 44 1 10 13 29 7 93 4 56 
18 25 11 23 10 78 9 81 13 90 19 21 16 40 15 77 6 2 3 94 4 9 1 69 17 14 7 10 5 45 14 30 0 49 8 64 12 79 2 42 
6 89 7 25 1 82 15 83 18 38 2 82 0 7 4 14 5 90 17 53 10 76 14 68 16 8 3 60 19 94 12 41 13 70 11 20 8 26 9 87 
10 84 11 37 14 86 18 42 6 75 0 89 13 22 19 40 16 33 3 2 1 55 9 83 2 67 5 4 12 40 8 22 17 12 7 24 4 7 15 22 
1 78 13 40 3 62 14 23 15 23 7 42 5 34 0 37 8 66 12 74 18 47 2 97 10 90 19 56 11 78 9 58 4 16 6 5 17 98 16 68 
3 65 1 88 18 89 2 6 4 9 17 18 11 24 6 86 16 9 8 48 15 70 14 2 10 39 5 85 19 40 7 71 0 93 13 23 12 31 9 8 
6 75 15 18 14 70 9 11 1 52 7 83 2 47 5 58 13 24 12 41 18 52 0 37 11 12 4 41 16 36 10 94 19 10 8 18 17 67 3 94 
1 17 10 60 12 98 15 41 16 26 5 41 8 16 14 81 13 45 3 95 4 75 19 85 11 43 9 4 2 28 0 16 18 8 6 89 7 39 17 49 
2 59 13 37 0 85 1 55 14 18 10 29 3 77 19 91 7 94 16 1 18 34 6 11 11 33 17 24 9 21 4 29 15 17 12 8 8 12 5 28 
6 21 15 26 4 6 2 71 11 19 9 62 1 52 10 85 17 82 16 65 7 5 14 83 12 41 8 61 5 48 0 9 19 23 3 36 13 29 18 54 
14 40 1 91 8 42 6 28 7 58 19 35 10 66 13 86 4 14 2 67 18 96 15 82 5 28 0 96 16 95 9 80 12 4 17 58 3 15 11 14 
9 16 10 7 17 47 4 99 13 19 5 55 3 85 14 4 18 82 0 45 15 52 11 16 19 54 12 89 6 69 2 64 1 12 8 39 7 42 16 43 
10 67 1 55 4 64 8 81 0 30 16 35 14 60 15 57 11 25 7 46 12 69 13 89 6 55 3 82 5 75 19 71 17 95 2 80 9 46 18 80 
12 87 9 16 14 33 0 40 13 46 4 59 17 99 1 85 6 73 11 51 3 87 8 64 19 36 5 39 15 72 7 27 18 87 16 29 2 82 10 92 
7 91 1 62 17 87 14 50 19 90 4 53 5 23 2 15 16 17 0 9 15 45 3 73 11 11 6 44 10 86 18 65 9 60 13 85 8 80 12 59 
5 30 11 60 13 27 8 42 15 29 10 15 16 30 12 7 14 37 1 86 0 12 2 34 9 8 19 93 3 75 6 89 7 90 18 20 4 18 17 47 
15 28 14 52 3 89 8 52 16 56 2 8 5 20 6 83 19 83 4 69 11 58 12 27 9 84 13 66 10 23 17 14 0 12 18 22 1 85 7 29 
4 69 13 50 17 66 10 11 11 68 1 55 19 11 0 92 6 93 8 74 15 16 18 27 2 41 12 42 7 45 9 65 5 44 14 78 3 11 16 77 
17 38 14 4 1 48 11 14 13 77 19 32 16 68 18 43 9 87 6 68 0 80 5 28 12 84 10 84 7 28 8 32 3 42 15 13 4 32 2 56 
15 72 0 85 16 62 6 33 7 67 3 37 2 11 11 93 9 10 8 34 18 66 19 27 13 24 1 42 4 23 12 65 17 9 5 15 14 22 10 19 
3 86 19 99 10 84 6 42 13 66 2 88 18 65 7 92 12 37 8 49 4 46 5 32 17 77 14 72 16 58 1 99 0 75 15 52 9 46 11 92 
18 67 17 74 5 73 4 87 15 57 13 64 3 34 16 97 8 33 9 99 12 62 1 20 11 67 14 26 7 25 0 29 19 8 6 61 10 68 2 50 
9 70 18 50 4 42 7 77 19 57 6 43 0 28 11 96 14 37 8 17 17 47 15 11 10 2 16 33 5 89 1 6 13 48 12 4 3 31 2 34 
10 24 18 69 15 80 6 23 0 8 8 81 4 86 19 89 7 55 16 58 2 78 11 93 17 28 9 61 1 9 13 28 3 11 5 94 14 31 12 7 
18 42 4 19 3 16 9 51 10 75 5 31 8 78 1 1 11 82 15 46 13 29 12 28 2 8 7 43 0 4 14 92 6 79 17 58 19 89 16 5 
13 61 10 14 6 22 15 73 18 77 3 12 0 12 12 73 2 62 7 16 4 85 16 50 8 86 14 4 1 40 5 33 11 42 19 88 17 3 9 70 
7 45 1 20 8 50 16 48 13 15 6 45 15 19 14 40 2 66 19 84 17 75 0 49 11 55 4 78 10 95 12 12 5 4 18 86 9 59 3 76 
3 77 10 38 1 7 4 14 16 65 15 31 0 33 7 17 14 77 6 11 13 10 18 7 11 99 9 81 12 40 19 84 8 75 2 33 17 66 5 38 
2 4 8 8 12 77 16 28 19 81 11 53 10 9 15 67 3 67 0 46 6 61 1 65 13 67 9 83 14 89 4 65 18 7 5 44 17 39 7 62 
2 38 12 88 0 99 1 52 10 8 7 39 13 52 8 29 14 61 4 46 5 22 17 58 11 17 19 86 9 30 18 78 3 10 15 48 6 77 16 53 
10 94 5 22 6 58 3 5 16 44 12 4 19 13 13 27 0 18 9 28 1 41 4 17 14 43 8 12 7 91 17 83 15 54 11 50 18 49 2 31 
7 5 4 23 17 61 2 56 14 91 6 14 16 12 18 29 10 10 12 55 0 65 8 13 13 89 11 66 9 33 5 67 3 74 15 88 19 9 1 95 
18 13 14 12 7 22 5 18 11 4 15 37 9 18 0 12 16 97 13 94 4 19 1 62 19 76 2 73 17 23 6 83 12 91 8 69 3 83 10 12 
13 90 17 23 9 39 5 84 15 41 10 13 1 53 8 72 4 18 0 72 2 65 12 40 18 6 6 48 7 21 14 98 19 97 11 43 3 66 16 72 
14 11 5 80 3 10 9 8 18 32 19 1 11 24 15 80 6 9 7 91 16 11 8 43 17 74 2 66 10 45 0 72 12 18 4 23 1 30 13 41 
11 15 15 81 1 59 2 61 18 59 17 65 10 98 13 38 6 19 0 99 16 27 19 31 14 17 5 28 8 2 12 55 3 10 7 87 9 42 4 96 
4 46 15 34 8 92 13 6 14 53 6 32 3 7 2 87 17 68 16 74 12 96 19 30 5 8 0 72 10 9 9 83 18 73 1 57 7 8 11 81 
13 62 15 83 12 94 5 32 14 68 3 1 2 1 16 67 7 11 6 63 9 65 8 33 19 21 0 16 4 33 11 99 1 52 17 32 18 6 10 36 
4 93 2 26 0 5 6 49 3 66 7 98 12 15 14 42 17 16 11 98 5 68 1 3 10 15 8 47 16 86 13 61 18 53 9 65 19 40 15 32 
8 30 1 2 7 65 14 67 19 35 13 90 5 59 17 23 12 91 3 68 18 27 15 32 16 20 0 98 4 16 2 96 11 97 10 25 6 34 9 31 
3 50 15 53 7 50 9 19 8 97 6 26 18 84 2 46 1 64 0 42 5 26 16 14 11 3 14 63 17 91 12 74 4 52 19 32 13 44 10 19 
10 86 6 16 15 17 16 39 13 63 19 35 12 99 7 70 9 59 14 46 0 87 4 79 5 63 3 43 8 92 17 37 1 92 18 92 11 23 2 19 
2 38 16 35 4 63 11 36 3 86 8 64 12 67 14 37 5 14 17 18 13 81 6 36 10 16 1 9 7 92 15 72 9 3 18 53 19 71 0 1 
3 41 2 81 19 59 10 83 1 20 7 71 12 47 9 51 6 67 8 5 18 60 0 41 17 14 14 67 11 30 5 78 15 79 13 53 4 12 16 96 
6 84 14 67 16 91 10 34 5 96 12 98 19 5 8 61 17 7 13 47 0 57 4 47 7 60 15 28 18 19 11 47 2 96 1 79 3 42 9 45 
18 32 15 73 12 95 0 92 2 15 1 82 10 44 13 77 4 88 9 69 6 82 14 41 11 61 19 61 3 57 16 19 7 75 17 70 8 68 5 97 
3 73 8 39 10 68 2 28 14 62 11 81 9 85 4 14 15 56 0 30 19 67 12 28 16 70 5 43 6 89 13 17 1 52 7 17 17 72 18 11 
2 26 14 65 17 62 0 17 10 48 16 46 12 40 7 95 15 89 1 92 4 42 9 48 8 60 11 1 5 48 13 84 3 94 19 38 6 63 18 45 
3 59 4 6 19 25 5 4 8 44 12 6 7 74 14 93 15 71 9 17 0 2 10 22 11 68 17 44 18 54 6 60 13 96 1 27 2 32 16 32 
2 46 8 60 11 31 15 28 10 47 1 35 12 43 6 24 13 18 4 67 19 66 5 35 18 5 17 85 7 16 0 92 9 61 14 18 3 83 16 67 
19 36 13 67 17 81 10 57 3 95 1 24 16 15 12 93 2 9 9 76 6 24 4 25 5 84 15 91 14 73 8 76 18 10 0 20 11 57 7 80 
18 16 15 30 2 13 14 13 1 42 3 9 9 13 17 55 7 44 12 36 13 25 8 82 19 70 4 20 5 47 0 36 10 90 16 59 11 14 6 93 
13 66 17 1 15 85 19 93 7 60 8 41 10 48 3 54 4 71 12 86 9 10 18 99 14 40 6 13 1 78 0 45 16 50 11 10 5 21 2 10 
0 92 3 94 16 94 13 10 19 84 8 92 17 12 9 26 14 80 12 78 18 81 2 86 1 54 15 21 6 8 11 30 5 71 7 97 4 67 10 57 
10 75 19 75 1 49 12 79 8 10 2 95 11 94 4 39 13 57 15 88 17 19 6 77 7 19 14 15 0 76 18 16 5 70 3 21 16 99 9 5 
9 64 19 7 0 17 17 48 5 99 15 96 6 3 8 22 4 41 16 86 12 69 2 74 14 97 11 55 10 41 3 11 13 73 18 31 7 78 1 81 
13 74 8 23 15 66 12 79 0 61 5 13 3 66 16 95 6 38 18 41 11 65 14 18 17 73 10 18 9 3 7 10 1 33 2 11 19 98 4 61 
12 95 14 54 2 1 9 74 19 21 17 44 5 43 11 80 15 16 6 27 4 64 7 87 10 65 8 28 16 32 3 27 18 99 0 28 13 11 1 50 
14 88 19 76 15 1 1 94 10 23 2 94 12 80 4 44 6 44 9 44 3 83 17 15 5 87 8 63 16 91 13 29 18 55 0 99 7 49 11 35 
12 4 5 65 1 65 2 35 7 31 17 4 0 55 4 29 6 31 16 25 19 22 9 49 15 37 13 35 8 40 14 56 3 19 10 41 18 51 11 27 
12 39 7 19 13 17 1 52 10 67 16 65 5 48 14 53 0 44 3 98 8 19 6 75 19 97 15 90 4 38 11 80 2 70 18 72 9 14 17 68 
4 21 0 71 17 12 15 25 12 12 10 20 2 90 13 85 3 14 19 12 7 33 16 83 6 48 1 91 11 21 5 45 18 12 9 83 8 39 14 96 
18 33 2 54 15 31 4 67 1 49 17 95 9 19 6 97 13 37 0 80 11 1 14 42 8 14 5 34 12 27 10 50 3 3 16 16 7 54 19 89 
12 24 14 36 4 91 16 43 19 19 13 55 15 22 3 43 17 93 9 58 18 1 6 36 8 79 11 21 2 38 0 12 1 26 5 9 10 3 7 55 
6 39 5 25 8 11 14 54 11 70 16 61 1 29 18 87 15 1 19 29 0 87 13 98 17 39 2 90 12 76 9 20 10 16 7 38 3 8 4 33 
14 80 15 80 3 39 9 45 13 92 8 49 4 32 7 11 18 24 19 7 12 50 16 58 0 34 5 13 17 13 1 16 2 23 11 59 10 9 6 13 
16 42 19 14 4 99 9 34 18 25 2 96 14 35 15 94 6 36 11 96 7 10 3 13 17 98 10 94 13 2 5 70 12 87 8 6 1 27 0 2 
12 1 8 96 4 37 11 95 17 74 2 80 15 81 6 41 3 15 9 71 19 12 10 13 5 4 16 40 1 42 0 40 14 37 18 91 7 44 13 94 
17 77 16 76 11 13 14 28 3 55 15 54 18 74 2 64 19 31 9 47 10 85 13 41 5 33 4 5 8 78 7 37 12 65 1 78 6 98 0 24 
17 43 3 92 8 59 2 37 14 3 10 32 15 1 12 88 13 27 16 44 19 33 4 66 0 23 6 80 18 41 7 89 11 54 5 70 9 54 1 22 
9 52 14 29 5 44 16 26 10 17 17 4 8 99 12 98 18 76 1 31 2 97 15 67 4 6 7 35 19 89 6 31 0 65 13 66 3 92 11 95 
6 81 16 89 13 97 12 62 18 66 8 78 14 92 3 37 15 92 9 71 19 80 2 73 11 63 4 81 7 15 17 11 1 77 10 68 0 81 5 97 
3 58 15 24 9 67 10 29 13 26 1 28 14 48 11 13 5 15 4 87 6 25 8 17 12 12 7 62 19 97 2 43 18 46 17 60 0 17 16 48 
7 6 6 12 16 58 11 38 8 77 3 79 13 7 4 98 1 77 19 74 15 41 9 26 10 15 12 31 14 53 17 94 0 21 2 78 5 37 18 49 
19 44 11 79 16 10 2 2 13 26 1 14 3 16 18 64 12 9 4 16 5 64 9 12 8 98 6 41 0 6 15 96 10 66 17 53 14 58 7 5 
5 23 10 76 7 57 13 49 18 74 14 56 0 18 4 17 11 32 8 77 9 97 6 31 19 38 1 84 15 89 12 36 2 60 3 78 17 24 16 74 
14 61 6 18 0 48 3 89 8 92 19 21 17 86 7 78 12 59 16 38 9 26 10 33 18 84 11 40 2 78 5 29 13 40 1 5 4 84 15 93 
12 81 0 55 19 15 6 45 13 33 1 54 2 99 5 70 8 47 16 6 3 47 17 77 14 83 4 86 18 2 7 5 11 75 9 24 15 83 10 54 
14 35 19 95 4 59 3 37 18 45 0 38 7 84 11 42 12 40 13 53 17 41 2 49 9 72 16 4 15 10 10 48 5 62 1 23 6 15 8 79 
4 34 16 56 1 92 9 34 11 64 17 39 5 56 10 5 19 55 14 54 6 81 13 48 2 76 8 72 7 21 18 86 12 84 3 20 15 67 0 83 
16 38 9 23 6 11 15 2 8 20 13 73 17 77 10 57 18 95 0 14 19 70 2 85 4 76 1 57 5 99 14 96 12 11 7 74 3 33 11 40 
4 55 11 31 10 79 2 90 9 29 13 32 16 32 14 59 17 88 0 32 1 89 5 99 3 41 6 97 18 74 19 64 8 93 12 25 15 26 7 8 
8 83 13 26 11 35 1 31 2 20 3 48 15 36 16 41 7 15 17 28 10 93 19 62 9 93 14 77 0 7 4 96 18 79 5 6 12 19 6 65 
13 95 9 85 2 16 1 5 14 11 19 71 0 92 4 68 5 70 6 72 10 96 3 52 16 54 11 21 18 18 12 30 8 52 15 88 17 86 7 19 
6 87 5 66 10 39 19 48 14 26 2 13 13 19 15 23 1 46 4 98 17 46 18 30 12 87 16 62 9 49 0 36 7 41 8 63 3 9 11 17 
18 50 11 5 13 26 17 73 12 12 14 27 2 64 6 12 8 79 19 4 4 68 10 16 16 65 5 72 7 21 3 74 0 85 1 74 15 70 9 93 
1 13 7 15 18 28 11 86 0 94 16 26 4 19 8 90 13 96 17 46 14 49 12 48 5 14 10 30 9 27 15 35 6 30 2 87 19 8 3 2 
13 92 10 51 9 87 16 71 4 82 5 92 7 43 1 72 14 17 15 12 8 96 6 11 3 91 17 77 19 90 12 20 0 83 11 64 18 75 2 87 
