200 20
3 10 15 80 11 24 12 95 5 98 7 5 2 44 0 17 14 67 6 20 9 20 10 11 17 77 8 55 18 81 13 78 1 96 16 73 4 96 19 43 
8 31 1 61 12 92 2 80 5 77 13 15 9 29 0 65 6 67 14 42 18 45 7 35 3 94 19 51 15 76 4 40 16 25 10 53 17 19 11 5 
1 83 2 78 4 32 8 71 5 89 9 56 14 9 3 2 0 91 16 55 7 51 6 99 17 91 15 6 12 87 19 83 13 58 18 83 11 71 10 58 
15 40 16 72 11 67 5 85 9 70 3 32 10 29 1 82 6 28 4 49 7 87 19 87 13 99 18 31 12 71 2 37 0 24 17 52 8 1 14 55 
3 90 0 7 13 36 8 57 17 50 18 99 2 55 9 42 5 31 7 24 12 99 16 42 10 96 4 48 1 90 15 75 19 54 14 46 11 50 6 36 
13 12 8 78 3 17 12 18 11 71 0 92 9 3 19 61 5 23 7 13 4 73 10 70 16 50 15 2 17 23 18 66 14 87 6 3 2 99 1 34 
10 77 5 90 12 49 16 57 7 76 15 61 0 29 18 53 8 14 9 75 17 17 14 77 3 66 2 42 19 83 11 85 13 61 1 52 6 60 4 12 
15 92 2 27 7 70 11 33 1 42 10 72 17 60 19 90 18 8 9 94 8 76 13 72 6 20 14 20 5 18 16 59 0 62 4 2 12 74 3 2 
5 79 3 36 18 11 12 99 4 11 1 38 9 99 8 77 19 95 16 55 11 42 7 81 2 35 17 83 6 56 14 20 13 82 10 3 15 61 0 41 
7 41 6 48 9 66 18 77 12 31 15 9 5 12 2 7 16 16 1 77 4 23 17 64 8 41 19 63 13 38 3 60 14 87 0 24 10 66 11 26 
6 27 15 40 14 39 1 42 5 90 16 41 18 45 0 77 10 65 8 97 11 81 3 44 12 74 17 59 4 66 9 57 19 21 2 73 13 48 7 37 
11 92 5 73 2 68 12 83 7 86 18 67 6 60 1 81 17 30 16 28 8 90 3 72 0 17 13 80 14 27 10 76 15 17 4 15 19 45 9 23 
12 24 17 69 6 1 11 34 0 99 4 82 8 8 10 72 1 40 14 37 19 78 2 68 3 14 18 22 7 39 13 86 15 98 5 72 16 80 9 25 
8 19 16 32 19 98 5 5 3 75 11 46 0 44 2 49 1 10 10 31 17 6 14 16 7 24 6 19 18 80 15 14 13 22 12 63 9 35 4 2 
17 51 11 10 14 64 5 65 6 79 9 19 19 27 0 75 10 37 15 29 16 48 2 63 18 81 7 90 1 40 3 81 13 37 8 3 12 11 4 59 
10 40 18 17 15 76 14 69 9 11 6 27 19 76 4 79 1 71 12 61 8 99 5 22 13 94 3 9 2 78 0 98 16 25 7 97 17 69 11 89 
2 65 1 55 11 41 15 20 18 9 17 54 9 59 5 42 3 51 19 34 6 40 4 23 0 79 7 67 14 61 12 42 13 27 10 63 16 62 8 24 
16 10 18 72 15 56 11 70 8 15 1 9 5 47 7 95 10 13 2 52 12 68 6 66 0 28 13 8 4 35 9 16 3 26 19 22 17 78 14 30 
3 37 16 21 0 79 1 35 18 98 19 92 13 8 5 34 12 49 9 61 15 83 8 49 2 10 14 96 10 5 11 50 4 18 7 34 6 73 17 14 
3 47 12 56 1 99 8 80 17 28 13 43 9 90 4 56 6 53 15 43 5 70 18 6 10 4 11 12 0 90 19 5 14 48 16 61 7 2 2 19 
6 79 19 4 17 22 16 63 1 92 2 5 7 33 13 30 3 86 15 59 18 50 12 67 10 5 8 60 0 17 5 55 14 57 9 79 4 33 11 29 
7 84 15 23 3 97 4 64 9 70 0 95 10 60 1 33 12 56 2 46 6 2 11 67 5 16 14 69 13 13 17 97 19 48 16 25 8 4 18 49 
16 82 6 65 0 77 5 90 7 31 12 42 10 16 19 79 18 45 11 79 13 11 2 29 3 31 4 3 14 66 17 3 15 88 1 8 9 55 8 14 
18 12 0 33 13 85 5 83 7 22 16 22 14 31 19 44 10 39 8 5 12 14 6 52 11 12 2 31 4 71 3 98 9 21 1 90 17 41 15 1 
19 74 3 46 16 88 1 3 17 75 9 90 10 37 11 71 12 58 13 69 5 68 15 29 8 65 4 58 18 3 7 18 0 48 14 74 2 3 6 7 
18 45 15 33 1 13 16 51 11 37 10 29 12 76 9 83 7 31 14 22 17 94 8 81 19 44 0 66 6 83 13 18 3 24 2 38 5 55 4 33 
8 19 6 79 9 94 2 78 5 48 19 47 1 67 0 21 12 7 10 68 13 11 14 6 11 89 3 46 4 1 15 8 16 49 17 37 7 78 18 63 
7 78 8 46 5 48 1 33 16 96 12 74 13 65 10 7 17 8 3 44 9 42 4 75 19 37 18 47 11 16 0 51 2 79 14 1 6 11 15 92 
17 95 15 83 9 6 13 96 0 76 14 20 7 2 10 87 11 81 16 11 12 23 19 50 4 23 5 71 18 1 2 4 1 71 3 40 8 88 6 47 
11 90 19 88 18 73 4 29 3 25 0 79 15 75 5 74 6 68 12 10 2 15 7 76 17 8 8 3 14 50 13 88 10 36 16 31 9 61 1 67 
8 2 0 50 9 30 2 56 11 45 12 78 14 11 15 79 10 2 6 37 5 57 17 5 13 17 3 84 1 13 4 64 16 14 18 58 19 36 7 99 
12 52 4 23 19 90 10 27 7 42 11 81 15 16 8 13 17 43 14 40 1 86 2 74 16 69 5 64 18 18 3 76 13 1 6 3 0 85 9 61 
7 86 12 11 4 13 1 40 8 61 15 22 6 36 11 18 14 82 2 17 13 29 9 15 10 61 0 52 16 1 17 60 3 26 19 29 18 5 5 28 
9 53 3 45 4 22 0 59 2 9 15 46 18 35 1 53 7 73 12 27 13 65 11 55 16 71 14 16 10 81 6 43 17 33 19 32 5 36 8 67 
12 8 17 66 15 80 8 68 13 94 7 35 14 9 18 79 9 65 6 5 16 80 19 83 1 99 0 16 5 4 11 50 10 48 3 33 4 28 2 40 
15 70 12 18 0 87 1 49 13 99 17 69 9 21 11 82 7 82 6 45 3 77 14 67 4 53 5 14 19 15 8 62 16 38 10 22 18 4 2 10 
1 97 16 8 6 18 5 97 0 66 8 79 13 70 12 83 9 4 14 93 2 79 10 71 19 95 3 12 18 54 11 79 4 52 17 12 7 86 15 65 
2 21 12 31 18 98 0 73 13 87 15 5 7 94 10 70 8 11 6 15 17 69 19 8 3 75 1 17 11 11 4 82 14 67 16 95 9 25 5 25 
3 92 18 93 1 7 5 35 19 60 4 8 2 45 8 73 12 88 13 45 7 9 11 88 9 21 17 25 0 47 6 90 10 26 16 16 15 84 14 23 
3 16 6 76 10 87 17 99 2 96 13 6 1 45 9 36 15 57 5 4 12 5 0 11 11 82 16 72 7 41 8 24 18 68 14 46 4 46 19 16 
9 49 19 46 5 38 12 89 3 44 6 65 13 99 8 62 17 48 4 59 15 68 2 43 11 75 10 35 14 42 0 13 7 77 16 39 18 94 1 92 
18 36 12 85 9 2 15 38 14 35 7 87 5 91 13 84 19 31 6 91 11 51 1 51 16 52 10 48 3 87 2 60 17 27 8 32 0 74 4 80 
7 55 15 11 18 36 17 13 14 88 1 16 2 28 6 88 8 64 0 39 5 1 4 63 11 45 16 50 13 2 9 7 3 32 12 25 19 85 10 89 
6 53 4 55 2 27 7 93 15 23 3 28 16 63 9 46 5 74 8 40 10 27 1 93 12 65 13 87 18 63 11 55 17 59 0 41 19 1 14 32 
19 25 12 11 5 39 17 57 2 81 14 26 7 42 16 60 1 31 3 83 6 32 9 67 10 73 18 26 15 86 13 92 11 62 4 1 0 2 8 14 
11 85 17 62 9 29 5 52 3 92 16 72 19 80 1 85 8 16 0 39 7 97 15 53 6 67 13 58 18 97 14 41 12 27 2 33 10 27 4 68 
3 33 16 77 9 96 1 76 14 88 7 88 4 21 19 96 12 87 15 59 10 70 5 86 18 68 11 47 8 46 17 37 13 22 2 3 0 4 6 75 
5 49 3 73 4 39 15 4 9 88 19 90 12 55 2 34 1 53 13 84 18 41 10 89 6 11 8 73 16 60 14 3 11 82 0 94 7 53 17 42 
16 34 12 48 19 42 5 74 14 48 6 83 2 51 10 27 18 6 0 33 17 23 11 43 7 47 8 13 9 63 13 63 3 62 15 40 4 91 1 42 
16 13 1 95 12 88 10 79 6 77 2 8 0 71 18 97 17 54 11 27 14 25 15 98 5 6 4 79 7 95 13 24 3 54 9 63 8 21 19 74 
2 77 8 14 13 25 7 21 15 82 12 83 16 85 5 43 17 72 3 17 0 61 10 1 9 7 18 15 14 18 1 56 19 9 6 31 11 20 4 26 
0 76 4 1 10 91 6 62 18 2 15 82 13 60 7 62 1 77 8 81 16 57 9 40 14 44 19 37 12 8 5 76 17 78 3 88 2 81 11 70 
6 45 3 95 9 38 10 61 14 78 12 62 2 84 0 11 13 31 17 58 7 39 15 16 18 16 1 77 19 3 4 98 5 82 8 24 11 72 16 77 
1 73 12 83 0 4 17 39 3 48 18 68 14 35 7 42 2 78 4 35 15 20 9 85 6 21 8 90 11 99 16 90 19 35 5 41 13 87 10 95 
2 12 9 27 11 82 3 18 19 23 0 96 17 15 1 4 18 63 7 86 4 93 10 1 5 52 13 19 12 43 15 12 6 31 14 59 8 70 16 22 
12 97 17 86 4 36 8 36 14 11 16 71 15 17 7 9 3 35 5 57 10 33 11 65 2 51 9 76 13 40 0 82 18 1 6 23 19 63 1 36 
10 69 3 54 19 98 18 62 2 72 11 7 7 78 4 75 8 15 1 97 0 4 16 20 12 78 15 63 17 12 6 88 14 56 13 98 5 62 9 15 
12 48 3 86 14 11 19 9 18 30 8 39 13 12 10 37 6 13 0 53 16 30 17 27 1 37 2 75 9 14 15 75 4 91 11 99 7 84 5 86 
9 20 10 73 7 78 14 46 6 24 16 94 8 59 17 95 2 57 11 18 13 28 19 65 5 52 18 76 3 69 15 21 1 33 12 45 4 14 0 11 
11 93 17 84 6 33 7 16 13 64 0 56 5 10 8 20 9 35 16 9 12 79 4 60 14 76 10 69 18 5 2 72 3 9 15 3 1 17 19 95 
15 78 6 1 11 34 4 9 19 69 16 97 10 78 0 49 2 21 3 20 14 48 17 42 13 10 12 71 9 76 1 28 18 23 5 33 7 93 8 38 
14 36 10 47 8 45 16 93 17 9 1 71 6 82 15 76 2 81 5 64 3 67 19 19 0 74 7 7 13 1 11 98 18 91 12 61 4 39 9 51 
12 65 14 16 6 15 10 63 13 59 11 82 15 50 2 5 8 82 18 69 1 1 16 30 7 21 3 13 19 51 5 5 0 76 17 61 9 43 4 41 
6 65 8 62 10 81 11 45 13 48 17 30 12 32 14 38 5 64 16 31 15 52 1 75 3 93 2 35 19 49 9 99 18 33 0 92 4 28 7 68 
2 76 4 66 0 20 8 94 7 48 3 30 10 50 19 36 13 71 5 94 15 10 17 1 16 52 11 8 12 52 9 18 14 99 6 20 1 46 18 32 
4 95 17 47 16 81 14 98 7 24 10 10 0 49 2 3 8 65 9 32 15 72 1 68 11 92 5 78 6 14 18 17 19 85 3 93 12 74 13 34 
4 29 10 38 6 65 8 25 16 33 2 55 3 54 9 2 5 99 13 35 12 38 7 35 18 57 15 33 17 24 11 57 14 33 1 67 19 80 0 42 
13 79 5 54 10 3 8 74 12 70 18 35 4 95 11 58 2 35 19 58 9 76 3 68 1 83 15 24 17 91 7 39 16 3 14 35 6 86 0 99 
2 83 16 22 19 35 0 18 8 80 13 20 6 9 11 55 4 72 14 88 18 11 15 40 3 53 12 79 5 46 9 88 17 72 10 90 7 19 1 47 
18 45 16 4 8 28 5 6 1 51 10 22 17 27 7 94 3 31 11 50 19 15 2 68 15 78 6 24 9 60 4 62 12 9 0 69 14 21 13 73 
19 40 18 82 3 87 15 13 12 94 2 20 9 49 16 40 14 67 13 69 11 55 7 88 4 92 6 7 17 81 0 79 5 56 8 35 1 44 10 41 
17 54 19 19 4 31 11 87 9 44 2 22 8 13 16 94 18 53 12 69 5 70 14 83 6 4 1 72 10 93 13 97 7 51 3 5 0 6 15 56 
7 52 16 67 13 35 19 20 10 73 14 16 6 65 15 7 18 1 5 58 1 70 12 7 8 12 17 63 3 38 11 11 4 35 0 46 9 74 2 79 
12 59 10 41 0 91 1 94 14 54 17 14 13 75 16 8 4 75 9 47 7 45 8 71 19 63 5 60 3 50 18 50 15 84 2 33 6 58 11 32 
4 56 2 16 15 22 9 4 1 38 10 47 19 80 3 81 13 34 6 94 16 40 0 3 12 29 17 14 8 9 18 69 7 17 5 56 11 74 14 15 
16 92 4 25 12 25 11 7 10 77 7 85 8 22 0 90 9 57 19 64 13 53 15 60 14 30 6 73 18 28 3 63 2 28 5 71 17 95 1 2 
16 31 14 37 2 31 11 43 1 85 18 22 6 67 19 80 13 75 8 94 5 98 7 66 10 2 15 65 17 62 9 73 4 75 0 69 3 27 12 92 
15 89 19 68 8 68 10 57 7 72 16 29 11 7 2 12 12 79 13 38 18 60 1 85 0 59 4 14 5 55 6 23 17 2 14 37 9 65 3 46 
8 18 16 79 9 57 4 78 19 32 11 67 1 61 18 29 17 91 15 20 3 60 5 96 10 83 2 36 14 87 13 76 12 90 7 40 0 83 6 8 
4 20 0 94 13 27 14 13 18 37 8 94 10 81 17 79 16 31 3 59 5 83 6 90 7 2 9 37 2 10 12 30 1 56 15 73 19 21 11 30 
11 20 0 55 4 95 13 48 16 82 6 85 8 65 15 59 12 39 1 29 19 83 17 46 2 57 9 28 14 73 10 79 7 78 5 89 18 42 3 12 
18 21 15 77 17 7 7 84 6 64 2 92 5 14 10 57 4 34 12 77 1 68 16 51 19 41 11 28 0 12 14 75 8 67 13 10 3 49 9 17 
14 99 3 96 4 17 10 80 5 75 8 16 16 34 1 83 13 43 18 76 15 64 7 59 17 28 11 13 2 59 19 4 0 17 12 63 6 61 9 92 
0 50 12 39 19 91 10 50 2 83 3 61 16 67 18 49 4 4 13 28 17 16 6 27 8 29 7 4 14 30 1 88 5 16 9 87 15 91 11 59 
3 92 11 91 13 13 9 16 8 8 10 7 6 7 1 65 12 27 4 8 16 85 18 65 5 14 19 26 14 36 7 44 15 56 17 92 2 38 0 21 
4 40 11 79 13 41 1 37 15 42 2 10 0 20 12 66 5 38 18 15 8 6 17 71 10 22 14 11 7 88 16 89 6 85 3 54 19 25 9 36 
18 45 10 3 15 53 17 8 2 99 6 92 12 48 4 94 9 36 7 59 19 85 11 11 13 76 16 99 8 89 0 37 1 54 14 86 3 9 5 41 
4 1 16 1 6 11 11 68 8 86 13 80 15 49 3 59 0 55 1 86 10 87 5 30 2 27 12 17 18 76 9 89 19 91 7 48 14 26 17 80 
19 54 16 45 3 34 12 45 18 38 1 72 7 97 11 42 15 69 4 89 6 4 13 97 5 6 0 86 14 3 9 90 10 6 8 50 2 32 17 56 
18 79 16 37 5 88 19 16 15 21 11 75 4 35 14 2 12 24 7 61 8 99 10 70 17 54 0 48 13 51 6 99 9 27 2 10 3 3 1 28 
14 83 12 48 16 87 1 5 11 9 0 63 2 72 8 81 3 7 19 13 5 1 15 96 9 89 13 85 17 28 7 57 10 41 4 42 6 17 18 13 
11 95 19 84 7 48 18 47 9 10 0 39 2 61 5 31 3 45 12 65 17 26 1 84 10 10 4 4 15 13 13 20 16 84 8 9 6 28 14 36 
17 85 15 61 4 85 8 91 19 77 14 49 18 62 7 20 12 6 9 81 3 93 6 31 2 12 1 67 16 86 5 46 13 40 0 63 11 85 10 21 
11 14 13 5 0 14 18 89 12 51 16 63 6 73 1 24 5 40 2 75 17 81 8 20 14 88 9 40 10 87 15 78 19 18 7 86 3 70 4 15 
3 56 13 52 8 21 19 18 10 40 14 84 18 35 16 61 0 19 4 31 1 68 11 88 9 53 6 13 17 56 5 60 7 44 15 71 2 19 12 40 
4 74 19 65 15 83 8 86 16 44 10 30 11 54 13 21 6 91 3 77 9 16 12 12 14 57 17 4 0 47 1 45 2 89 18 80 7 70 5 77 
7 96 16 40 12 1 18 26 10 82 3 63 13 36 2 70 11 78 1 25 5 33 19 8 15 93 4 20 6 38 9 95 0 74 14 46 17 64 8 96 
11 78 10 88 7 16 4 39 14 41 13 44 19 64 15 23 2 75 12 55 0 69 9 57 18 40 1 7 3 71 6 82 17 42 5 7 16 56 8 9 
19 42 1 17 12 14 10 85 17 47 6 32 13 46 7 98 15 95 9 51 8 50 16 88 0 40 14 63 5 67 18 46 2 2 11 62 3 31 4 69 
9 83 17 57 0 79 3 70 18 95 6 78 16 89 1 58 4 44 19 89 8 16 10 2 5 70 14 48 7 27 13 52 12 57 11 91 15 54 2 49 
1 8 7 58 6 70 9 27 5 19 13 74 16 7 12 5 18 42 14 34 8 70 2 35 15 94 11 58 19 51 10 99 3 80 4 13 17 66 0 67 
12 40 17 51 5 95 2 42 8 72 13 9 4 86 7 91 14 72 11 20 9 54 10 74 18 68 0 85 16 37 1 5 3 17 6 41 19 14 15 70 
15 55 4 55 11 96 18 38 14 40 16 54 2 16 10 88 7 86 0 33 8 46 17 52 6 12 19 94 9 1 13 92 5 23 3 35 1 42 12 81 
11 61 19 36 8 84 3 70 4 75 16 90 0 48 7 62 6 75 5 47 12 74 13 37 9 91 17 19 14 45 18 48 10 57 15 46 1 31 2 88 
11 30 4 48 2 32 19 5 16 99 9 5 5 91 6 33 7 22 0 6 13 62 14 45 12 16 17 31 18 84 1 25 3 12 8 72 10 38 15 31 
12 98 1 68 9 70 15 22 18 29 11 16 5 53 7 14 8 8 4 39 14 33 13 33 16 37 0 4 10 83 2 3 19 58 17 86 3 93 6 95 
7 45 11 34 16 77 19 92 3 81 14 71 12 61 13 58 5 34 4 1 9 45 10 59 18 48 0 50 6 45 8 55 2 49 17 58 1 19 15 97 
17 66 14 70 7 21 15 25 6 86 13 58 11 11 3 49 16 9 10 74 4 17 19 98 1 81 0 68 5 17 12 91 18 60 8 49 2 83 9 59 
2 25 12 50 4 75 15 65 19 87 1 16 16 51 8 11 10 73 6 62 3 86 18 3 5 57 9 12 0 44 11 39 14 53 7 79 17 59 13 75 
14 18 0 30 5 2 7 39 6 9 8 59 13 93 18 79 3 67 1 9 12 94 19 52 11 8 15 44 2 25 9 42 4 87 17 97 16 2 10 25 
1 3 17 53 11 72 4 18 12 56 3 39 8 65 15 46 16 28 9 1 19 36 6 55 0 28 14 63 7 80 10 29 18 58 13 82 5 50 2 77 
0 55 18 45 3 2 16 31 13 29 9 27 19 8 4 62 8 90 14 30 12 67 7 17 5 8 17 94 11 12 6 4 10 29 2 37 1 86 15 25 
1 4 11 68 6 28 16 99 19 51 3 40 7 10 18 67 5 62 15 85 12 22 8 25 10 79 13 20 9 25 2 98 14 44 0 7 17 36 4 40 
10 6 13 12 6 89 15 95 8 57 0 37 14 50 9 20 2 69 1 98 3 90 4 85 16 83 18 39 12 75 7 11 11 80 17 8 5 20 19 77 
14 67 10 52 8 75 18 49 2 3 0 4 1 21 11 26 17 14 15 83 13 49 7 60 3 92 5 57 9 93 12 11 4 42 16 28 19 30 6 26 
8 90 9 1 0 30 17 25 16 90 12 70 19 8 18 37 1 54 2 15 15 39 14 59 4 36 5 22 13 29 11 71 10 26 7 56 3 68 6 41 
16 47 19 15 1 31 18 1 0 79 8 16 9 17 4 10 2 7 6 62 13 62 17 4 3 39 11 78 5 65 14 60 15 20 12 8 7 83 10 92 
2 33 15 8 12 90 0 38 5 74 10 32 9 20 8 78 4 38 6 50 19 3 16 38 13 8 18 15 11 5 7 33 17 15 3 97 1 96 14 51 
15 90 17 48 14 9 6 16 4 47 11 34 3 61 5 38 12 59 19 62 16 76 7 89 0 68 2 66 9 90 10 22 8 57 18 56 1 88 13 78 
12 45 14 27 7 43 18 20 6 41 8 28 1 69 16 22 0 72 19 23 17 51 10 10 15 7 5 34 2 30 9 30 11 79 3 24 4 32 13 11 
10 84 11 77 5 87 13 64 6 78 12 61 18 61 0 19 2 6 9 55 7 72 8 8 15 60 19 85 14 24 3 60 17 81 16 98 1 98 4 95 
18 34 3 94 7 31 10 92 15 36 16 12 12 37 19 49 0 32 9 91 1 10 5 74 4 64 8 27 13 39 6 78 2 24 14 58 11 52 17 21 
11 70 13 53 5 38 14 85 10 70 19 46 0 48 4 79 12 72 2 90 18 25 16 94 3 51 7 48 9 82 1 62 15 58 6 46 8 50 17 29 
3 52 8 84 0 36 17 12 1 72 11 58 15 2 13 58 2 76 16 28 12 81 5 71 6 2 4 53 14 35 10 82 18 85 19 26 7 78 9 88 
9 71 19 27 7 40 2 56 17 72 18 21 3 24 16 32 6 39 0 75 5 68 8 55 13 17 1 48 12 15 15 18 4 15 10 60 11 75 14 90 
17 28 16 11 18 18 12 57 7 76 15 92 11 38 3 99 2 17 19 91 13 47 6 37 14 69 0 60 9 66 5 71 10 59 4 72 1 87 8 12 
18 92 16 3 5 31 13 58 9 88 7 93 17 21 10 97 15 14 6 93 14 22 3 99 0 9 2 15 4 71 8 13 1 31 11 20 12 98 19 49 
19 34 5 69 3 50 13 41 15 90 4 33 6 14 11 92 1 87 9 71 16 73 8 5 2 51 18 16 0 43 17 29 14 21 7 1 10 66 12 51 
4 51 13 27 6 82 15 5 5 53 3 93 14 62 10 52 2 73 8 49 0 36 19 67 17 77 12 90 9 2 16 70 1 46 18 24 11 62 7 45 
15 2 11 52 14 59 6 44 9 31 1 47 2 46 12 64 4 84 13 36 3 39 7 22 19 34 10 84 16 62 17 7 0 72 8 83 5 82 18 86 
19 63 8 12 2 74 10 52 16 78 6 17 13 45 9 92 7 85 14 47 11 49 1 97 3 22 18 9 5 27 0 22 17 16 15 35 4 83 12 76 
15 8 16 51 7 58 5 17 14 52 11 92 4 88 9 47 10 81 13 53 0 49 19 66 6 12 17 91 12 52 1 73 18 29 2 15 8 22 3 31 
9 72 17 38 14 67 4 1 16 21 8 2 5 39 11 65 3 36 10 72 6 61 12 48 2 32 19 84 13 55 1 68 15 95 7 21 18 86 0 82 
18 60 16 74 12 23 4 86 8 29 15 76 14 15 0 53 19 19 6 49 17 18 10 87 9 80 13 97 7 81 11 83 3 28 2 1 1 8 5 50 
9 48 17 65 13 34 0 76 12 90 19 95 2 89 11 4 16 58 15 37 4 77 14 74 1 73 5 35 6 90 10 84 8 60 3 2 7 14 18 29 
1 41 3 95 6 96 13 52 12 4 16 62 19 46 0 59 17 64 18 86 10 56 9 21 14 29 11 29 7 83 8 6 2 14 4 1 5 77 15 53 
14 53 16 33 10 85 6 55 7 23 1 83 12 50 18 21 11 74 2 86 8 37 13 49 4 91 3 23 17 93 15 91 0 40 9 71 5 63 19 2 
18 47 1 7 0 17 14 46 16 15 10 26 2 51 12 32 5 62 19 78 17 40 4 88 11 70 8 43 15 89 7 96 9 55 13 72 6 2 3 51 
5 67 2 40 13 74 11 72 16 9 3 24 1 15 14 29 0 89 10 93 15 2 17 68 12 84 18 85 6 54 4 57 8 10 9 76 19 1 7 6 
17 63 16 97 18 17 0 14 5 5 10 30 6 43 11 65 2 8 9 63 3 8 19 80 13 28 15 89 4 37 8 6 1 17 7 58 14 80 12 71 
1 72 10 53 18 49 17 62 9 78 8 16 3 6 2 64 6 40 0 90 12 2 4 78 7 7 14 94 13 80 5 46 11 59 16 7 19 51 15 5 
16 82 12 68 6 34 14 68 15 99 8 82 0 18 4 55 10 69 19 99 9 56 1 93 5 26 7 16 17 8 13 8 11 5 2 64 3 37 18 93 
0 46 11 21 5 54 19 45 10 11 17 74 13 81 18 33 14 33 3 75 15 95 8 52 7 71 2 83 16 51 1 48 6 96 4 46 12 33 9 52 
17 39 18 59 16 14 11 41 12 84 9 90 10 31 15 3 7 21 1 96 3 8 19 96 5 41 14 4 2 52 6 36 8 35 0 90 13 58 4 56 
17 85 4 83 3 53 14 25 7 45 12 19 2 97 1 15 9 13 10 61 18 56 13 39 16 7 15 56 8 96 0 61 11 11 19 39 5 85 6 3 
18 66 16 10 7 78 5 99 14 45 8 31 17 26 3 23 9 42 15 46 1 94 2 69 19 23 10 15 6 23 12 31 0 94 4 39 13 49 11 60 
17 14 3 7 13 55 2 24 14 10 15 17 1 96 5 5 9 20 10 86 8 9 6 3 7 94 18 22 12 32 4 66 0 18 11 56 16 12 19 18 
17 22 15 48 0 48 19 53 8 88 14 81 16 41 13 66 5 71 4 37 2 53 11 56 6 18 3 38 7 67 10 9 9 19 12 17 18 56 1 74 
13 64 1 32 14 51 16 30 4 38 18 20 9 39 7 38 11 37 19 53 17 20 5 20 2 31 15 74 12 66 10 25 6 9 8 54 0 40 3 74 
13 96 5 82 14 83 0 35 19 37 1 87 9 25 3 71 4 57 6 98 16 86 18 26 8 8 17 74 10 84 7 54 11 33 12 61 15 79 2 61 
4 73 12 5 17 55 0 8 5 29 14 80 16 85 19 33 15 62 8 93 3 44 1 81 11 27 18 36 2 57 7 21 10 49 9 73 13 45 6 69 
8 41 17 2 7 97 16 83 19 7 3 87 6 56 18 50 15 26 12 63 5 93 2 20 11 94 4 48 1 7 14 7 9 93 10 59 13 4 0 52 
15 89 4 69 14 60 12 95 1 23 10 77 2 59 16 6 9 25 19 14 3 73 18 23 17 43 7 79 0 63 6 23 13 85 11 16 5 1 8 98 
11 76 17 27 13 48 4 30 7 63 19 1 12 98 15 19 6 76 1 17 0 65 2 31 5 98 8 33 16 63 3 50 18 29 10 16 9 12 14 96 
1 73 3 9 5 80 17 14 9 84 18 90 10 35 6 18 4 61 15 6 0 79 14 51 11 84 13 59 8 9 19 19 12 96 2 81 16 54 7 75 
15 96 3 69 4 21 7 28 10 27 13 33 11 16 12 16 5 3 16 78 0 18 17 26 6 32 2 71 1 54 8 65 14 33 9 15 19 21 18 48 
15 64 10 38 2 9 17 80 8 34 16 17 0 74 5 17 13 94 19 16 7 87 3 31 4 12 11 83 1 64 6 72 9 54 18 58 14 59 12 46 
18 27 2 94 7 1 1 9 8 83 19 44 3 5 6 5 17 58 9 37 10 4 15 91 5 79 14 25 13 41 11 9 16 30 0 66 4 41 12 63 
2 2 1 67 14 45 0 97 15 98 9 41 3 92 19 82 11 12 16 31 10 95 17 10 7 44 12 38 13 48 18 97 4 15 5 7 6 91 8 75 
15 62 3 23 2 84 11 85 13 42 6 63 1 97 17 18 5 96 12 3 18 64 19 73 0 97 14 81 10 2 9 34 16 27 7 16 4 69 8 55 
19 24 16 9 11 61 1 57 12 33 13 16 9 43 0 15 10 72 17 80 6 29 7 53 4 31 15 33 8 29 14 96 2 41 5 79 3 64 18 82 
17 32 3 82 6 68 18 28 12 36 1 26 4 85 8 43 19 57 15 95 5 37 14 33 7 18 2 62 16 68 0 42 10 58 13 22 11 58 9 29 
14 56 1 84 12 79 8 29 4 83 0 32 6 69 17 34 10 83 19 87 13 54 3 58 18 37 2 51 11 83 16 41 15 27 7 35 5 52 9 45 
11 94 6 65 19 32 13 91 3 3 7 22 10 72 8 84 16 42 18 76 12 89 0 48 17 7 4 73 14 1 2 78 5 84 1 16 9 11 15 18 
19 22 18 29 15 27 4 5 3 89 5 4 0 7 7 21 13 36 1 19 10 68 8 75 11 21 2 23 6 1 14 14 9 50 17 17 16 46 12 98 
6 18 9 84 8 15 10 27 18 9 2 42 11 24 0 8 15 18 3 54 17 55 16 96 13 39 1 31 5 26 4 83 7 65 12 61 14 14 19 61 
0 35 13 73 15 23 6 49 12 28 19 86 2 86 16 36 17 97 14 17 7 14 10 11 1 35 5 67 11 50 4 82 18 10 3 62 8 87 9 74 
18 65 6 64 9 36 10 26 7 52 2 65 14 58 8 99 19 20 0 93 12 75 4 70 11 92 5 8 1 91 13 77 15 7 3 5 17 12 16 76 
6 64 13 46 0 88 17 38 19 75 8 82 9 55 18 19 5 25 12 34 7 68 14 65 15 33 3 40 4 91 16 75 2 56 11 52 10 61 1 88 
0 40 18 99 7 77 10 60 3 27 17 69 8 90 19 59 15 79 12 91 13 55 1 43 9 93 5 3 4 64 11 50 14 24 16 31 2 57 6 38 
18 52 5 6 10 23 17 40 15 97 14 33 13 6 8 78 11 10 7 46 9 23 3 30 6 33 19 70 12 11 2 38 4 95 1 71 0 19 16 10 
19 84 7 14 10 89 0 80 1 36 14 98 16 56 5 18 9 15 15 37 11 56 4 44 17 12 8 85 13 3 2 83 12 67 3 13 6 96 18 91 
3 28 8 67 19 60 5 31 15 63 16 56 10 14 4 66 9 69 17 71 1 75 7 68 14 77 18 14 6 19 0 6 13 55 12 66 11 26 2 49 
13 87 8 66 12 85 18 34 1 14 14 24 17 83 9 89 11 25 10 41 15 39 0 40 5 8 3 11 19 34 4 12 7 34 16 20 6 58 2 8 
13 93 7 79 3 91 15 13 2 69 19 48 1 76 17 89 18 82 9 79 4 30 6 63 10 85 14 33 16 14 5 94 8 32 12 54 0 43 11 59 
8 15 17 29 11 70 10 31 0 71 5 82 4 34 15 64 7 54 13 86 12 48 9 92 6 54 2 50 16 51 14 26 18 92 3 54 1 23 19 37 
5 55 12 53 2 17 17 59 18 72 3 94 9 49 13 93 19 3 15 84 0 86 11 38 10 48 1 13 16 46 7 30 4 90 6 76 14 63 8 64 
5 54 15 70 0 66 10 8 11 35 14 97 9 52 13 68 16 48 1 56 17 80 7 74 19 17 3 55 4 48 12 51 2 9 18 73 8 16 6 89 
10 25 18 87 16 23 5 47 17 18 1 33 11 33 2 23 13 39 15 97 8 41 3 59 14 93 7 56 6 94 19 23 12 83 4 16 0 36 9 80 
0 4 17 80 1 11 11 94 6 4 18 29 12 96 15 26 16 8 4 88 10 45 7 82 13 84 3 94 19 95 14 38 9 81 2 11 5 28 8 61 
2 81 18 97 19 59 17 30 4 85 11 18 0 92 13 83 5 60 14 53 12 18 9 54 15 29 7 43 6 39 10 90 1 1 16 48 3 89 8 87 
14 19 7 42 13 73 11 71 12 94 3 25 9 58 16 5 4 84 18 23 0 16 17 43 1 84 10 10 6 10 8 47 19 95 15 23 5 68 2 86 
4 6 19 84 14 62 7 28 17 95 15 28 18 63 13 18 9 64 3 73 10 50 12 27 16 94 5 99 6 99 1 42 8 72 2 22 0 47 11 81 
18 63 16 74 4 20 0 42 2 25 1 69 15 11 19 69 7 71 9 96 3 71 12 48 13 82 10 75 11 76 14 71 6 88 8 44 17 80 5 87 
17 69 8 56 7 97 0 78 1 17 5 26 10 3 9 13 14 31 15 45 11 63 4 18 19 29 12 58 13 26 6 8 18 82 3 1 2 31 16 25 
5 2 2 93 16 23 1 14 3 13 9 32 19 36 11 28 4 19 7 21 10 78 14 73 12 15 13 69 18 52 15 59 17 70 6 23 0 82 8 5 
16 10 19 93 9 30 3 15 18 89 12 93 2 15 1 40 4 1 7 30 14 17 13 53 11 70 8 58 17 63 6 96 15 94 0 81 5 19 10 93 
15 18 3 56 10 47 17 99 18 1 4 73 2 53 19 99 6 76 13 97 5 18 1 39 8 92 0 65 9 71 16 64 14 16 12 67 11 32 7 85 
2 8 7 89 5 66 11 90 17 86 6 99 9 1 13 83 19 51 3 81 1 84 0 79 16 70 15 82 4 57 10 15 12 58 18 65 14 6 8 51 
19 25 16 50 10 37 0 81 5 72 3 89 14 7 17 57 1 28 7 56 13 92 9 19 18 39 6 82 12 85 15 29 4 37 8 57 2 33 11 22 
16 50 15 94 18 49 10 54 0 86 17 29 8 20 1 69 3 40 19 20 12 32 4 58 11 67 9 5 5 15 13 66 2 17 7 36 14 71 6 97 
9 87 14 21 2 77 0 88 3 16 4 4 11 77 6 8 19 2 12 18 13 53 16 99 10 36 7 50 15 63 5 26 18 60 8 63 1 99 17 92 
15 69 14 13 12 96 13 27 10 60 11 82 6 54 1 29 9 88 16 42 4 85 2 95 8 39 19 16 7 91 18 91 3 74 0 68 5 7 17 11 
14 39 1 73 8 27 3 88 5 17 18 50 19 61 4 64 16 49 12 94 7 22 11 18 0 83 10 73 15 11 17 62 9 69 2 85 6 94 13 11 
11 25 16 62 4 26 1 37 0 69 7 5 3 4 8 96 18 91 9 86 15 5 10 59 6 5 5 88 17 17 2 93 14 32 13 73 12 95 19 14 
5 49 0 64 13 83 11 90 4 33 12 25 16 18 6 83 19 50 7 42 14 14 10 89 15 56 3 55 2 46 9 97 17 11 1 35 8 17 18 75 
3 17 7 72 19 85 12 94 1 88 18 98 4 89 14 66 5 3 17 55 13 34 11 79 8 34 6 89 2 42 16 39 9 95 15 69 0 30 10 63 
12 98 4 76 18 59 2 43 16 75 15 23 6 22 9 39 5 33 3 3 19 97 11 64 7 68 0 52 8 32 14 28 13 29 17 17 1 97 10 17 
1 22 11 59 6 47 18 31 19 68 10 79 15 56 17 69 7 78 16 18 3 26 9 95 5 12 4 87 0 35 12 34 14 74 2 99 8 38 13 14 
17 37 18 73 1 44 14 51 6 18 12 20 15 82 19 86 5 58 0 10 2 25 8 50 4 97 9 69 11 6 7 80 3 41 13 77 16 84 10 33 
