200 20
0 68 3 36 8 40 7 44 5 89 16 81 12 40 17 39 11 82 10 10 14 10 4 87 9 76 15 35 6 35 13 69 1 57 18 71 19 30 2 69 
4 39 7 21 6 63 13 71 15 24 2 70 0 85 19 68 9 80 12 61 3 18 14 10 8 91 17 84 18 52 1 40 16 74 5 63 10 91 11 4 
3 53 16 5 12 94 6 10 9 40 11 52 14 6 8 42 19 92 2 9 13 89 10 93 18 57 0 23 7 55 15 39 4 4 5 64 17 81 1 66 
2 45 18 60 11 43 7 19 4 1 10 91 3 71 5 62 1 78 14 52 9 26 15 37 8 2 13 83 19 96 6 95 17 36 16 66 0 55 12 27 
10 8 19 34 0 74 4 37 14 13 2 13 16 91 13 68 1 90 8 41 17 8 9 38 15 19 11 46 5 51 18 28 12 60 6 48 7 3 3 12 
11 49 1 5 5 53 10 89 9 7 19 52 4 43 13 86 16 97 7 64 6 16 2 41 12 94 3 24 18 54 8 85 0 57 14 38 15 57 17 92 
5 22 2 6 0 98 4 87 10 87 13 33 11 69 1 28 8 57 6 58 19 80 7 4 14 77 15 98 12 68 3 3 18 31 17 15 9 27 16 79 
2 21 13 32 12 98 9 38 19 37 15 22 8 70 14 36 1 25 7 93 3 63 5 8 18 11 17 47 4 81 11 24 16 99 10 98 0 88 6 69 
2 33 1 79 11 5 15 41 8 70 13 18 19 36 4 54 6 68 3 19 0 38 16 55 5 7 18 94 17 62 9 44 12 71 10 86 14 63 7 96 
19 5 7 28 16 12 13 54 14 91 11 83 8 84 9 8 2 92 18 32 0 31 12 77 10 88 17 83 5 33 1 19 6 55 3 46 4 79 15 35 
3 98 16 17 13 71 1 69 10 34 7 4 4 18 8 17 5 34 18 99 12 95 19 61 15 99 17 61 2 40 14 61 6 35 11 81 0 62 9 71 
9 37 17 10 3 7 15 91 13 66 19 68 11 11 12 65 14 47 7 68 2 12 0 4 16 98 8 36 5 48 18 19 1 92 6 43 10 21 4 8 
3 26 14 37 13 21 10 69 18 73 12 30 4 67 7 10 2 83 5 22 16 57 9 32 11 51 8 27 19 64 1 26 6 25 0 35 15 64 17 68 
7 69 18 94 1 16 17 28 13 75 4 88 3 92 11 91 14 29 15 50 10 20 2 45 16 69 8 76 9 14 6 62 5 15 12 15 0 96 19 97 
15 16 3 47 2 98 7 72 5 23 16 80 11 99 4 34 9 15 14 27 17 57 8 45 13 52 1 22 10 27 18 78 12 32 19 42 6 40 0 22 
4 5 13 3 6 99 10 9 17 84 1 99 3 94 19 22 15 19 9 76 14 86 8 14 18 69 2 81 11 91 12 9 16 1 7 45 0 7 5 29 
8 25 17 98 15 80 7 57 16 82 12 4 9 86 14 21 3 83 1 80 6 94 19 65 2 44 10 87 4 46 0 74 13 87 5 86 18 11 11 75 
10 63 6 96 3 23 8 95 14 99 18 6 19 94 12 5 0 92 4 87 9 82 2 17 13 59 15 36 7 60 11 97 17 12 16 48 1 30 5 32 
8 79 10 79 5 94 14 54 2 76 15 73 17 16 7 14 11 37 6 5 4 85 12 12 3 94 0 43 19 32 16 63 1 88 9 25 18 22 13 49 
16 9 13 30 8 44 19 33 10 55 14 64 12 96 9 17 15 55 18 9 0 81 4 99 7 73 1 28 11 31 6 4 2 65 5 12 3 19 17 96 
15 84 18 72 2 59 9 49 5 99 1 27 6 3 17 56 13 58 3 46 12 34 8 75 4 48 10 7 0 98 11 46 14 71 7 77 19 75 16 83 
17 45 10 96 7 3 5 20 19 95 15 94 8 21 11 82 1 82 3 67 0 47 13 43 12 12 4 29 9 63 2 20 16 27 14 14 18 13 6 2 
6 65 1 61 9 39 4 99 19 15 14 62 5 34 13 68 7 2 3 22 16 22 8 86 0 1 15 13 18 29 17 59 2 50 10 74 12 48 11 61 
13 38 11 44 10 4 15 73 3 79 5 1 8 23 9 67 6 80 18 19 19 60 16 71 0 84 7 88 14 2 2 78 1 60 4 67 12 2 17 87 
19 33 11 65 6 43 18 46 12 60 9 48 17 75 16 90 4 44 0 69 5 6 14 76 13 73 8 24 15 37 1 79 7 54 3 67 2 86 10 85 
16 93 15 13 7 64 14 45 1 35 3 86 9 4 5 50 11 46 10 96 13 59 18 26 6 42 19 20 12 20 2 14 4 48 17 70 0 46 8 62 
0 30 2 94 10 14 14 59 11 56 17 46 18 41 12 41 5 82 8 40 13 92 19 26 9 36 3 65 4 11 1 63 16 42 15 56 7 6 6 1 
15 19 18 99 1 16 11 70 12 37 10 95 7 58 4 53 0 23 3 52 13 21 8 8 19 87 6 95 2 95 5 78 9 26 14 31 16 84 17 27 
17 27 16 25 6 24 3 55 0 52 1 20 7 18 10 48 2 84 13 77 5 76 14 44 18 85 11 49 19 24 12 69 4 26 15 92 9 3 8 67 
15 78 18 54 0 10 7 4 11 34 12 44 2 1 4 54 1 44 3 25 14 64 10 8 13 95 17 3 19 10 9 43 16 17 6 73 8 97 5 27 
14 56 11 29 7 45 8 4 2 52 10 51 9 19 19 28 15 27 3 81 4 65 6 88 13 7 18 85 12 11 17 5 16 89 0 26 1 11 5 13 
16 42 17 5 12 49 5 64 14 27 6 3 13 58 9 99 4 11 7 40 8 60 19 40 3 36 1 3 0 94 15 99 2 93 18 6 11 27 10 41 
0 55 19 1 7 92 16 51 11 22 2 72 13 57 10 85 14 37 8 28 4 21 9 86 18 18 1 89 17 65 5 37 15 45 6 73 12 64 3 23 
8 16 4 99 12 95 13 57 19 8 0 43 18 73 1 79 14 59 16 75 17 98 15 3 5 18 11 81 9 96 10 46 2 30 6 75 7 73 3 71 
14 86 2 70 7 66 12 27 16 24 8 14 5 21 6 89 18 72 1 80 11 1 17 33 9 57 13 89 15 46 4 99 19 45 0 49 3 82 10 42 
4 96 9 29 0 10 10 51 12 16 19 44 2 41 13 24 8 40 14 47 1 37 17 32 16 94 11 86 15 78 3 67 6 15 5 50 18 89 7 92 
1 11 10 34 8 34 9 57 15 84 3 4 7 15 2 10 6 90 0 89 14 44 17 42 18 91 11 75 19 85 12 50 5 8 4 59 16 76 13 49 
0 49 9 7 15 38 6 67 3 61 10 47 4 95 12 21 7 16 1 18 14 24 18 54 13 30 17 22 16 35 11 94 8 54 5 33 2 50 19 24 
8 15 3 18 12 48 17 23 11 57 13 78 6 57 4 14 15 49 2 36 9 89 1 53 19 13 16 72 14 60 10 12 7 12 0 2 5 14 18 5 
5 17 18 98 16 19 3 49 14 12 13 36 7 79 4 21 15 15 0 40 11 75 19 74 10 15 8 20 9 6 1 89 12 8 2 75 6 52 17 28 
12 95 15 82 3 91 7 40 5 99 19 35 1 43 16 5 18 71 0 20 9 78 8 11 4 48 13 99 17 46 14 38 11 69 2 22 10 63 6 16 
11 98 5 47 15 75 19 23 18 87 9 72 8 61 2 72 17 62 16 17 6 49 1 3 3 39 0 30 10 24 4 89 13 47 7 25 12 97 14 29 
2 54 18 2 3 43 19 33 4 45 11 88 1 60 15 66 0 77 14 29 8 49 13 13 9 45 10 15 12 7 16 7 6 42 7 10 5 84 17 61 
11 42 13 81 16 70 0 37 18 7 4 39 9 23 5 1 2 23 19 46 3 17 7 42 8 24 1 6 12 43 15 34 6 73 14 37 10 38 17 50 
9 9 12 1 13 38 8 23 18 4 3 54 4 83 2 53 5 77 19 99 17 14 10 81 15 23 14 78 0 76 1 85 11 23 7 82 6 27 16 98 
13 70 15 72 8 4 14 21 6 59 17 5 7 67 3 52 10 63 16 31 9 88 1 55 2 59 12 19 11 85 18 33 0 89 5 87 19 22 4 19 
7 89 9 2 18 58 10 36 0 35 1 45 17 92 16 13 4 6 11 26 6 39 14 57 13 48 8 38 2 5 5 77 12 30 3 34 15 89 19 34 
11 81 10 23 18 19 6 16 9 60 17 21 7 42 1 22 19 51 8 18 5 10 2 47 14 17 13 9 15 95 12 40 0 96 3 68 16 23 4 40 
12 88 10 25 8 73 3 80 13 51 1 20 16 48 18 61 0 89 14 43 4 97 7 36 17 48 5 68 2 71 11 39 9 79 6 91 19 91 15 57 
14 11 8 58 17 72 18 78 1 25 19 99 2 2 4 75 3 89 11 20 15 79 12 27 6 13 5 34 0 29 7 15 16 78 13 71 9 68 10 57 
17 23 8 73 0 21 7 28 4 3 12 27 19 26 15 77 14 42 2 81 5 97 13 60 10 35 16 95 3 98 11 14 18 49 9 31 1 57 6 19 
4 56 17 25 6 4 13 49 0 22 15 53 2 17 5 90 14 91 8 70 9 97 10 74 11 50 7 1 12 48 3 22 19 14 1 54 18 12 16 25 
14 49 12 59 8 69 0 57 6 61 7 60 19 77 18 18 16 92 5 29 9 96 13 11 2 9 10 98 17 39 3 62 4 55 1 50 15 11 11 79 
5 63 10 27 4 31 19 99 16 17 15 95 14 4 8 59 0 50 11 24 7 10 1 84 12 55 2 55 13 37 6 61 9 77 3 98 18 85 17 23 
19 69 16 49 6 51 11 39 15 98 7 45 0 53 8 35 5 65 1 74 3 29 17 8 14 38 4 46 18 22 9 43 13 61 10 90 12 74 2 9 
13 3 5 65 16 98 10 94 6 12 8 78 14 70 9 9 7 54 11 16 17 46 18 84 4 98 19 52 2 36 3 71 15 46 1 43 0 61 12 38 
6 95 0 38 19 34 8 27 9 34 14 2 18 35 7 41 15 63 16 45 3 23 1 33 4 79 17 56 13 90 10 47 2 32 5 8 12 20 11 81 
11 99 16 70 19 60 9 47 6 73 17 51 1 3 5 41 10 3 4 94 2 61 8 63 18 53 14 83 3 37 0 79 12 62 7 51 15 48 13 26 
19 1 6 30 12 92 15 49 16 22 4 59 13 38 5 49 17 83 11 25 9 38 3 99 7 64 14 16 2 76 18 99 10 80 0 98 1 91 8 36 
8 53 1 65 7 71 6 9 16 77 10 65 15 54 4 46 0 12 14 91 13 77 19 8 5 63 11 76 17 24 12 27 3 20 9 27 18 87 2 88 
3 43 8 14 19 94 5 88 6 62 2 47 9 79 11 36 16 4 13 66 17 42 14 39 1 93 4 52 7 50 0 62 15 43 10 90 18 24 12 13 
14 85 12 83 7 66 5 68 11 59 10 90 16 82 19 6 0 29 17 4 1 84 6 75 9 76 4 26 13 67 15 32 3 76 8 25 2 14 18 7 
11 87 6 81 7 27 8 4 14 97 2 75 17 40 4 1 3 57 5 82 12 1 15 71 18 11 9 50 13 51 10 43 0 58 16 55 1 38 19 16 
0 94 8 48 6 95 3 99 13 8 16 77 10 49 1 25 14 18 11 74 19 67 9 61 15 93 5 94 7 80 18 15 2 3 4 13 17 64 12 69 
13 55 18 46 6 96 3 26 17 97 0 1 5 55 12 44 10 99 4 70 7 70 16 81 11 97 9 92 19 59 1 73 15 8 8 38 14 92 2 70 
17 94 12 38 2 73 3 89 0 58 9 90 13 28 16 43 7 1 5 19 18 24 14 32 4 11 1 86 19 78 8 9 11 33 15 63 10 54 6 6 
19 32 5 80 3 96 9 98 6 44 14 25 16 18 2 10 17 35 11 95 13 18 8 94 0 63 15 83 4 63 12 84 10 19 7 19 18 75 1 55 
19 31 16 69 12 67 13 78 2 36 11 75 14 28 4 3 10 6 9 55 1 95 6 37 17 25 15 31 5 95 0 2 18 26 3 25 7 68 8 75 
13 58 0 6 18 38 1 15 4 16 5 71 9 92 10 3 12 60 17 6 11 80 16 75 7 17 2 47 15 57 6 31 3 62 19 74 14 14 8 62 
4 58 18 2 5 7 9 34 13 39 11 34 15 58 14 47 10 26 7 13 16 34 8 64 3 82 6 75 12 7 19 59 2 92 1 42 17 50 0 52 
16 83 18 53 6 5 5 46 10 25 12 51 14 72 9 77 2 5 13 43 3 70 8 49 4 92 19 11 7 31 15 48 11 87 1 28 17 8 0 23 
13 54 9 35 12 9 18 72 11 16 7 67 5 70 8 53 1 60 6 20 14 34 17 43 15 30 3 60 16 51 4 13 0 39 10 59 19 45 2 15 
12 47 9 28 16 18 2 82 14 4 13 22 5 35 1 83 4 52 8 43 0 55 7 90 17 76 3 17 6 14 15 59 19 40 18 73 10 20 11 20 
10 15 7 85 4 96 1 16 14 37 8 23 17 14 3 12 2 30 13 58 6 21 12 51 0 41 11 27 15 9 18 20 5 77 16 49 9 38 19 70 
7 37 10 54 8 30 4 87 19 52 6 42 9 81 0 66 1 96 5 55 15 35 18 75 12 70 11 71 2 16 13 40 16 74 3 60 17 56 14 56 
18 62 15 86 19 65 0 37 9 63 3 98 5 2 11 95 1 86 2 9 16 60 6 33 14 2 4 29 10 42 17 28 8 75 13 79 7 64 12 7 
19 74 4 58 1 80 17 82 15 27 12 10 10 67 18 94 6 79 7 51 3 25 13 79 11 12 9 52 8 56 0 56 2 73 14 11 16 91 5 95 
16 8 13 46 2 47 11 47 5 19 4 80 17 49 9 3 19 2 8 65 15 77 18 36 6 83 1 66 10 44 14 83 7 47 0 20 3 98 12 99 
4 54 10 7 7 35 2 15 5 7 9 92 6 39 0 73 1 95 3 82 11 80 8 63 12 68 14 54 15 99 13 42 18 39 16 3 17 4 19 16 
19 35 18 47 9 24 4 53 17 14 6 8 1 55 5 93 10 31 16 52 3 62 12 47 2 80 13 59 15 14 11 37 0 16 7 8 8 83 14 98 
18 55 11 85 14 21 4 87 3 91 19 41 8 30 10 20 15 39 6 39 2 3 7 66 13 54 17 52 0 22 5 57 1 1 12 55 16 79 9 95 
0 50 2 98 19 74 12 34 7 85 18 55 6 30 1 42 8 39 13 55 10 73 5 77 16 53 11 13 9 47 14 24 15 26 4 21 17 68 3 18 
16 6 13 61 5 57 15 92 0 50 18 90 9 84 4 45 12 56 10 65 14 38 3 71 11 30 19 14 8 21 7 24 1 11 17 16 2 98 6 19 
11 89 8 40 4 65 2 76 5 78 0 46 19 90 9 39 14 72 15 32 3 12 17 77 1 75 18 55 12 89 10 23 7 89 13 26 16 98 6 81 
16 10 19 35 11 49 1 63 7 58 17 5 10 14 2 95 5 59 14 57 8 58 4 13 13 50 12 96 0 77 6 90 3 44 18 40 15 58 9 65 
18 86 15 32 17 16 19 59 1 45 2 26 5 99 3 6 16 35 7 85 0 88 9 31 13 47 4 60 10 19 12 99 14 61 8 68 6 63 11 65 
4 91 19 84 1 60 17 47 14 44 5 72 9 35 15 93 3 60 7 92 2 94 13 68 16 59 10 18 12 1 0 28 6 58 18 25 11 93 8 97 
19 79 10 84 12 87 1 71 14 26 2 34 0 40 11 84 18 8 17 39 13 55 8 85 5 68 4 21 9 29 7 69 15 13 16 17 3 27 6 42 
16 64 12 68 18 39 2 59 17 51 14 47 3 1 19 43 8 25 9 25 0 51 5 85 13 19 10 32 15 58 6 68 1 83 4 54 11 21 7 21 
16 59 18 94 2 10 13 78 4 49 19 93 9 39 11 83 0 81 6 90 14 35 7 96 1 40 8 46 15 47 5 36 10 30 3 14 12 34 17 77 
3 96 7 56 9 16 8 51 2 85 16 3 17 19 0 35 4 17 12 1 15 98 5 57 1 88 19 14 6 80 11 42 18 54 13 73 14 45 10 54 
9 8 13 89 3 24 4 64 10 26 5 5 11 31 18 14 0 37 12 79 17 62 6 90 19 13 7 34 1 86 16 1 2 38 14 61 15 22 8 51 
12 41 8 31 15 56 5 35 4 33 11 81 10 13 2 3 16 39 6 66 1 19 18 16 14 86 19 58 9 71 17 11 0 99 13 68 7 85 3 38 
0 39 8 55 3 36 14 46 6 18 4 4 2 61 19 97 17 7 9 53 18 84 13 63 7 93 12 57 11 86 15 32 10 31 16 19 5 89 1 35 
15 84 3 86 5 63 2 31 17 12 16 76 10 34 7 22 14 96 18 50 11 53 13 99 0 66 9 26 6 28 1 30 19 53 8 41 12 80 4 69 
9 9 10 68 18 83 5 43 4 91 6 95 2 74 16 55 3 48 13 17 0 6 14 23 15 64 12 93 11 35 19 97 8 14 1 26 7 64 17 86 
10 84 1 90 17 94 16 1 6 65 5 11 13 55 14 27 15 12 4 47 9 40 11 6 12 67 18 40 7 2 3 66 8 95 19 22 0 53 2 37 
1 15 10 98 12 49 6 13 4 65 14 6 19 75 9 92 5 90 2 57 0 62 18 5 3 59 15 8 11 72 8 53 17 7 13 44 7 27 16 99 
0 39 12 2 18 58 4 76 8 76 2 37 10 62 3 17 11 24 14 36 6 23 19 66 16 23 9 29 15 20 5 77 17 76 13 92 1 99 7 39 
5 83 13 92 6 59 17 15 0 48 10 7 11 5 16 23 7 4 2 29 18 69 19 8 4 71 12 26 15 27 3 47 1 92 14 80 9 24 8 50 
19 47 11 61 14 49 15 87 8 62 4 5 13 45 10 3 16 56 6 50 0 62 9 52 12 58 2 41 17 3 18 34 1 82 7 21 3 97 5 13 
16 12 1 28 13 72 19 42 9 58 15 81 3 23 12 84 4 47 0 69 18 52 17 18 5 44 14 41 11 60 10 79 7 42 2 96 6 67 8 72 
9 70 5 19 7 49 13 31 17 19 16 77 2 66 0 70 18 40 3 60 10 56 15 25 19 67 8 76 12 47 1 94 14 56 4 80 6 34 11 78 
7 46 15 69 2 82 3 42 18 33 14 94 10 97 13 64 6 7 12 96 17 62 19 63 4 14 9 96 16 31 11 45 5 49 0 47 1 89 8 4 
9 97 10 84 12 65 13 4 0 8 11 47 19 3 15 57 5 5 17 35 14 13 7 93 3 28 6 28 4 69 18 12 2 68 16 24 8 88 1 83 
3 58 0 79 16 40 11 47 6 60 14 23 4 28 19 14 17 80 13 8 12 26 18 7 7 94 2 45 15 30 5 98 8 75 10 40 9 6 1 41 
6 31 11 55 13 76 2 80 7 98 17 16 16 3 10 76 0 22 1 13 9 48 19 31 15 9 18 11 8 17 3 25 12 17 14 91 5 2 4 76 
14 91 5 85 11 14 12 77 7 55 3 59 1 24 0 59 10 15 18 19 9 32 13 57 6 77 2 32 15 89 16 75 8 18 17 59 19 41 4 10 
14 26 19 19 12 85 6 20 7 35 18 78 2 33 15 92 8 35 11 67 13 67 16 25 17 42 4 85 0 63 9 40 1 19 5 58 3 6 10 61 
11 50 9 61 15 34 13 57 19 68 10 27 7 48 1 20 0 72 16 50 18 95 3 13 6 34 8 7 5 9 4 66 17 10 12 20 14 33 2 14 
7 41 19 54 11 27 13 62 16 80 18 3 1 76 6 50 14 61 8 38 5 23 9 70 3 29 2 25 10 88 15 71 12 22 17 9 4 72 0 37 
19 19 4 4 9 41 10 80 16 74 12 12 5 6 8 69 11 55 1 11 7 96 2 6 14 2 17 19 13 91 0 87 15 82 18 84 6 75 3 22 
0 93 7 86 3 74 2 14 19 35 1 85 11 53 8 28 16 90 12 14 15 55 6 49 10 59 18 21 4 41 17 3 13 22 5 54 14 35 9 43 
4 98 3 9 8 46 17 96 12 29 18 45 14 78 5 35 9 64 7 17 11 69 1 90 19 65 6 53 15 65 0 6 2 85 16 72 13 83 10 65 
2 1 17 61 18 61 3 82 16 84 12 90 0 84 15 11 8 8 14 87 11 31 7 60 13 85 6 88 1 50 19 69 5 23 9 93 4 23 10 78 
5 90 3 83 4 56 1 45 15 62 12 69 6 89 14 75 7 73 9 12 17 68 10 65 13 15 8 10 2 66 19 63 16 28 11 61 0 63 18 33 
1 53 7 21 16 64 12 63 15 16 2 7 10 71 9 23 17 66 4 94 18 82 19 88 0 51 14 28 13 4 3 73 8 83 11 50 6 1 5 76 
6 30 1 48 2 23 18 8 7 55 5 70 19 45 11 24 14 66 13 89 10 77 0 62 8 80 16 57 12 66 4 12 15 35 9 34 3 40 17 19 
2 69 1 38 19 24 9 82 16 59 18 44 0 4 12 29 15 69 8 53 5 32 7 32 10 81 17 86 4 31 3 79 11 85 6 94 14 31 13 65 
2 80 18 66 15 64 8 54 16 70 7 91 1 34 13 69 19 39 5 14 6 67 14 42 9 69 10 94 11 81 3 41 4 52 17 90 12 10 0 75 
11 2 4 66 3 38 10 68 6 99 12 87 18 60 19 93 9 85 17 5 0 52 15 48 2 68 13 50 8 75 5 37 7 74 14 40 1 46 16 48 
19 43 2 77 1 74 10 38 16 60 17 72 12 77 4 15 7 61 6 79 13 36 11 36 9 6 8 99 14 80 0 52 3 75 15 71 5 36 18 85 
16 58 6 72 8 74 19 85 17 38 14 77 4 45 10 90 3 96 0 1 15 55 9 1 1 61 2 20 12 57 7 58 5 43 13 88 11 57 18 44 
15 47 14 18 11 37 7 42 2 85 6 26 18 62 13 76 19 10 10 44 8 28 16 61 1 85 4 47 5 39 12 49 3 71 9 76 17 81 0 37 
19 27 12 72 10 6 14 67 9 30 5 76 7 98 18 31 11 59 2 3 13 26 6 71 4 15 3 85 16 16 15 92 1 9 8 34 0 62 17 74 
15 89 16 29 18 97 11 84 8 38 5 70 19 50 3 83 17 71 6 14 2 35 7 90 0 58 10 74 9 17 1 60 13 89 4 29 12 87 14 32 
19 73 13 10 10 96 12 77 4 29 6 13 18 26 11 20 0 55 9 86 3 88 16 76 1 48 14 78 2 48 17 11 15 48 7 60 8 82 5 38 
0 71 5 96 3 24 16 60 2 26 18 45 1 73 10 14 9 75 12 51 8 58 14 35 13 17 11 25 6 87 19 47 17 10 15 78 4 93 7 28 
9 11 0 88 6 18 7 16 14 98 10 66 8 32 16 16 12 18 5 17 4 21 19 27 15 64 18 94 11 15 17 96 13 57 2 26 3 42 1 28 
9 24 18 91 0 56 2 47 17 93 7 8 6 32 19 44 8 52 11 67 10 69 14 50 15 97 3 41 16 41 13 32 12 50 1 47 4 80 5 17 
8 2 19 64 3 79 6 56 14 59 17 27 4 74 16 89 5 5 15 10 2 89 11 11 18 15 7 66 0 22 13 57 1 1 10 17 9 42 12 77 
7 33 1 8 17 69 10 21 4 81 3 50 5 11 18 87 13 21 15 1 14 14 8 20 16 63 0 53 6 28 19 72 2 55 12 70 11 93 9 58 
8 28 3 46 15 63 2 33 13 66 5 8 14 80 6 26 1 77 9 69 19 47 11 31 4 41 16 99 12 48 0 60 7 39 10 2 17 86 18 18 
10 87 14 90 17 4 6 42 5 10 19 23 15 25 18 65 9 66 12 78 8 3 2 29 3 45 16 76 13 60 0 5 1 24 11 35 4 58 7 97 
12 81 11 76 0 47 9 80 19 68 7 7 5 79 18 55 6 85 16 73 3 8 17 42 10 93 2 85 13 22 1 74 15 36 14 75 4 63 8 59 
16 22 3 61 0 58 12 68 9 12 14 71 17 3 18 58 1 15 13 72 2 63 15 43 10 10 5 2 6 28 8 97 7 33 19 17 4 66 11 66 
16 76 5 71 15 2 17 51 14 29 9 4 19 79 11 53 2 83 4 54 1 31 3 70 18 67 13 41 10 66 7 42 6 84 8 43 0 35 12 89 
17 32 0 20 8 81 16 9 12 13 5 96 3 36 10 23 2 92 9 60 1 55 19 69 11 78 15 1 14 75 13 88 7 22 4 85 18 27 6 34 
1 54 5 17 18 46 11 45 14 73 12 90 6 60 7 25 0 27 19 4 16 57 8 73 17 45 3 11 13 16 15 81 4 72 10 84 2 29 9 77 
16 4 14 31 10 96 5 6 7 49 18 84 0 61 11 93 4 61 8 72 19 56 9 80 15 94 3 44 6 98 13 38 1 34 12 9 2 91 17 92 
16 26 10 45 0 86 8 61 13 66 15 49 3 33 18 77 17 81 7 24 4 11 11 97 19 11 9 54 1 51 14 52 12 72 2 22 6 53 5 50 
15 65 0 49 18 27 14 6 4 66 8 25 5 59 9 54 17 8 13 69 19 22 16 44 7 7 6 7 11 62 10 77 1 81 3 55 12 68 2 93 
8 87 16 89 18 21 15 42 10 76 1 30 3 83 7 34 13 95 11 78 4 11 19 10 6 27 2 74 9 97 0 86 12 30 17 75 14 33 5 12 
9 14 14 40 19 2 3 11 8 94 4 49 2 9 6 19 0 88 17 66 11 52 5 91 12 49 1 73 15 58 13 70 18 75 7 76 10 72 16 98 
4 94 15 60 0 95 12 10 17 25 3 9 13 90 16 69 5 27 14 18 18 38 1 26 10 33 6 2 9 84 7 32 11 12 8 24 19 7 2 50 
12 52 5 14 19 16 17 34 0 54 11 1 2 61 10 71 1 10 16 21 18 49 6 54 14 17 15 48 3 2 7 17 13 48 9 91 4 53 8 95 
17 71 12 15 11 48 0 49 3 64 8 54 18 93 1 9 4 85 9 17 7 15 16 50 6 78 5 79 2 83 14 18 19 73 15 97 13 64 10 32 
11 36 15 74 10 34 6 53 17 63 14 8 16 42 9 59 4 57 13 61 19 81 18 7 0 57 5 89 1 7 2 46 7 78 3 71 12 45 8 7 
4 42 11 72 9 10 19 63 6 37 5 89 14 36 0 4 8 70 10 77 16 92 1 76 2 49 18 51 17 46 15 78 3 21 12 80 13 47 7 71 
11 36 14 37 17 86 13 19 10 58 15 92 1 48 7 65 8 61 2 71 12 37 19 11 16 69 0 93 3 29 18 72 4 18 6 50 5 57 9 30 
14 57 5 89 0 1 13 15 9 97 3 50 4 78 11 38 6 33 7 46 18 98 16 43 2 32 19 81 8 6 15 55 12 35 10 1 1 70 17 13 
14 95 18 24 13 48 15 1 6 58 8 35 19 78 3 88 1 88 4 27 9 98 17 65 16 91 10 66 12 45 7 86 5 97 11 90 2 86 0 48 
14 50 19 50 2 6 5 99 4 98 10 7 17 79 18 20 15 92 11 17 6 95 0 29 1 81 8 16 16 95 9 56 7 5 3 96 12 73 13 85 
1 78 6 49 5 68 11 49 3 6 8 62 17 6 2 3 10 28 19 60 9 72 18 10 0 52 15 93 14 68 4 52 12 15 16 38 7 85 13 72 
6 89 1 93 19 48 9 47 5 73 18 44 13 65 3 17 7 34 11 79 14 39 8 8 0 90 4 16 10 3 15 84 12 79 2 65 16 62 17 93 
18 38 5 85 13 34 14 8 1 92 16 2 4 44 19 19 7 95 6 34 11 15 12 13 2 39 0 95 10 92 8 32 3 32 17 67 9 68 15 31 
2 62 4 17 10 58 15 24 11 30 19 6 12 90 6 95 14 69 1 96 9 20 18 47 17 6 5 10 0 68 13 22 3 83 7 54 16 38 8 60 
15 34 3 82 13 37 14 26 5 72 19 38 9 74 17 34 8 43 4 55 11 71 7 31 16 6 1 94 0 85 12 44 6 53 18 50 10 52 2 93 
2 4 3 11 4 24 5 98 6 7 7 11 10 34 19 67 8 43 0 7 13 76 17 89 14 6 11 92 15 31 1 33 16 7 9 34 18 26 12 74 
0 24 7 74 1 34 6 36 18 44 16 19 13 92 10 50 8 83 2 67 9 2 14 43 12 45 4 24 19 61 3 76 5 85 17 49 11 70 15 16 
10 24 19 34 7 50 13 30 5 30 8 36 16 29 15 8 2 13 3 52 11 89 6 49 17 95 0 44 12 79 14 80 4 85 1 44 9 31 18 6 
7 87 0 29 15 50 5 3 10 16 4 81 14 68 13 92 6 54 9 81 3 28 2 68 16 32 8 29 11 92 12 86 1 98 17 81 18 96 19 31 
6 67 15 90 0 6 11 51 10 22 17 58 2 29 7 77 5 52 16 11 4 92 19 45 18 91 13 69 3 43 12 86 14 89 1 68 8 16 9 54 
2 76 11 69 7 87 0 44 4 8 14 64 10 88 16 95 12 76 13 18 6 55 19 43 17 38 15 39 18 4 3 61 1 63 5 58 9 52 8 2 
8 65 3 7 10 39 7 33 9 62 6 62 19 19 13 66 0 35 2 85 18 31 17 19 11 87 1 10 12 65 14 51 5 70 15 78 16 80 4 85 
10 8 11 56 12 17 13 72 3 97 17 75 5 87 4 72 2 20 1 43 16 33 15 86 9 10 18 84 14 88 6 12 8 91 7 93 0 22 19 44 
10 38 14 34 13 94 2 43 9 58 6 72 18 84 0 65 15 48 3 66 5 32 19 2 8 16 16 95 7 57 17 36 11 27 4 83 1 3 12 72 
4 32 10 72 14 67 13 27 9 59 19 74 7 62 1 97 0 90 18 51 11 44 6 62 12 67 17 1 5 22 2 7 15 96 16 66 8 46 3 30 
0 15 13 62 5 14 1 55 9 5 12 23 19 13 10 51 14 52 3 49 8 10 16 57 11 50 18 98 6 1 17 90 7 53 4 75 2 7 15 37 
2 83 5 18 9 11 0 24 10 17 18 9 3 9 12 20 16 30 14 58 4 79 15 57 6 82 17 83 8 46 11 51 13 10 19 72 1 33 7 81 
18 57 10 62 12 58 0 61 16 40 6 52 7 65 1 4 15 27 17 63 8 55 9 44 11 56 14 84 4 28 13 40 19 64 3 93 5 92 2 40 
2 6 11 29 8 19 12 86 7 43 14 5 13 63 16 30 15 32 5 58 6 34 0 25 17 45 3 24 18 1 19 52 9 87 4 46 1 7 10 38 
6 72 11 10 3 77 17 65 4 69 1 31 2 48 5 11 18 35 10 21 14 80 8 69 16 20 13 59 7 5 12 68 19 63 15 21 0 81 9 18 
14 52 5 54 15 86 8 32 10 34 7 93 11 64 12 88 13 21 2 13 16 21 9 79 3 77 17 54 18 72 1 84 6 10 0 32 19 72 4 7 
16 34 2 49 12 24 9 91 10 97 4 20 18 14 7 61 3 80 0 62 8 71 1 13 5 32 13 66 19 75 15 97 14 13 6 89 11 58 17 95 
14 14 4 27 19 39 10 71 6 48 12 36 15 67 0 92 13 39 3 81 9 97 17 40 8 3 11 50 18 89 5 73 16 81 2 59 7 32 1 95 
16 88 2 33 11 9 10 27 8 95 7 93 12 53 19 62 0 59 13 99 5 41 1 68 3 56 14 37 17 9 6 63 18 47 15 7 9 25 4 81 
6 78 0 73 11 5 1 97 3 99 10 4 9 90 2 82 5 59 16 85 17 64 18 90 12 27 13 70 14 45 15 63 4 62 19 93 7 24 8 70 
7 18 18 71 6 71 1 52 4 64 8 72 17 1 19 82 2 44 3 51 9 74 10 72 11 86 16 6 14 52 15 77 0 40 12 64 13 82 5 23 
3 8 17 14 15 42 18 72 5 32 16 76 0 90 1 20 7 10 10 37 14 4 11 31 19 87 6 67 9 22 13 50 12 56 8 47 4 12 2 82 
19 21 10 82 14 29 17 98 12 64 13 23 16 78 2 66 9 79 7 76 3 48 6 57 0 12 8 59 1 2 11 41 18 65 5 67 15 28 4 45 
1 58 3 70 16 13 14 50 18 7 8 72 12 33 4 67 19 29 13 11 10 16 7 88 17 75 11 72 2 13 0 6 5 57 6 49 9 4 15 43 
3 94 0 20 15 89 4 62 18 92 19 52 5 34 7 81 14 36 12 58 1 23 11 54 17 34 10 41 13 10 2 66 8 83 9 32 6 28 16 74 
1 62 3 1 16 65 8 41 15 71 10 14 0 89 7 24 2 35 13 19 19 31 14 52 18 11 5 95 12 42 11 23 6 34 17 5 4 46 9 99 
8 78 7 54 6 97 14 96 9 20 18 19 3 90 19 48 10 9 2 49 4 34 12 11 5 10 11 22 16 26 1 36 13 76 17 3 0 57 15 49 
15 95 1 82 7 74 3 50 6 11 9 88 2 31 16 17 19 24 17 91 18 66 10 38 13 35 8 61 12 45 14 54 5 93 0 50 4 87 11 37 
18 99 8 31 6 4 9 62 13 71 12 77 4 40 1 9 19 67 7 50 10 94 2 8 16 86 0 46 11 41 15 52 14 40 5 67 17 57 3 45 
18 63 1 65 2 59 16 79 5 94 7 94 8 43 19 50 6 6 0 91 12 22 10 58 15 76 3 39 14 46 9 68 17 28 11 92 13 75 4 31 
12 48 9 88 3 3 15 19 14 54 6 90 8 96 0 46 1 29 11 46 13 32 19 67 4 76 2 69 17 24 5 55 16 85 7 58 10 35 18 59 
18 69 19 90 1 16 13 66 14 86 11 3 12 53 7 2 3 3 17 3 10 52 16 18 4 74 8 92 9 99 15 64 6 40 2 44 0 26 5 73 
3 83 11 17 8 25 16 43 5 61 7 3 18 60 6 11 4 64 2 29 12 99 14 85 10 68 15 9 0 10 9 39 17 31 1 24 13 1 19 87 
4 22 3 32 9 88 11 43 15 45 14 51 13 41 2 65 17 63 18 37 1 77 8 55 5 44 7 31 10 92 0 61 12 68 16 11 19 91 6 92 
6 77 15 38 14 43 1 25 12 43 16 72 0 4 9 36 18 98 2 33 10 67 11 94 19 86 17 82 4 82 8 71 7 50 3 94 13 88 5 37 
1 67 2 6 13 94 17 9 15 62 3 65 14 50 4 62 5 34 8 99 0 96 12 24 18 11 16 95 7 79 10 1 9 97 11 74 19 41 6 43 
8 77 7 16 15 6 2 98 4 7 18 7 14 6 19 83 10 30 1 98 13 42 0 6 6 53 5 28 11 16 17 15 16 66 12 50 3 45 9 47 
2 1 17 88 3 41 14 2 19 4 9 29 13 63 5 90 8 97 7 91 4 44 18 19 10 6 16 3 6 96 11 3 0 9 15 64 1 60 12 12 
12 59 19 79 18 82 2 50 4 16 13 42 5 18 14 75 6 35 7 8 17 86 16 34 3 70 10 50 11 71 1 54 0 88 8 95 15 62 9 25 
11 73 17 7 9 37 3 9 2 30 12 32 16 22 6 42 1 48 0 28 14 49 4 34 19 37 15 96 5 24 13 22 10 42 8 71 7 31 18 95 
17 74 9 86 8 96 12 13 18 3 3 84 0 25 16 76 11 30 4 19 5 60 7 26 2 99 14 38 19 30 13 27 6 16 10 73 15 53 1 88 
6 40 16 79 17 80 2 8 19 64 14 56 18 31 4 84 8 50 9 66 15 30 10 77 13 18 12 65 0 16 11 71 5 17 7 62 3 52 1 47 
