150 20
2 71 12 99 10 73 3 94 9 49 11 58 13 2 7 57 16 57 4 79 14 35 8 64 6 52 0 89 15 45 19 36 17 95 18 53 5 6 1 28 
1 27 7 39 5 30 8 65 9 76 4 32 11 9 13 32 19 84 0 67 15 71 16 99 6 62 2 43 14 77 17 52 12 9 3 91 18 92 10 91 
14 68 7 76 1 36 18 50 6 50 15 69 8 73 2 21 4 10 9 11 3 44 19 15 5 16 17 36 10 1 13 22 12 85 0 50 16 65 11 63 
13 64 16 17 7 53 0 88 9 63 3 28 1 31 19 20 8 61 14 72 11 95 2 9 10 96 6 23 4 8 12 67 5 19 15 6 18 31 17 46 
8 12 9 85 19 69 10 68 2 75 3 38 5 27 6 3 18 94 16 80 1 12 15 76 12 55 13 69 7 98 4 47 0 86 14 64 11 47 17 53 
9 34 18 48 4 43 17 59 7 78 1 59 14 43 8 81 5 42 11 12 16 26 3 9 13 33 12 97 15 75 0 8 6 72 19 16 2 2 10 29 
7 51 6 92 13 37 14 64 5 5 10 29 2 33 16 38 4 48 18 3 8 80 17 20 9 14 19 53 0 89 3 55 15 8 11 89 12 83 1 83 
15 4 11 93 0 35 4 36 16 33 18 52 5 27 7 48 17 83 2 84 13 12 19 23 10 16 6 82 12 91 8 86 3 93 14 57 1 82 9 99 
19 26 18 86 1 61 5 59 3 29 10 32 4 31 8 44 9 79 6 91 12 32 17 12 2 76 11 30 15 13 13 68 7 92 0 17 16 22 14 28 
5 27 12 31 13 17 0 52 17 25 7 16 6 80 10 74 16 71 2 55 14 11 18 14 11 61 3 58 19 90 4 61 1 73 15 38 9 63 8 19 
3 62 5 41 9 80 4 27 6 19 7 98 10 43 13 55 8 14 16 81 14 75 15 64 19 38 17 70 11 44 12 83 1 72 2 24 18 94 0 72 
4 97 10 56 2 3 1 9 5 6 18 49 13 61 0 80 12 28 16 45 14 71 15 16 6 94 17 15 7 70 11 97 8 19 19 68 9 20 3 16 
13 41 1 57 10 97 12 17 14 7 3 73 6 13 0 8 8 61 11 33 15 92 17 14 9 9 5 15 7 67 16 76 2 70 19 40 18 96 4 98 
15 52 19 83 3 56 5 78 4 64 18 85 2 30 0 88 10 7 8 36 7 6 14 78 11 56 16 39 13 19 1 52 9 55 17 38 12 45 6 44 
7 81 12 16 16 69 14 73 13 83 9 45 2 76 11 13 10 62 15 36 1 44 17 76 6 15 4 12 0 22 19 6 8 23 3 55 5 48 18 92 
13 75 6 1 4 40 5 76 11 79 9 26 8 41 16 19 14 33 1 80 2 30 19 19 3 78 10 60 0 97 15 78 18 2 12 63 7 87 17 88 
16 91 18 36 15 15 5 63 17 18 14 53 0 36 12 90 10 56 7 92 8 37 11 49 6 7 9 52 1 96 13 18 2 82 19 83 4 32 3 47 
13 24 17 8 8 21 0 36 3 81 2 4 5 13 12 96 7 96 6 72 15 19 14 86 4 41 16 46 9 90 19 35 11 52 10 70 18 88 1 47 
9 48 14 28 6 3 1 9 10 58 13 63 5 73 2 98 19 26 16 30 4 14 15 20 8 77 12 89 0 2 18 70 17 14 3 29 7 53 11 17 
11 89 4 80 1 29 2 88 6 3 14 92 9 63 17 96 16 88 8 67 7 73 12 9 5 54 19 52 10 76 15 40 13 79 18 35 3 40 0 99 
7 38 10 61 3 64 17 95 6 1 18 87 0 80 15 49 14 93 9 89 1 29 13 58 2 90 5 68 8 98 12 83 4 2 16 61 19 71 11 63 
11 81 13 66 16 72 8 54 6 30 14 84 12 71 19 68 17 46 4 44 3 68 15 54 18 36 2 23 1 30 5 56 0 96 10 81 7 59 9 45 
13 8 17 18 11 5 8 20 5 21 3 67 18 84 12 15 7 50 16 8 19 72 14 80 0 98 9 4 6 91 1 13 2 48 10 81 15 74 4 40 
10 81 7 69 17 28 2 43 16 70 18 62 3 90 6 60 11 75 14 49 0 76 4 69 9 93 1 29 13 13 5 27 19 96 12 24 15 22 8 60 
6 72 13 72 3 13 1 30 8 35 10 43 2 45 5 75 11 81 7 43 17 72 0 51 14 13 18 51 19 42 4 58 15 32 12 32 9 49 16 68 
4 66 7 8 10 55 15 88 12 51 17 80 18 79 9 77 3 72 16 13 13 49 6 20 2 91 5 36 1 12 14 79 11 64 19 85 0 31 8 93 
6 9 15 72 12 87 10 8 0 93 14 35 13 88 4 24 11 13 5 25 18 8 9 75 8 80 1 37 17 35 2 59 3 25 19 43 7 25 16 24 
9 98 10 91 3 48 5 69 13 82 6 32 2 28 14 35 4 49 15 73 18 88 8 5 0 97 11 25 1 97 16 39 7 19 12 35 17 22 19 8 
10 56 16 74 8 77 1 58 12 54 17 37 7 42 13 45 6 10 15 62 0 27 9 56 4 34 14 27 19 3 11 36 2 49 5 83 3 24 18 6 
17 81 9 1 7 33 10 10 6 76 3 38 19 61 4 13 14 36 1 19 11 91 16 78 13 25 2 51 5 13 15 99 12 26 8 81 18 69 0 91 
16 6 19 68 7 97 10 69 0 72 9 33 12 63 5 60 13 45 15 62 2 21 3 95 14 65 18 36 17 9 8 68 4 42 1 5 6 32 11 95 
8 78 15 70 0 1 13 52 12 39 3 97 19 76 5 34 7 80 1 12 17 56 4 40 9 69 10 19 2 2 6 64 14 13 11 18 18 30 16 98 
18 15 2 41 14 84 4 65 5 15 3 27 0 45 16 22 15 49 11 92 12 8 19 37 17 76 8 43 9 55 10 46 6 41 7 61 13 8 1 37 
19 34 6 98 11 10 10 43 1 57 13 61 7 58 18 95 17 47 5 88 14 86 16 21 8 50 3 5 15 55 0 99 9 19 12 59 2 74 4 86 
7 20 13 63 10 10 1 41 0 9 5 38 19 3 11 78 4 43 3 69 2 41 12 81 17 64 9 43 6 76 16 1 15 57 8 82 14 65 18 11 
13 31 14 50 3 54 11 44 15 26 8 49 17 90 12 61 0 77 4 48 10 79 2 38 7 86 6 13 19 56 9 27 18 87 1 72 16 4 5 11 
8 16 14 93 12 74 1 38 6 14 19 42 18 43 0 77 5 85 13 15 15 82 4 69 9 45 2 67 16 66 10 70 17 42 3 84 7 87 11 3 
5 91 19 73 7 54 6 95 10 23 17 21 14 84 4 71 0 60 8 79 12 29 3 74 11 92 9 53 1 82 2 61 18 22 16 8 13 92 15 6 
15 42 13 60 19 33 1 89 10 88 14 40 7 33 6 20 0 62 2 93 5 13 8 59 3 73 11 13 4 19 18 20 17 73 12 84 9 58 16 16 
11 80 6 58 3 67 8 54 7 68 17 9 15 57 1 36 0 60 14 53 12 94 5 22 4 43 2 7 19 99 10 52 13 54 16 47 18 39 9 78 
12 84 5 22 13 58 11 12 17 78 10 17 16 96 6 19 2 69 19 77 9 67 18 76 7 80 1 61 15 55 3 48 0 83 4 86 8 16 14 27 
4 6 2 80 15 36 5 81 12 72 14 28 10 80 18 8 16 25 7 50 17 20 1 31 9 84 13 98 6 63 3 85 19 76 11 83 0 35 8 11 
0 20 17 16 12 9 8 5 11 18 14 40 2 43 16 25 1 99 13 30 7 37 4 58 10 52 15 75 6 76 9 19 18 94 19 96 3 18 5 31 
4 75 11 23 18 28 14 33 6 16 8 43 15 1 10 67 12 17 1 94 2 93 0 8 3 99 17 95 16 74 7 61 9 28 19 62 5 64 13 59 
10 10 17 14 8 59 1 87 6 31 3 53 9 30 2 48 18 64 7 82 12 7 0 96 5 9 19 55 11 69 15 30 16 30 14 67 4 17 13 94 
11 61 14 60 2 22 19 77 18 4 16 8 9 6 17 71 12 43 1 7 4 49 6 24 10 22 15 72 13 52 3 10 7 16 0 82 5 14 8 96 
1 80 17 72 10 24 16 23 0 29 11 76 8 51 15 48 9 20 18 40 2 49 4 77 6 27 3 97 13 39 5 93 19 20 14 65 12 28 7 23 
8 53 10 50 7 16 18 47 16 21 2 92 13 11 3 52 5 90 12 47 6 58 0 99 15 54 9 81 14 77 1 53 19 78 17 11 11 24 4 51 
2 65 8 74 14 6 18 79 0 49 11 21 6 14 4 45 19 99 17 35 3 89 12 43 9 17 1 31 16 93 7 75 15 3 5 28 10 82 13 35 
0 71 17 39 15 84 14 46 6 57 8 98 1 4 3 79 2 54 11 35 10 24 9 63 7 99 5 12 13 38 12 89 16 64 4 94 18 55 19 65 
8 77 16 99 12 98 15 29 6 59 11 91 0 64 19 62 10 55 14 11 18 42 9 67 13 80 17 95 3 18 1 89 5 84 2 64 7 96 4 91 
14 43 9 64 8 31 7 94 4 77 12 90 18 38 3 58 1 1 15 57 11 31 2 89 19 81 5 24 6 4 17 76 10 26 13 95 16 30 0 57 
18 24 0 19 7 49 12 72 17 68 9 12 6 69 1 24 10 36 16 70 4 76 19 23 11 46 8 12 14 1 2 81 15 5 3 57 13 18 5 45 
1 62 12 75 16 7 4 94 10 13 15 61 7 49 3 96 18 97 13 21 5 69 14 46 17 38 2 73 0 63 11 77 9 91 19 38 6 31 8 76 
18 23 16 55 13 73 9 41 4 21 12 5 7 60 19 25 8 16 6 66 11 16 1 3 2 56 17 2 15 8 0 39 14 91 3 48 5 30 10 68 
14 6 4 2 2 79 15 36 3 65 0 57 13 26 19 50 18 46 5 24 12 8 8 63 1 28 9 10 17 26 10 17 7 54 6 63 11 2 16 73 
0 81 19 51 8 59 13 49 14 7 15 49 16 27 12 59 5 93 11 12 10 34 2 6 17 81 4 55 7 61 6 27 9 80 18 18 3 3 1 76 
9 88 17 70 4 94 5 95 0 10 12 47 3 48 16 78 18 52 14 49 11 80 15 33 1 56 2 31 7 53 8 16 13 43 19 87 10 72 6 34 
1 13 12 40 4 72 11 99 13 72 18 95 17 52 9 25 5 28 15 48 19 17 3 67 7 70 14 96 2 62 16 30 0 11 6 21 8 19 10 4 
11 29 2 31 13 8 5 49 12 14 0 43 9 70 1 31 4 20 18 23 17 91 6 26 19 66 3 30 8 19 14 41 10 69 15 56 7 86 16 60 
5 83 15 51 0 31 14 51 10 18 11 61 19 28 9 95 16 81 13 66 12 38 4 48 18 73 3 7 2 44 7 5 6 2 17 57 1 47 8 83 
14 34 1 20 8 71 7 34 16 44 19 75 10 7 12 49 15 44 18 47 13 70 3 23 6 24 0 87 11 15 2 54 9 61 17 70 5 58 4 50 
16 13 11 82 0 68 8 17 9 12 14 36 18 62 19 99 1 80 7 92 6 49 4 22 17 92 15 37 12 24 10 94 3 81 2 1 5 9 13 45 
18 7 1 58 5 26 6 7 16 70 12 93 7 54 17 56 14 39 3 48 15 93 13 29 11 65 8 37 4 7 9 71 19 81 2 29 0 91 10 34 
1 29 18 15 12 2 5 76 8 33 2 31 14 56 9 58 11 81 15 67 6 80 19 69 13 59 3 9 4 1 0 74 10 19 16 73 17 66 7 41 
18 35 10 3 11 61 1 94 3 4 6 2 13 16 8 28 17 1 15 50 14 45 5 32 19 48 12 89 0 42 2 54 7 37 9 45 4 89 16 88 
9 39 10 59 2 19 14 6 0 94 5 1 7 70 11 90 16 28 17 59 8 83 13 29 18 28 19 85 15 24 4 47 12 33 3 94 1 29 6 35 
8 70 12 82 13 88 10 47 0 25 14 55 15 72 1 20 5 79 18 82 6 33 19 42 7 64 2 91 16 34 9 83 11 87 3 53 4 47 17 38 
3 14 16 90 15 67 1 28 12 41 10 51 7 89 4 23 8 61 13 65 0 14 18 21 6 11 5 11 19 16 11 95 2 86 14 41 17 44 9 70 
0 3 6 32 18 11 10 7 9 20 11 2 5 90 2 73 4 76 17 2 7 52 19 45 13 21 8 13 14 31 12 5 1 31 15 46 3 20 16 96 
6 46 16 27 18 21 14 34 13 1 7 58 2 59 0 8 3 40 11 19 19 51 17 56 8 94 15 12 10 10 1 60 4 64 9 75 12 61 5 7 
5 50 15 11 9 18 10 66 18 70 2 44 16 48 6 89 8 81 14 84 11 37 7 38 12 49 1 84 3 10 13 24 0 94 17 51 19 70 4 86 
9 30 5 3 1 44 13 58 3 34 2 43 4 92 14 37 10 79 11 27 19 50 12 3 0 35 6 67 8 77 17 72 7 64 16 91 15 62 18 31 
15 53 9 14 6 30 1 67 5 55 19 90 18 27 3 78 16 35 11 71 12 8 2 15 10 34 0 73 17 40 7 10 8 66 13 61 4 36 14 48 
2 53 10 37 13 32 6 57 9 73 3 68 16 13 17 76 12 71 11 23 1 77 8 70 14 9 4 3 5 98 18 9 19 12 7 45 15 16 0 24 
13 58 15 93 0 10 7 76 9 33 17 90 16 1 11 96 14 26 2 43 1 10 10 60 5 64 19 94 12 67 8 35 3 47 4 56 18 13 6 39 
1 41 8 60 6 92 16 33 19 77 10 85 11 58 2 17 4 1 5 3 3 24 0 3 13 41 18 16 9 97 17 45 14 26 12 51 7 13 15 38 
19 37 11 56 16 65 0 30 17 9 6 27 12 13 15 18 2 59 1 82 18 79 5 80 13 11 3 7 4 40 14 46 10 74 9 76 8 96 7 43 
18 54 4 98 10 90 3 17 15 34 17 70 13 7 6 97 11 84 7 33 1 98 8 19 0 17 2 77 12 84 9 68 19 55 14 8 16 58 5 46 
10 78 0 3 14 80 18 87 1 61 9 64 11 8 4 67 17 59 3 22 16 49 7 43 5 25 15 24 12 9 19 49 13 1 6 62 8 77 2 96 
14 42 15 29 17 57 2 27 11 23 12 28 10 61 8 92 3 98 19 30 6 52 5 21 0 49 1 69 13 91 16 38 7 18 9 40 18 1 4 21 
15 51 13 82 16 20 0 73 1 12 3 99 19 86 14 26 7 32 18 57 9 21 11 82 10 3 8 11 17 36 6 81 4 29 5 38 2 17 12 16 
11 51 17 86 8 6 7 19 1 29 16 41 13 44 2 94 6 27 15 27 14 51 9 85 18 59 0 41 5 46 3 14 19 45 10 6 12 23 4 97 
7 25 19 97 11 79 9 70 5 6 10 71 0 52 2 5 14 24 16 23 15 24 4 38 1 48 6 82 12 51 13 28 17 72 3 62 18 99 8 69 
5 87 3 59 1 24 16 34 18 97 14 54 19 59 10 5 8 44 12 18 7 71 13 29 2 79 6 48 15 67 9 26 11 19 4 20 17 59 0 24 
9 4 19 29 11 8 12 75 2 35 10 34 3 7 4 8 15 48 18 68 0 98 14 76 7 26 1 50 5 36 16 42 13 14 17 84 8 1 6 30 
9 85 1 23 0 49 11 59 16 89 17 21 15 37 7 63 3 74 4 45 10 23 18 80 19 70 2 59 12 4 6 53 13 89 14 66 5 24 8 93 
11 87 4 94 14 30 5 49 16 28 12 63 19 89 13 60 18 64 0 79 10 47 1 10 15 86 2 33 8 86 17 81 7 61 9 78 6 34 3 97 
5 19 12 88 13 48 18 32 0 25 7 36 2 12 1 69 9 4 4 10 6 23 16 95 10 95 19 84 3 50 11 37 14 1 8 2 15 8 17 40 
3 3 17 24 11 71 6 39 7 61 10 79 1 73 14 97 4 2 8 83 5 79 16 8 2 84 12 38 9 1 18 82 19 43 13 41 0 43 15 73 
15 30 8 92 2 92 13 75 1 72 14 86 18 80 0 82 6 63 19 5 12 25 3 30 17 1 10 20 16 60 4 66 9 57 7 56 11 24 5 7 
14 80 11 18 8 7 2 20 5 99 19 32 4 21 9 4 10 85 12 52 3 86 15 86 17 81 6 4 0 83 7 25 18 70 13 57 1 12 16 76 
15 87 3 63 5 56 14 53 13 1 19 8 0 91 10 96 18 90 6 87 16 86 2 6 1 14 8 42 4 82 7 50 9 98 11 86 17 78 12 58 
13 50 1 79 9 32 11 55 2 77 12 54 18 21 7 34 0 68 3 98 15 65 4 96 10 22 17 39 19 40 6 43 14 96 16 35 5 72 8 31 
13 84 8 69 9 89 18 91 2 48 6 62 5 91 11 82 15 33 7 92 12 55 10 12 17 20 3 31 4 62 19 92 0 58 1 72 16 41 14 46 
9 58 11 32 7 40 2 25 15 86 19 89 8 61 16 32 5 17 18 87 4 81 12 14 6 47 3 70 14 74 1 11 13 13 17 54 0 70 10 55 
15 63 12 71 7 37 6 16 5 92 2 32 0 77 9 69 19 49 16 32 13 59 17 11 4 14 11 28 3 40 10 43 18 99 1 23 14 29 8 14 
16 21 6 41 0 42 11 89 19 44 1 12 10 21 4 59 7 8 18 21 3 47 12 23 9 8 17 68 13 71 15 8 2 21 8 53 14 23 5 40 
15 42 12 85 16 50 19 79 0 16 3 44 7 30 9 95 18 77 5 78 8 37 6 90 13 35 14 94 4 28 11 40 17 68 10 29 2 60 1 83 
4 71 15 83 18 13 16 98 12 92 17 26 1 87 7 62 9 46 3 81 6 20 14 42 0 52 8 81 11 29 5 53 13 24 19 48 2 70 10 36 
3 9 16 34 18 89 17 96 14 93 9 29 19 21 10 4 5 6 2 11 15 30 0 85 13 82 12 74 11 59 6 53 1 42 8 73 4 8 7 66 
5 54 14 87 10 57 15 14 17 42 6 17 19 47 2 49 11 8 9 64 4 89 3 17 12 52 18 90 16 8 7 76 1 58 13 63 8 47 0 8 
15 51 5 1 18 14 10 52 2 42 16 49 19 21 4 91 1 84 7 43 17 74 12 56 0 75 9 91 6 84 11 81 14 53 13 17 3 2 8 21 
9 49 12 93 11 81 10 42 14 49 1 25 19 36 0 43 8 74 16 71 7 9 5 56 3 38 17 37 15 73 13 68 18 70 6 84 4 49 2 50 
15 22 3 46 2 8 16 36 4 20 13 6 10 9 7 63 5 46 17 50 1 28 18 88 0 1 9 50 6 76 14 18 11 30 19 86 8 71 12 73 
12 3 0 75 6 10 18 94 10 99 11 58 13 40 16 41 7 83 8 43 17 70 14 88 1 93 19 51 5 13 15 79 2 90 4 53 3 53 9 58 
5 42 3 45 10 57 1 76 12 20 19 81 13 44 6 79 8 86 16 76 7 29 4 98 15 64 11 45 9 17 0 79 18 91 17 25 14 7 2 47 
6 47 4 30 15 23 0 60 17 95 11 83 1 40 5 89 13 94 8 4 7 80 16 46 10 28 2 60 9 83 12 36 19 24 3 70 14 75 18 38 
19 54 11 38 6 65 17 69 5 69 16 58 7 45 4 89 10 76 8 72 2 94 9 13 12 10 0 66 15 85 3 78 1 52 13 5 14 40 18 73 
3 86 7 24 16 37 5 82 12 8 14 75 4 60 9 18 11 26 1 47 2 2 17 27 19 77 10 2 13 37 6 81 8 99 18 88 15 86 0 78 
11 80 7 16 17 6 4 82 5 79 8 3 14 61 2 35 15 49 13 25 6 70 16 4 0 11 3 54 19 42 1 17 12 55 9 38 10 56 18 4 
15 18 6 26 2 52 9 4 7 78 13 7 11 72 16 18 4 83 8 5 3 23 1 32 17 92 18 60 12 89 14 36 5 17 0 65 10 17 19 27 
2 7 10 92 8 15 11 99 7 47 13 91 3 58 6 45 19 92 16 41 15 24 4 27 1 81 14 38 17 99 9 16 18 41 12 43 0 1 5 64 
3 89 6 86 8 88 17 82 13 31 14 98 15 99 4 72 19 98 9 23 2 37 12 99 7 88 5 47 1 62 16 89 18 8 10 20 0 47 11 50 
6 31 13 42 10 90 14 86 11 64 2 15 0 77 15 66 16 41 8 70 18 86 3 44 5 89 4 77 9 57 12 39 17 38 7 83 19 93 1 99 
17 9 8 64 7 11 15 85 6 69 12 98 1 53 2 53 0 39 16 6 13 10 5 75 9 46 3 55 11 83 18 39 10 10 4 12 19 49 14 78 
9 53 0 77 18 71 3 4 11 30 16 92 14 39 8 42 13 12 4 65 12 2 5 9 10 1 1 8 2 22 19 73 17 18 15 40 7 76 6 82 
4 43 1 20 14 27 13 71 17 84 18 8 19 11 6 12 3 50 7 51 15 31 8 68 10 51 0 60 12 75 11 21 2 17 9 85 16 68 5 5 
18 10 6 22 17 69 15 55 1 45 2 79 0 92 7 17 8 41 9 88 12 5 13 52 11 57 4 38 19 13 16 47 14 97 5 18 3 32 10 78 
17 88 9 41 2 5 11 43 18 37 15 5 0 10 14 83 4 49 12 99 7 73 1 36 5 6 19 97 3 40 8 61 10 74 6 11 16 15 13 58 
15 47 2 17 8 38 3 6 5 16 19 5 13 62 18 7 17 93 0 25 16 46 14 39 12 98 9 75 1 27 7 25 11 37 6 17 4 78 10 72 
6 55 14 36 7 34 3 18 5 54 9 78 15 17 0 67 12 74 17 93 4 62 19 21 1 79 11 62 13 97 16 90 10 40 8 49 18 78 2 25 
15 32 2 41 3 15 19 41 17 80 1 4 6 34 16 92 8 5 5 65 4 20 7 97 9 63 13 97 12 80 14 85 18 75 0 68 11 21 10 32 
16 37 4 50 2 74 13 87 10 9 9 86 11 22 18 84 8 6 17 28 7 68 5 16 15 10 0 96 6 50 12 96 19 29 3 67 14 94 1 31 
4 99 17 22 16 42 1 29 15 20 8 12 14 66 18 61 9 78 2 93 13 36 19 57 7 2 11 44 3 19 5 74 10 92 0 83 6 79 12 8 
13 61 8 57 6 4 11 31 7 59 9 97 18 96 14 32 4 26 2 44 12 9 17 5 0 35 15 74 19 25 1 68 5 25 3 21 10 4 16 55 
3 38 4 93 16 65 12 34 18 67 19 24 2 40 7 81 17 82 0 5 15 60 8 2 14 8 10 78 5 54 1 88 11 19 6 1 9 82 13 56 
4 26 10 76 7 40 11 31 1 78 5 36 6 63 15 18 8 54 14 72 0 57 2 48 9 20 19 85 12 10 3 31 18 10 17 20 16 93 13 20 
1 18 13 69 15 47 2 61 5 47 8 84 12 36 6 56 19 43 17 27 10 58 0 8 7 97 14 92 11 6 16 87 3 74 4 15 9 52 18 29 
0 65 7 39 12 24 16 9 10 46 5 50 17 6 14 97 13 10 1 78 4 90 9 11 19 94 15 30 2 40 6 26 3 47 11 11 8 1 18 14 
12 48 1 13 5 1 3 39 18 62 0 97 9 22 19 97 2 27 4 57 8 22 15 99 11 94 13 22 14 41 17 18 7 2 6 75 16 7 10 9 
13 2 4 87 17 90 19 84 0 34 8 40 6 87 3 49 2 94 18 57 14 97 10 40 7 75 12 24 11 37 5 5 1 11 16 60 15 82 9 82 
8 60 7 4 1 80 9 93 3 99 0 98 14 51 4 17 17 16 16 41 11 71 12 22 6 89 2 12 5 57 13 90 15 52 18 45 10 95 19 82 
15 18 4 88 17 46 9 94 18 17 0 61 7 32 10 72 14 99 13 29 12 6 6 32 8 70 11 89 3 34 16 13 5 15 19 84 1 40 2 90 
15 8 18 28 19 2 0 44 12 70 13 44 16 92 7 50 9 84 2 84 1 38 6 66 4 35 14 76 5 98 11 47 3 22 8 37 10 12 17 41 
1 12 7 48 13 70 10 11 11 61 8 15 14 95 9 29 4 97 6 47 0 92 5 50 16 2 18 91 3 7 19 51 2 91 12 91 17 60 15 12 
4 35 17 31 3 28 6 83 18 92 1 73 2 56 5 55 16 49 15 48 11 76 14 44 7 27 19 42 13 73 9 32 8 9 0 45 10 38 12 36 
18 45 0 54 6 27 17 43 12 19 19 46 7 22 1 11 13 23 3 13 11 50 16 13 4 26 14 71 2 4 9 78 5 17 15 80 10 32 8 55 
19 75 17 80 8 82 11 65 16 18 2 14 3 15 12 89 9 32 18 88 1 25 4 67 14 32 0 77 5 89 7 37 6 33 13 70 15 73 10 81 
16 96 19 83 10 79 18 36 2 71 11 78 15 72 13 74 12 29 0 19 17 79 5 93 4 8 7 51 9 12 6 58 8 65 3 10 1 51 14 86 
5 12 15 85 3 38 8 9 10 48 11 21 19 19 4 55 14 11 13 29 1 34 0 84 6 52 7 74 9 72 18 45 17 16 16 47 2 93 12 95 
14 67 12 86 10 82 1 8 11 78 7 46 18 24 17 96 9 70 15 86 3 37 13 61 19 25 5 21 8 77 4 29 16 58 0 12 6 87 2 79 
15 33 1 85 0 21 16 52 2 23 12 29 11 81 19 44 6 99 14 39 7 19 5 79 8 44 4 32 3 4 17 32 9 87 13 84 18 18 10 27 
13 39 3 60 4 11 9 77 10 76 2 75 11 93 17 90 1 42 18 78 0 60 12 53 19 87 6 44 15 38 7 55 5 81 8 62 14 15 16 86 
16 24 8 63 19 63 2 66 15 33 4 31 12 11 0 91 3 89 1 26 5 84 18 74 10 35 7 24 9 60 6 57 11 79 17 55 14 51 13 87 
13 11 8 8 6 49 4 27 7 80 10 43 15 2 0 97 11 74 2 24 12 36 5 96 19 16 9 50 14 58 16 37 18 74 3 94 1 54 17 58 
5 58 12 37 16 51 13 12 10 81 3 75 19 25 11 97 18 18 9 2 2 87 4 27 7 84 14 20 0 15 6 66 17 77 15 95 8 19 1 53 
3 35 7 10 17 21 16 80 5 48 4 90 2 29 14 80 6 17 10 21 15 88 9 71 12 73 0 3 13 93 18 19 8 86 19 74 1 81 11 75 
10 78 16 11 6 74 2 35 11 21 18 52 14 95 9 6 13 84 4 15 0 70 1 50 19 63 12 29 17 10 5 48 3 73 7 45 15 5 8 97 
9 16 13 65 0 77 16 48 3 3 17 21 5 72 19 11 4 24 10 50 14 4 11 35 1 74 18 82 12 77 15 60 8 18 6 32 2 27 7 98 
