150 20
7 16 12 90 9 13 16 99 11 18 4 83 19 72 13 80 5 39 15 31 8 24 14 41 10 68 2 73 6 85 18 55 1 31 3 99 17 18 0 18 
12 44 16 9 13 99 17 3 0 43 19 91 1 51 15 62 7 72 8 45 10 21 14 54 18 22 9 65 6 35 11 10 3 5 4 68 2 89 5 14 
0 17 6 56 4 48 5 44 14 6 3 51 11 45 18 3 12 95 16 95 2 40 10 40 1 82 17 64 19 70 9 97 8 11 15 92 13 86 7 99 
11 3 16 74 2 99 1 19 4 16 10 47 8 19 13 56 17 41 19 67 14 35 5 15 12 83 6 30 15 3 0 60 18 3 7 23 9 24 3 86 
11 70 12 77 0 85 13 27 15 68 5 68 8 99 6 19 9 54 7 95 19 19 14 45 17 59 1 8 4 76 16 62 10 15 18 71 2 68 3 64 
6 41 10 79 4 40 19 2 18 99 5 37 15 35 17 30 13 43 9 13 11 10 14 8 8 19 3 62 0 71 1 95 12 33 16 63 7 75 2 12 
4 89 14 12 1 5 3 38 16 45 9 34 15 10 11 20 13 75 5 22 6 47 7 54 17 24 8 4 19 71 12 57 18 39 10 68 2 91 0 99 
1 82 17 65 5 49 8 3 14 32 16 88 0 69 19 9 7 88 12 60 15 40 9 42 18 92 13 63 6 23 4 35 11 97 10 54 2 93 3 3 
2 68 11 45 3 68 14 47 13 82 7 97 18 73 0 38 19 28 9 37 4 60 6 26 17 71 12 61 5 39 15 12 8 79 1 52 16 46 10 60 
14 29 5 86 19 76 1 49 7 5 15 98 13 79 8 25 9 68 6 28 10 36 3 9 0 33 2 30 17 40 11 70 4 74 16 45 18 73 12 61 
3 15 4 48 13 21 6 63 17 72 1 2 14 62 16 40 18 24 0 39 15 25 19 12 9 50 2 51 12 76 11 61 7 42 8 29 5 74 10 74 
16 39 19 11 8 60 18 45 2 30 15 76 0 56 9 80 5 90 7 48 6 45 14 93 11 72 3 11 13 53 17 12 10 39 4 62 1 62 12 94 
19 97 17 50 3 37 0 45 18 75 9 32 10 16 13 15 16 37 12 46 2 31 15 54 1 29 11 52 6 22 4 41 5 46 8 8 14 2 7 92 
11 67 6 5 1 15 5 2 16 27 2 36 19 65 18 30 7 28 15 15 9 55 0 86 14 43 10 30 12 18 8 40 13 40 17 18 3 62 4 36 
1 18 11 51 17 5 14 28 18 1 10 40 19 7 12 29 7 23 3 91 5 96 8 52 6 47 15 75 2 34 0 5 13 28 4 16 9 35 16 16 
18 46 17 25 5 91 6 80 2 19 0 5 4 56 19 15 8 89 14 55 16 2 11 36 3 17 15 43 7 33 1 96 13 18 12 31 9 45 10 50 
10 21 12 81 2 29 13 44 5 69 4 49 9 82 19 27 7 86 15 79 1 15 0 94 18 49 8 39 3 24 6 46 16 62 17 34 11 9 14 25 
16 75 18 35 3 11 1 42 13 63 15 74 14 72 8 49 7 7 0 92 9 19 6 7 10 68 19 82 12 35 2 7 11 77 17 42 5 47 4 91 
11 89 10 97 4 1 5 72 8 33 3 7 16 32 9 61 15 52 7 37 19 42 17 94 1 77 18 39 14 11 12 35 0 21 2 62 6 76 13 46 
10 28 0 92 14 71 9 33 15 10 17 26 11 31 2 33 16 61 18 54 4 52 13 93 6 59 3 11 7 2 8 49 12 12 5 74 1 92 19 81 
0 66 15 24 17 71 2 31 12 81 9 73 8 57 14 50 3 85 18 3 5 83 16 45 6 4 11 46 10 54 13 22 7 39 1 26 19 56 4 85 
19 90 8 95 14 8 11 44 3 40 15 44 13 34 16 52 7 35 9 60 6 77 5 55 1 52 4 88 0 91 17 32 12 83 10 96 18 31 2 91 
15 54 8 26 13 53 0 16 1 1 6 54 16 19 14 77 9 16 7 18 18 6 11 26 12 75 10 25 3 40 4 10 5 13 19 47 17 45 2 82 
19 3 12 91 18 99 16 42 7 52 9 40 15 28 6 63 2 63 4 77 11 59 10 20 13 16 8 92 1 36 17 73 3 41 14 23 5 56 0 19 
9 27 5 75 13 4 11 55 7 1 16 62 4 91 19 95 10 89 6 99 1 88 14 62 15 59 12 65 3 82 2 49 8 88 0 53 18 38 17 30 
12 79 17 68 14 29 19 20 5 82 6 45 13 58 16 3 1 94 4 59 18 5 2 28 15 53 9 1 10 63 11 38 3 82 0 20 8 78 7 49 
18 56 17 35 7 76 5 13 15 55 3 58 8 52 0 32 4 55 2 29 13 44 6 86 1 23 16 83 12 93 11 57 9 41 10 49 14 46 19 32 
15 84 16 75 14 89 2 98 10 46 19 42 7 77 18 75 13 64 11 13 6 60 0 76 9 40 4 47 17 5 1 1 8 96 5 94 3 29 12 97 
0 97 13 48 3 93 14 19 2 12 6 46 7 83 11 57 18 87 8 69 16 97 4 47 15 94 1 39 9 99 10 5 12 98 17 80 5 87 19 72 
9 41 3 38 13 26 12 16 18 95 10 48 1 77 17 80 7 73 8 37 11 86 15 41 4 92 2 58 0 7 6 20 16 88 14 82 5 98 19 68 
15 90 3 19 0 71 5 46 18 15 8 62 14 52 1 88 10 3 12 56 11 65 9 97 4 72 17 28 16 49 7 70 13 63 19 8 6 65 2 10 
15 34 5 98 6 36 4 69 10 63 1 48 12 87 16 49 9 75 17 66 0 78 2 64 14 40 7 20 18 10 8 38 3 52 11 33 13 97 19 35 
16 69 18 30 5 64 1 82 3 54 14 98 2 64 15 43 8 53 7 24 6 58 17 49 13 6 19 26 9 44 0 75 10 87 4 14 11 64 12 37 
2 84 9 94 8 82 12 76 0 42 13 24 14 6 3 13 6 52 7 27 16 42 15 18 11 76 17 74 10 67 18 11 19 80 4 5 1 10 5 32 
2 60 0 52 8 74 10 54 17 62 4 81 5 44 15 16 3 52 13 18 14 42 12 73 6 9 7 33 18 96 9 80 11 47 19 62 1 61 16 83 
18 99 17 48 13 68 19 3 2 39 1 33 4 31 15 62 10 7 3 84 14 71 8 12 5 68 16 60 0 52 7 93 11 97 9 69 6 48 12 47 
5 20 17 78 11 5 0 26 12 55 8 5 1 36 16 35 4 32 13 56 14 96 2 53 3 31 19 12 10 27 7 6 9 96 6 29 18 40 15 71 
1 25 5 30 4 43 16 64 6 72 9 22 11 94 13 8 3 55 7 73 8 67 18 55 17 10 19 7 12 56 14 13 0 89 2 12 15 48 10 41 
10 5 14 79 4 90 7 42 18 91 8 10 19 23 12 77 6 47 13 92 17 8 2 49 11 49 15 68 16 69 0 36 3 17 5 27 9 98 1 72 
15 25 8 1 1 21 19 52 3 94 11 44 10 54 12 49 0 56 18 56 9 94 14 94 2 60 17 91 7 28 16 96 5 97 6 2 4 88 13 97 
6 47 4 78 12 80 3 73 11 82 18 65 0 20 8 43 1 52 16 98 2 84 7 78 15 4 5 49 19 92 10 60 9 94 17 39 14 94 13 73 
5 25 15 16 19 91 17 29 1 95 18 71 0 38 2 84 14 73 11 69 16 66 4 98 8 88 6 19 9 83 13 13 12 28 3 22 10 24 7 87 
4 72 6 40 3 40 9 86 1 22 8 33 18 56 19 29 14 64 2 62 17 81 0 42 16 16 5 65 10 66 12 83 7 29 15 32 11 30 13 34 
16 56 11 46 4 27 15 79 5 18 17 52 0 26 18 32 1 50 2 54 6 35 8 56 12 89 14 70 9 92 10 21 7 87 3 42 13 32 19 83 
2 33 3 66 18 60 9 47 19 19 17 28 14 77 7 22 10 15 13 63 0 49 8 28 1 92 16 40 4 24 12 77 5 9 15 25 6 92 11 28 
3 95 1 33 12 29 9 28 10 15 7 41 13 68 17 44 4 44 19 38 11 75 5 91 6 70 0 53 14 72 18 17 8 46 2 79 15 92 16 82 
8 34 7 83 13 12 1 85 10 51 4 95 12 34 16 97 11 13 0 98 2 21 15 93 17 57 19 65 9 10 3 24 5 82 18 69 6 75 14 36 
10 51 15 11 6 93 16 96 17 50 12 47 19 68 13 30 9 36 2 95 3 55 5 60 0 5 18 36 14 73 11 48 4 89 8 18 7 31 1 90 
5 44 19 53 3 78 8 18 17 40 12 3 18 26 4 22 0 49 13 74 11 4 15 1 6 52 10 76 1 67 14 69 9 68 7 2 2 13 16 8 
5 65 17 1 16 35 19 76 12 55 15 63 0 44 1 3 3 21 2 64 9 69 13 79 6 15 18 26 8 31 11 9 10 86 4 68 7 76 14 78 
4 91 18 64 9 84 17 81 10 32 15 79 13 48 0 18 8 52 1 89 16 76 7 62 14 60 6 79 3 56 11 8 12 39 2 29 19 58 5 81 
6 53 19 26 15 53 12 60 13 10 1 34 3 68 16 43 7 46 5 49 9 23 4 40 2 52 11 90 18 61 8 39 14 24 0 80 17 76 10 6 
14 36 6 69 4 50 1 3 13 24 16 58 11 18 12 62 3 30 8 20 0 92 2 98 15 13 5 94 17 91 7 75 10 52 18 1 9 13 19 73 
3 16 1 49 8 15 4 46 0 51 6 42 17 14 14 60 13 1 12 15 5 4 11 66 10 29 2 81 9 13 18 67 19 93 7 44 16 59 15 87 
8 29 12 54 7 87 14 1 15 83 11 28 13 26 18 17 16 26 19 15 4 77 1 92 9 64 3 77 6 43 0 60 10 7 2 28 17 71 5 55 
11 30 7 67 3 47 15 80 8 57 9 65 4 44 16 33 2 33 1 22 12 33 0 20 19 24 18 25 5 69 13 88 14 37 6 56 10 96 17 90 
8 7 13 14 19 4 0 21 11 50 14 50 17 52 4 23 9 52 1 95 6 50 16 42 3 20 10 79 7 80 18 47 12 45 5 34 15 8 2 89 
8 14 2 44 14 79 9 92 16 81 12 1 19 57 5 58 4 22 10 67 15 98 7 69 17 23 13 50 18 52 1 61 6 80 3 96 0 53 11 14 
3 54 18 23 17 16 13 95 5 22 16 52 10 95 14 27 1 99 2 11 4 21 7 71 12 57 0 59 6 96 11 42 19 8 8 77 15 94 9 21 
15 17 8 39 14 77 2 85 4 79 7 58 0 25 11 79 3 86 18 5 1 60 6 62 5 42 12 71 17 61 13 58 10 8 19 40 16 40 9 27 
5 98 17 82 15 66 6 51 13 28 1 95 3 75 19 15 4 23 10 86 16 65 8 84 0 94 11 51 2 6 12 7 18 30 7 23 14 94 9 69 
9 24 7 89 4 82 13 5 14 4 6 19 19 44 0 78 15 79 11 10 2 95 10 36 1 11 17 76 16 86 5 51 18 46 8 99 12 39 3 59 
5 93 2 60 9 96 19 19 15 32 0 8 7 7 14 4 13 7 11 26 6 97 1 42 18 50 10 62 4 50 17 73 16 73 8 20 3 26 12 93 
5 51 17 39 18 24 3 11 12 56 14 68 4 10 2 31 1 20 16 76 11 37 7 95 13 76 6 72 9 29 10 92 8 71 0 72 15 95 19 30 
4 3 18 7 9 78 2 9 16 43 7 45 6 12 10 3 1 40 5 90 8 59 17 27 0 52 11 35 15 72 14 23 12 89 13 11 19 75 3 83 
10 97 4 60 12 79 18 42 6 46 0 17 7 75 3 48 16 65 1 39 14 11 11 17 5 23 17 4 15 83 2 47 8 14 9 41 19 56 13 66 
0 33 2 93 8 83 18 43 4 94 13 8 3 8 6 10 14 80 19 14 11 42 9 92 5 38 1 81 10 72 12 19 16 14 15 94 17 19 7 36 
16 99 10 97 2 44 12 12 6 24 7 64 3 93 4 38 18 4 15 63 19 50 11 55 9 7 0 68 8 91 1 35 14 18 5 15 17 72 13 36 
13 72 9 38 18 98 12 42 2 16 8 12 0 19 17 61 4 86 7 22 10 32 1 95 14 3 3 17 5 61 15 14 16 71 19 47 6 84 11 9 
3 74 14 87 10 63 7 72 12 41 15 75 6 53 5 20 8 12 11 87 1 82 19 3 0 42 16 68 2 92 17 40 4 14 9 62 18 32 13 36 
6 58 10 88 0 68 16 57 1 81 3 58 8 18 7 10 2 11 13 82 11 66 19 85 18 53 14 90 5 75 12 74 4 2 15 49 9 74 17 75 
18 67 0 7 7 5 17 83 3 59 8 90 12 18 1 54 15 51 2 23 4 2 5 92 6 12 9 38 19 92 11 19 14 47 16 71 13 24 10 70 
19 53 13 29 4 72 10 82 7 58 12 42 14 3 6 92 11 23 15 86 1 25 2 80 5 15 18 49 3 32 9 46 16 15 8 67 0 51 17 61 
14 34 13 42 9 86 1 90 5 11 11 72 4 97 12 18 19 60 0 18 8 96 18 72 16 76 7 25 3 30 17 67 2 54 6 98 15 27 10 88 
7 81 10 26 5 69 19 53 6 22 17 84 16 39 2 99 3 84 0 88 13 51 4 22 18 98 15 39 11 73 1 36 12 11 14 78 8 99 9 96 
11 8 18 22 10 96 15 7 5 15 2 17 14 33 6 43 16 75 13 69 1 27 9 91 12 58 4 38 3 95 19 34 8 42 7 53 0 2 17 6 
13 31 4 89 19 19 12 38 18 5 1 1 8 97 7 76 0 77 3 68 11 11 2 8 6 9 17 91 10 90 5 70 16 10 14 15 9 89 15 41 
16 69 3 43 17 34 8 54 5 36 9 54 10 97 12 30 14 2 4 43 2 3 13 14 6 4 15 1 19 13 1 57 0 49 7 75 11 71 18 89 
19 48 6 33 14 68 7 94 10 11 9 40 4 62 15 33 18 71 2 54 0 39 8 11 3 54 13 32 17 11 12 68 11 38 5 44 16 3 1 51 
16 27 8 17 7 5 10 68 1 3 9 94 17 25 5 97 12 5 11 79 19 32 18 15 4 6 14 51 0 53 3 81 6 32 13 74 2 93 15 47 
7 48 8 84 4 29 13 74 2 37 15 87 6 85 0 88 10 40 5 96 17 44 14 91 16 13 18 18 12 33 11 28 3 54 9 85 19 82 1 23 
4 2 15 82 2 70 0 62 16 77 17 84 10 59 11 84 5 76 7 95 6 94 18 23 9 91 13 24 3 79 19 21 1 77 14 76 8 3 12 58 
12 77 17 86 0 31 5 61 14 88 18 30 8 8 1 73 4 53 6 34 7 34 9 80 16 64 3 38 2 88 11 6 19 63 13 7 10 24 15 52 
16 76 3 85 1 23 19 60 10 55 7 52 11 99 17 17 0 50 18 75 8 4 2 83 6 13 12 20 9 75 13 83 15 17 5 79 14 82 4 68 
16 25 15 14 0 69 4 24 1 98 6 9 19 36 5 11 18 35 17 13 3 82 8 27 11 71 10 23 14 95 13 43 2 73 9 47 12 55 7 47 
12 13 13 31 17 58 14 39 0 51 11 56 18 89 19 11 1 13 15 92 16 51 5 29 7 86 4 58 2 61 10 89 3 94 9 64 8 82 6 56 
0 53 9 60 16 49 15 62 8 35 18 65 2 34 5 1 4 86 7 86 10 84 13 80 3 74 19 98 17 42 11 87 14 5 6 90 1 87 12 25 
18 20 12 26 3 37 6 69 7 1 13 51 16 17 5 5 15 2 8 59 10 13 0 18 19 4 11 7 14 79 4 90 2 49 1 25 17 68 9 74 
14 43 12 68 0 19 19 1 16 88 7 55 11 84 17 53 2 55 1 62 9 4 15 53 18 14 4 19 3 87 10 73 8 56 5 64 13 10 6 73 
3 93 19 78 0 17 6 33 12 84 17 15 1 84 11 3 4 2 8 68 16 10 14 22 18 39 2 8 7 5 9 27 10 31 15 35 13 58 5 37 
4 92 17 92 7 41 19 11 3 41 0 50 12 26 13 93 9 45 15 46 2 76 6 79 10 12 18 20 8 67 16 41 5 70 11 48 1 51 14 40 
16 35 12 8 6 87 11 37 5 46 0 2 8 93 9 26 4 87 10 97 19 1 2 49 7 33 15 29 3 82 18 79 13 96 17 13 1 53 14 44 
17 47 1 44 14 26 12 41 0 62 11 15 8 97 10 75 18 56 16 6 6 91 3 23 15 82 13 38 9 4 7 98 5 1 2 1 19 2 4 18 
13 49 1 41 14 77 3 8 16 63 12 11 0 81 10 93 11 78 2 89 7 43 5 9 18 54 17 2 19 29 8 11 6 38 4 91 9 29 15 67 
3 31 17 10 8 34 15 57 18 86 4 24 16 22 14 73 1 97 19 77 6 14 5 52 13 54 10 90 11 35 0 16 2 17 7 79 9 74 12 48 
6 8 12 38 17 87 8 72 15 38 16 27 19 33 9 81 4 73 2 42 18 75 13 86 0 2 14 66 11 12 1 89 7 70 10 11 3 85 5 17 
9 7 1 58 15 14 11 16 13 7 4 70 16 92 8 97 18 36 19 17 10 45 7 67 3 89 0 25 6 24 12 76 5 69 14 54 17 36 2 74 
17 19 1 60 2 81 12 79 7 80 14 86 0 23 9 55 8 46 3 83 18 69 6 97 5 74 16 85 4 97 11 58 10 46 15 33 19 44 13 9 
13 81 6 45 19 97 1 87 15 13 8 1 18 2 3 8 9 56 7 84 0 5 11 95 5 91 4 97 14 82 10 35 12 78 2 1 17 68 16 31 
6 12 12 1 1 33 10 79 16 70 2 39 5 99 11 43 8 95 9 50 18 39 7 9 0 15 3 90 4 58 19 45 14 13 17 34 13 44 15 75 
1 30 12 73 14 22 19 41 13 98 7 64 11 85 16 50 2 23 4 29 9 77 18 18 17 25 10 68 6 55 15 37 3 97 5 3 8 77 0 40 
13 74 1 8 7 64 19 96 17 2 12 61 14 77 8 79 3 7 0 82 9 6 18 87 15 58 4 10 10 86 11 6 16 38 6 83 2 50 5 75 
11 53 14 93 2 48 19 44 13 9 3 63 1 73 4 35 18 47 15 79 5 38 8 64 0 15 17 6 10 27 6 79 7 23 12 10 9 30 16 62 
17 71 16 94 8 23 18 5 1 55 15 21 3 98 5 47 0 92 19 77 14 11 9 90 11 15 10 25 6 99 12 76 2 8 4 53 13 20 7 47 
6 57 16 12 17 91 14 1 2 51 0 21 10 63 19 16 13 91 8 40 3 91 4 15 9 4 7 84 12 37 18 32 1 23 15 61 11 91 5 80 
3 8 15 24 7 94 2 77 4 56 17 43 5 76 10 56 11 85 1 66 19 59 12 53 18 70 8 89 16 25 6 66 0 97 9 63 14 43 13 13 
9 49 7 4 5 89 19 25 12 88 15 53 17 91 0 23 4 7 16 8 8 7 10 33 18 64 13 89 3 8 6 76 14 70 11 95 2 75 1 46 
0 39 2 65 5 21 1 10 18 84 6 58 8 93 14 76 17 77 13 52 12 79 4 30 10 67 19 64 9 64 3 91 16 19 15 92 11 54 7 20 
9 78 15 25 6 49 14 34 13 68 12 53 7 74 5 64 8 72 16 96 4 82 10 98 2 31 19 60 11 5 3 22 1 54 0 75 17 51 18 87 
19 32 3 26 11 3 1 64 16 86 13 23 6 70 2 12 14 63 17 37 15 51 0 54 5 29 4 90 12 54 7 54 10 23 18 42 9 7 8 46 
19 16 12 6 14 23 15 12 1 41 6 86 18 79 3 69 8 66 16 74 4 23 11 25 0 79 2 5 9 1 7 77 10 89 13 6 17 78 5 30 
6 27 1 54 4 62 10 44 15 61 13 92 14 89 7 91 16 16 19 43 0 5 17 47 3 32 12 40 11 39 5 50 2 24 9 98 8 69 18 6 
8 76 13 90 2 94 10 37 3 68 0 21 15 61 16 28 7 23 12 91 9 1 1 11 11 70 18 89 19 92 4 3 14 26 5 23 6 78 17 20 
10 97 5 98 18 58 1 49 19 53 13 93 2 62 3 54 11 16 9 40 17 43 0 17 7 78 14 98 12 98 8 66 4 26 15 20 16 86 6 49 
3 60 0 89 11 81 18 4 19 95 6 30 2 2 15 30 13 92 7 78 10 5 12 43 8 70 16 46 4 62 5 14 9 45 14 12 17 27 1 87 
0 3 17 79 11 80 14 75 8 22 7 8 12 30 13 43 6 16 9 1 16 17 19 56 15 11 18 30 2 35 1 70 5 56 3 2 4 76 10 40 
0 76 13 15 4 48 10 70 19 15 12 77 6 63 3 58 18 14 17 38 9 32 16 35 11 93 8 96 14 61 1 62 15 22 2 53 5 68 7 61 
17 67 8 15 7 87 0 98 16 83 10 97 15 86 5 86 18 94 13 41 9 93 2 36 3 86 4 5 14 72 11 3 6 76 19 90 12 1 1 96 
5 71 2 59 11 19 8 90 15 82 7 80 0 64 12 40 3 83 4 60 14 32 1 75 16 22 10 66 9 4 18 60 13 48 17 60 19 91 6 48 
17 56 1 44 4 9 12 66 9 54 11 69 19 46 13 97 0 95 5 40 10 43 8 20 6 35 7 84 16 2 15 57 2 17 3 67 18 50 14 62 
1 68 12 70 19 15 2 20 0 96 5 59 17 49 13 13 10 85 18 9 4 84 11 79 16 46 8 98 9 22 14 60 15 48 7 18 6 26 3 34 
9 48 7 28 17 74 10 56 8 72 19 82 15 42 0 35 3 35 18 54 16 61 13 83 5 85 12 69 2 30 4 31 11 92 6 21 1 89 14 20 
5 52 6 90 17 35 18 20 9 24 16 63 14 21 10 32 2 82 19 8 13 40 12 91 0 17 1 90 15 68 8 29 11 24 4 59 3 65 7 58 
9 93 6 55 7 85 11 16 16 31 14 33 12 86 15 44 19 35 13 80 18 85 17 60 3 53 5 15 4 60 1 64 8 41 2 81 0 65 10 10 
10 91 19 5 13 19 3 38 7 29 12 14 18 39 14 64 15 62 9 21 8 33 2 79 5 19 0 45 17 60 11 78 6 33 4 54 1 59 16 7 
17 56 1 66 12 2 9 79 16 93 5 43 10 52 13 96 19 83 18 88 8 87 15 1 7 31 3 73 14 30 2 41 6 40 0 22 4 52 11 84 
10 74 9 85 6 66 1 83 2 78 19 51 7 93 15 42 16 84 18 21 12 70 3 39 13 69 0 72 17 3 14 54 5 58 11 34 4 28 8 98 
17 35 19 2 1 61 14 16 7 7 6 86 15 51 0 23 4 99 9 88 10 65 12 82 11 84 2 18 18 70 16 27 5 7 3 74 13 37 8 17 
13 5 10 32 19 15 4 38 17 62 1 8 6 40 12 18 15 80 9 34 11 68 2 10 16 46 3 92 14 76 0 96 5 13 7 97 8 27 18 26 
4 61 7 84 11 63 17 43 16 10 3 19 6 12 19 17 2 95 9 64 14 31 1 78 5 12 18 5 8 6 12 50 13 77 10 58 0 71 15 31 
14 90 16 29 19 1 12 39 10 82 5 26 1 90 0 46 18 23 9 67 3 11 8 61 11 34 2 99 7 69 17 48 15 50 4 76 13 5 6 94 
0 19 12 50 14 58 11 45 4 1 9 69 2 62 3 12 7 43 15 19 17 44 1 56 8 80 19 55 16 9 13 94 5 29 6 67 18 72 10 71 
19 71 6 44 16 44 18 3 4 90 5 44 15 28 7 39 9 55 2 56 8 38 13 22 1 16 3 78 14 85 17 70 12 34 0 69 10 3 11 61 
10 38 13 77 8 34 0 71 17 73 4 6 15 34 14 18 7 8 12 21 19 2 1 95 11 4 3 62 2 45 16 35 18 94 9 68 5 70 6 82 
5 84 1 86 17 43 2 68 18 29 16 24 13 46 6 39 11 74 15 53 3 16 4 84 0 56 10 79 19 8 9 65 8 12 7 69 14 82 12 36 
12 55 10 40 18 41 5 96 11 68 14 44 2 82 15 87 1 62 17 36 8 19 0 40 19 50 13 95 16 41 4 34 6 71 7 34 9 95 3 63 
0 62 1 28 15 11 8 41 12 41 10 7 7 24 3 89 11 66 14 27 18 12 16 56 9 81 6 40 13 50 17 26 2 30 5 87 19 23 4 24 
19 7 18 80 13 71 11 69 1 20 8 37 2 64 10 83 12 47 5 33 0 36 4 57 15 24 6 22 9 50 7 95 16 53 17 5 3 11 14 58 
10 89 13 60 8 74 7 9 11 8 3 8 12 73 2 91 5 2 9 81 0 5 19 64 16 40 6 71 1 83 18 40 15 27 17 63 14 92 4 65 
13 64 9 65 11 80 18 86 2 99 8 55 6 12 4 35 0 4 7 15 1 43 12 9 17 22 3 62 5 7 16 78 10 19 15 83 14 77 19 37 
13 38 12 94 10 80 9 76 18 68 0 63 7 84 17 81 2 72 11 63 5 40 1 38 15 84 19 77 4 85 16 3 6 73 14 5 3 81 8 36 
7 21 14 79 19 50 4 49 16 7 8 5 10 88 12 4 0 66 6 85 11 76 15 51 2 63 3 46 9 3 13 13 17 99 5 12 1 79 18 6 
8 95 14 65 19 8 1 60 0 68 6 44 3 62 4 32 2 89 15 3 18 93 17 25 12 49 13 86 9 61 5 10 10 7 16 48 7 53 11 71 
8 70 7 65 5 92 4 73 17 19 11 32 13 50 18 52 16 22 15 72 10 65 19 37 1 57 0 26 9 47 14 3 6 43 12 82 3 92 2 38 
9 97 10 84 5 14 11 84 12 87 16 55 1 54 17 63 3 64 13 21 19 8 14 23 4 14 6 4 18 37 2 2 8 87 15 39 7 22 0 45 
9 21 13 44 8 66 2 89 4 79 17 77 7 55 14 76 10 92 16 97 19 57 3 17 1 64 0 62 15 91 12 22 11 70 5 15 18 42 6 39 
9 79 19 89 18 93 6 27 5 63 14 30 4 22 8 74 15 18 2 47 13 74 3 36 7 20 17 17 10 83 1 58 12 9 11 76 16 17 0 27 
12 12 11 97 14 59 7 64 5 10 8 93 10 81 19 68 4 66 13 22 18 50 3 20 17 63 1 79 16 11 2 7 6 80 9 37 15 60 0 67 
6 57 5 28 18 23 8 39 19 49 16 34 7 55 14 38 10 24 17 93 0 96 11 28 3 16 4 39 1 1 13 88 15 48 2 23 12 92 9 92 
19 6 14 49 5 79 2 39 8 95 9 44 13 76 3 29 1 33 11 82 16 42 0 32 7 30 18 10 17 24 10 58 4 4 15 15 6 91 12 7 
