150 20
6 25 17 31 4 12 2 84 12 22 9 43 1 92 3 13 16 99 0 46 11 91 5 45 18 97 19 37 10 44 14 47 13 73 15 5 7 83 8 82 
10 84 4 94 12 96 3 75 13 10 8 59 14 31 1 52 15 78 9 39 19 32 17 97 18 39 11 5 0 39 2 23 7 20 16 40 6 42 5 49 
3 61 11 62 7 36 17 48 18 6 12 54 19 51 9 47 16 4 15 25 4 48 5 91 10 77 2 38 1 35 6 97 0 63 13 63 8 37 14 90 
13 33 5 11 16 44 14 20 1 36 11 87 6 3 3 98 15 2 7 40 4 45 10 52 8 87 19 72 0 52 12 64 2 69 18 22 17 7 9 26 
14 65 7 53 19 55 9 1 15 37 10 49 12 18 17 84 6 65 3 17 4 71 0 7 18 71 8 81 5 20 13 88 1 21 16 74 11 56 2 16 
0 58 5 96 4 96 18 60 11 58 13 20 15 75 16 85 2 99 1 56 10 13 6 10 12 34 3 71 8 28 14 39 7 84 9 88 17 31 19 85 
14 87 17 97 18 63 6 60 1 49 9 21 16 32 3 28 13 68 4 3 19 14 8 89 15 64 2 68 5 31 10 57 11 11 7 88 0 7 12 76 
3 8 9 38 7 18 19 53 15 96 11 6 16 39 18 76 13 41 2 90 10 43 6 49 5 69 4 9 8 36 14 60 1 40 0 10 12 30 17 57 
0 53 13 16 6 7 14 75 9 66 8 13 15 21 1 22 2 19 16 81 10 4 12 29 7 9 17 82 11 53 4 86 18 78 19 31 3 9 5 2 
12 90 14 63 8 41 6 73 19 78 4 18 1 13 9 45 0 38 5 21 16 43 3 60 11 9 15 6 18 97 13 31 7 69 10 17 17 14 2 61 
19 24 13 5 11 59 5 44 8 77 2 63 16 93 14 65 7 43 12 66 18 99 17 61 6 82 15 36 4 66 3 51 9 86 10 50 1 20 0 97 
1 99 5 86 14 69 19 60 10 57 6 76 13 68 3 77 11 2 4 62 17 27 9 25 8 31 2 94 7 62 18 5 15 84 12 82 0 57 16 50 
3 98 8 48 9 13 2 4 11 94 17 6 7 51 5 1 12 49 0 83 16 67 13 88 15 41 18 44 14 93 6 51 19 40 4 42 1 90 10 88 
15 86 2 82 8 78 13 10 6 94 11 68 4 76 16 69 5 16 3 34 1 57 17 77 18 14 12 23 10 12 19 3 7 40 0 61 14 61 9 32 
3 21 12 39 6 19 2 93 19 40 0 37 10 40 8 82 17 85 11 87 9 72 15 37 1 35 7 8 5 52 4 32 13 28 16 59 14 53 18 32 
0 43 1 74 15 74 8 63 17 37 2 86 6 52 9 58 3 97 11 94 14 56 19 26 4 76 16 58 12 83 7 15 18 9 13 55 10 46 5 76 
6 2 13 29 17 52 16 47 7 3 15 66 19 8 0 10 1 76 9 66 18 71 8 42 10 54 3 21 14 33 12 18 4 75 11 97 5 22 2 29 
14 97 0 19 9 11 8 70 5 80 13 34 12 14 15 4 11 95 7 97 19 2 1 60 18 11 6 42 17 33 3 28 10 13 2 20 16 12 4 57 
11 26 1 18 19 25 12 90 3 23 7 72 4 31 2 44 13 32 18 60 15 45 0 32 14 93 9 77 10 21 16 9 17 22 8 70 5 97 6 72 
8 52 0 5 10 35 15 79 12 15 11 62 4 64 13 84 9 37 5 35 16 10 14 4 6 20 1 37 7 66 2 5 19 97 18 42 17 13 3 63 
13 73 2 47 4 6 14 76 8 65 18 88 7 73 1 83 17 2 15 26 3 95 0 6 5 55 12 26 19 46 6 30 11 11 10 18 16 50 9 83 
1 13 3 51 10 95 18 54 19 63 14 51 12 91 11 66 15 21 7 75 8 52 9 40 0 15 6 57 16 20 13 53 5 1 2 65 17 33 4 48 
9 33 5 41 4 14 15 16 11 14 3 43 16 88 2 75 10 2 19 50 17 49 14 72 13 72 8 22 1 47 18 43 0 17 6 51 7 9 12 86 
1 11 2 51 14 24 4 43 19 88 6 52 12 44 16 82 18 48 7 82 0 80 8 9 3 59 17 72 10 4 15 80 5 59 13 19 9 51 11 38 
10 17 6 75 2 23 14 47 11 27 4 99 8 84 5 10 7 88 16 87 19 69 15 67 1 7 17 40 3 9 12 72 9 89 18 4 13 66 0 53 
6 1 18 68 16 93 8 71 5 65 14 81 9 5 3 66 17 40 15 27 12 25 2 29 1 38 0 11 13 87 10 80 7 97 4 39 19 93 11 29 
1 38 5 54 9 21 6 78 15 36 0 52 18 34 2 71 16 33 19 17 14 32 7 27 10 37 17 93 4 51 12 49 3 99 11 53 8 55 13 87 
16 51 12 59 14 4 5 23 15 93 17 76 13 96 6 38 11 3 18 91 7 66 0 71 9 39 2 90 19 41 8 84 4 67 3 94 1 55 10 76 
11 14 12 78 8 60 6 43 5 51 10 33 17 64 1 97 2 67 16 74 19 39 9 14 13 26 14 3 4 79 18 60 7 47 0 25 15 81 3 73 
19 61 16 86 11 45 10 30 9 32 8 50 15 4 18 17 12 71 3 91 5 57 0 48 14 68 13 46 17 46 4 97 7 23 1 1 6 13 2 82 
17 43 16 6 15 7 0 47 10 57 18 98 5 44 3 86 11 34 13 50 1 42 9 53 19 22 6 80 14 22 2 81 12 37 8 70 7 41 4 29 
12 32 17 41 15 13 19 47 4 26 0 14 18 13 6 76 9 50 2 25 13 38 5 33 10 68 16 94 8 8 14 36 1 22 7 66 3 81 11 96 
1 15 2 21 3 85 9 20 19 50 12 4 8 63 13 73 14 14 5 60 17 38 4 26 7 95 18 84 16 37 6 29 0 12 15 69 10 70 11 56 
11 64 10 82 12 4 15 71 6 77 16 49 5 13 3 75 4 30 14 62 2 38 19 38 0 62 7 2 8 82 1 56 17 89 9 49 13 8 18 65 
17 12 5 77 15 85 19 93 8 27 4 25 2 59 9 80 3 98 14 53 16 56 11 65 12 62 18 58 6 38 1 21 13 17 0 40 7 15 10 71 
11 62 19 30 4 23 2 89 1 98 9 59 15 8 18 13 13 77 17 59 14 7 6 31 12 14 3 29 16 9 5 28 7 74 8 37 10 47 0 35 
0 7 13 5 16 38 4 6 9 17 17 16 12 9 8 34 1 50 15 16 11 56 3 69 14 7 2 36 7 54 5 78 19 10 6 31 10 44 18 57 
13 86 8 57 4 97 7 22 12 72 6 15 10 59 0 9 9 68 11 14 17 15 2 71 18 65 19 80 3 63 5 32 16 67 14 16 1 97 15 30 
11 7 19 88 1 48 4 88 6 5 18 6 17 6 5 75 15 58 13 20 2 90 8 68 14 79 0 61 10 65 3 51 16 73 9 84 7 84 12 6 
4 77 8 33 9 94 2 7 11 18 6 42 3 83 14 85 1 9 7 92 17 80 13 88 0 40 5 74 12 5 16 28 18 42 19 99 10 48 15 9 
13 12 19 71 15 1 3 37 0 70 7 7 2 63 16 4 10 60 8 52 9 97 6 67 14 52 5 7 12 61 11 31 18 32 4 11 17 72 1 57 
12 38 14 79 3 69 0 39 11 92 5 6 10 43 8 71 2 51 13 82 17 39 16 55 4 58 1 52 18 94 15 41 9 38 19 32 6 61 7 51 
17 91 13 84 5 1 12 31 6 76 19 36 0 68 18 12 14 42 4 83 8 18 16 3 9 41 3 89 11 84 15 17 1 78 10 94 2 8 7 1 
0 24 19 14 4 55 14 66 12 33 10 20 11 67 15 51 2 65 3 91 16 85 9 4 1 70 18 60 17 42 5 52 7 13 6 51 8 74 13 73 
15 12 10 85 6 96 9 89 3 50 11 48 2 79 19 98 4 14 8 99 18 7 0 64 14 80 16 39 7 89 17 73 12 70 1 26 13 69 5 26 
15 23 3 24 6 61 10 59 19 28 9 78 4 86 8 68 11 32 0 11 14 77 1 50 13 35 5 52 16 70 7 64 18 46 12 34 2 55 17 67 
2 42 15 24 10 33 4 44 13 44 6 75 1 55 17 99 7 91 18 46 12 40 8 39 14 18 19 7 0 85 11 78 9 35 3 64 16 89 5 45 
3 58 9 81 14 79 13 15 16 44 11 76 15 58 10 60 5 2 6 58 4 9 0 31 19 77 12 82 1 40 17 87 2 20 7 96 18 8 8 97 
13 41 1 37 19 75 15 44 8 32 0 45 3 2 5 66 9 35 7 57 6 6 16 21 12 12 18 10 17 29 14 98 4 72 11 63 10 88 2 70 
14 93 15 24 9 4 5 97 2 81 17 54 7 7 13 90 4 29 12 76 19 24 16 83 8 34 10 7 3 8 0 25 1 41 11 30 6 62 18 72 
17 46 2 43 14 40 8 22 15 34 6 78 19 30 16 91 4 33 7 41 3 87 11 83 18 68 1 38 0 47 5 26 13 66 10 79 12 35 9 85 
16 99 19 76 4 81 2 65 17 6 6 9 8 82 3 6 14 61 5 53 1 60 7 32 11 69 12 16 15 5 9 11 18 33 13 66 0 28 10 87 
14 34 18 14 8 82 9 68 4 14 5 13 0 80 2 10 10 1 3 69 15 92 12 65 1 96 13 85 11 58 6 30 19 79 16 8 17 70 7 54 
1 64 7 48 19 46 9 15 10 42 6 9 16 56 0 94 18 21 17 59 12 34 5 83 14 58 3 43 13 26 11 75 4 25 8 82 2 42 15 7 
14 20 11 85 9 84 15 1 5 99 8 96 12 78 1 9 0 81 16 5 2 42 3 24 6 50 10 73 7 86 4 47 13 89 17 70 18 19 19 22 
9 55 10 46 11 93 18 71 4 17 1 69 6 98 16 87 2 12 8 80 19 30 15 81 7 59 0 22 14 74 5 52 12 9 17 95 13 18 3 99 
11 56 0 62 1 83 16 35 17 1 12 64 14 34 4 49 5 70 19 68 3 24 18 6 8 9 13 31 7 91 15 15 10 38 2 52 9 48 6 39 
14 87 7 18 9 63 0 94 4 5 3 1 13 89 11 94 18 43 16 33 5 80 12 56 8 1 17 14 2 59 10 33 19 62 15 41 1 13 6 39 
19 54 9 35 15 30 12 60 6 86 1 23 7 97 14 16 8 57 4 10 5 77 13 70 11 14 18 17 3 4 0 18 17 95 2 50 10 48 16 38 
7 89 12 15 16 19 14 75 6 29 18 1 9 35 8 33 2 7 5 65 13 34 19 19 0 64 3 19 1 12 10 19 4 85 15 78 17 38 11 67 
18 82 14 3 6 28 4 19 3 74 9 67 15 42 1 70 7 2 17 28 13 89 16 99 11 90 8 76 12 67 19 7 10 3 5 37 2 23 0 75 
0 58 1 51 13 93 4 1 9 45 18 85 8 18 17 31 3 7 19 61 7 89 2 83 15 47 11 61 5 78 10 14 14 51 16 37 12 87 6 8 
17 81 7 85 1 12 3 46 2 86 16 94 14 11 15 39 10 41 4 38 0 42 6 79 13 89 9 39 12 84 5 28 11 13 19 17 8 63 18 38 
17 92 5 83 9 32 16 89 2 86 6 1 12 32 18 52 19 88 11 80 3 75 15 12 8 71 14 80 0 81 4 96 13 1 1 38 7 83 10 98 
15 47 18 4 10 90 4 60 14 6 5 35 1 64 16 79 19 72 9 40 8 99 13 61 12 2 6 8 0 96 2 77 11 14 3 38 17 33 7 95 
15 74 4 27 3 95 11 19 6 14 17 29 8 1 1 40 13 4 14 5 19 42 10 41 2 66 18 54 12 6 5 92 7 56 9 3 0 40 16 94 
13 67 11 85 7 16 8 18 12 76 5 46 16 39 3 36 15 62 1 39 4 7 19 99 14 56 17 43 10 19 9 29 0 94 2 64 18 91 6 31 
2 67 19 54 18 18 9 27 11 76 3 3 1 93 10 26 13 81 5 45 17 84 16 70 0 22 8 25 15 24 4 70 14 86 12 55 7 65 6 18 
0 51 6 1 16 63 8 64 2 31 11 61 19 31 9 74 5 77 1 74 15 97 13 41 18 19 14 41 7 49 3 73 10 64 12 68 4 9 17 23 
8 6 5 7 15 30 4 6 10 22 2 77 9 1 12 16 3 13 16 51 6 5 0 94 17 92 14 50 19 16 1 24 18 70 7 67 11 91 13 82 
9 52 18 34 4 9 17 83 15 29 8 70 16 12 5 6 10 87 3 84 19 62 2 7 7 15 11 84 0 62 14 29 1 63 12 41 6 98 13 7 
3 20 15 3 0 34 11 84 1 80 10 44 4 79 16 53 8 29 6 37 9 8 17 60 14 17 18 71 2 78 7 13 13 86 19 29 5 5 12 74 
14 23 19 92 16 74 12 67 18 22 3 48 8 53 9 98 6 5 7 1 4 68 15 7 11 1 17 2 0 59 1 61 13 66 2 60 10 64 5 48 
7 9 17 91 16 41 1 51 2 69 10 34 3 36 0 41 4 83 9 91 18 38 11 20 8 83 19 74 6 93 13 55 12 34 5 53 15 18 14 26 
7 47 17 61 14 43 19 86 13 75 16 60 1 95 3 73 4 81 6 57 11 60 9 88 5 60 10 38 15 67 12 96 2 2 8 56 18 1 0 1 
1 32 9 54 18 85 10 93 0 99 8 7 5 87 19 2 4 15 2 87 7 32 14 49 11 29 17 99 15 68 13 29 12 8 3 49 16 43 6 54 
19 42 1 94 5 59 10 80 7 30 4 73 16 97 12 46 15 71 11 25 18 8 17 96 0 67 9 99 13 60 2 55 3 1 8 93 6 38 14 8 
14 15 12 29 7 29 2 75 18 16 19 56 4 18 6 49 0 57 13 77 16 41 8 54 9 45 3 63 10 81 11 34 5 44 1 23 17 7 15 87 
0 96 12 2 14 91 9 39 5 89 3 58 7 27 16 18 6 65 2 56 11 97 1 66 17 24 19 8 8 2 13 34 15 11 18 84 4 25 10 17 
6 52 3 87 11 61 17 65 9 91 10 65 12 38 5 22 19 83 13 25 16 19 18 74 7 74 4 63 0 47 8 35 2 85 15 60 1 47 14 76 
7 71 10 92 9 25 19 54 3 13 11 48 13 71 2 49 0 78 5 72 12 26 8 70 1 24 18 50 15 71 17 82 4 25 6 49 16 95 14 31 
9 34 18 31 6 14 5 22 12 84 10 4 1 48 2 39 13 26 8 6 11 4 16 62 0 29 15 36 17 62 19 96 7 41 14 34 3 69 4 44 
6 67 16 34 12 25 5 66 15 53 17 91 13 40 2 81 18 46 9 88 10 31 7 48 4 4 11 89 1 33 19 86 0 17 8 5 3 25 14 46 
13 76 1 74 6 25 2 92 0 90 10 33 18 92 8 18 19 69 4 73 14 15 17 98 9 61 16 76 7 47 5 54 3 13 11 61 15 51 12 56 
9 66 5 54 15 70 3 35 19 97 11 52 8 95 6 81 18 8 17 47 2 10 14 87 13 45 4 50 0 99 7 83 16 94 10 17 1 12 12 10 
11 99 0 98 1 10 15 66 16 9 5 30 10 67 4 55 9 93 13 42 17 41 19 42 2 52 18 24 14 63 3 15 6 42 12 59 8 55 7 83 
15 26 16 14 4 14 3 27 13 73 19 39 0 20 14 6 7 22 11 51 6 28 9 23 17 29 5 64 18 53 10 39 1 37 12 56 2 41 8 24 
8 62 7 21 5 36 18 33 11 76 2 27 1 69 12 57 3 81 6 18 17 37 10 24 16 56 15 76 4 12 0 38 14 28 9 56 19 54 13 4 
10 66 12 79 2 40 1 17 3 24 9 37 19 31 16 26 0 55 15 90 6 1 11 39 13 66 17 92 8 93 5 79 18 87 4 12 7 62 14 68 
4 26 15 37 11 76 5 36 2 99 7 92 9 15 14 61 18 81 16 95 19 44 3 17 17 39 13 85 10 60 1 31 12 81 8 20 6 22 0 17 
15 6 19 94 16 48 17 49 1 18 3 44 8 85 4 42 11 17 9 23 18 23 5 11 14 3 0 54 13 98 12 33 10 7 6 96 2 37 7 36 
6 9 15 25 18 65 9 75 19 50 12 29 13 69 0 82 7 79 1 11 3 50 4 66 14 29 17 71 2 73 16 87 5 16 11 28 10 77 8 99 
4 23 7 90 18 99 5 18 12 8 1 52 19 12 0 64 16 82 9 80 17 18 8 81 15 35 14 13 13 86 11 2 6 48 2 90 10 43 3 43 
18 59 16 73 2 8 14 90 3 28 19 30 15 63 6 84 1 50 5 94 7 39 4 97 11 40 9 2 10 18 17 39 13 54 0 31 8 90 12 77 
2 18 14 95 8 9 9 19 1 68 15 64 6 84 19 56 0 2 18 58 16 71 4 37 10 38 3 18 11 47 5 9 17 10 13 32 12 73 7 22 
8 72 7 9 4 29 16 65 9 5 13 62 2 34 6 81 15 11 14 63 1 4 11 10 12 14 18 32 17 67 3 1 19 33 0 70 5 18 10 60 
14 61 15 85 11 60 6 35 0 60 3 46 8 95 16 7 7 62 12 28 2 84 18 21 4 84 10 23 9 56 19 58 13 84 1 94 17 66 5 58 
18 64 4 80 12 9 5 60 17 34 15 60 2 48 13 20 11 92 10 86 0 68 3 47 8 55 14 45 7 16 9 35 6 33 1 62 19 77 16 65 
12 5 11 32 10 67 8 17 1 2 16 34 19 29 13 86 0 73 18 26 5 60 3 53 14 28 17 76 6 61 7 88 4 22 2 17 9 43 15 92 
13 59 6 72 10 48 1 19 8 30 18 83 2 62 12 13 9 30 0 40 7 53 19 76 15 11 11 8 17 70 16 25 4 42 14 7 3 65 5 94 
9 68 19 32 15 9 5 28 4 92 6 32 13 81 8 86 1 55 12 80 14 24 7 39 0 50 17 59 18 73 10 56 2 55 16 88 11 83 3 22 
4 89 18 21 10 68 11 66 9 81 19 33 1 2 16 63 17 17 6 39 7 92 13 29 8 49 14 19 3 70 15 12 12 37 5 88 0 29 2 16 
8 50 3 11 11 78 0 29 18 59 9 84 10 92 14 23 16 88 17 63 5 24 19 13 7 38 6 19 2 27 1 49 4 80 13 86 15 85 12 12 
6 27 17 85 11 95 2 40 1 78 4 81 13 27 3 69 18 24 12 61 14 49 8 11 5 75 19 69 0 69 15 4 16 52 10 60 7 64 9 35 
16 24 12 37 11 49 8 59 0 55 2 26 14 6 19 97 10 19 5 85 17 75 1 37 6 27 3 53 7 82 9 59 13 46 15 63 18 6 4 40 
6 55 7 93 17 1 0 32 9 66 10 7 2 14 15 3 13 52 4 28 5 11 1 53 12 22 11 20 16 57 19 77 14 94 18 25 3 48 8 15 
1 76 13 80 17 62 7 87 10 17 2 64 3 59 0 74 12 35 18 77 15 62 11 68 14 1 16 47 8 17 19 15 9 36 5 98 4 20 6 39 
15 14 3 94 2 72 7 88 8 37 5 5 13 77 10 13 0 16 9 60 12 77 17 79 19 28 18 36 1 41 14 12 6 22 16 48 11 2 4 50 
18 42 10 52 9 27 8 59 6 85 11 79 12 7 19 52 0 79 16 30 15 45 13 47 14 5 7 89 4 52 17 82 1 38 3 11 2 75 5 9 
4 8 19 19 3 1 18 29 11 30 6 19 14 38 15 54 1 7 12 87 7 25 16 5 9 23 17 9 2 98 5 56 0 12 8 53 10 87 13 76 
3 49 19 70 9 28 17 61 16 3 6 27 10 50 8 77 18 55 2 68 15 82 12 17 7 34 13 25 1 11 14 45 4 22 5 96 0 17 11 31 
1 23 4 89 16 86 14 85 18 37 19 89 7 92 6 26 17 59 13 69 3 60 11 5 8 64 10 59 12 52 9 55 5 53 2 56 15 63 0 15 
6 99 19 85 0 49 1 31 5 37 11 89 12 14 4 31 18 83 13 20 9 34 8 64 7 16 3 30 14 45 17 82 16 57 10 96 15 47 2 86 
14 45 10 32 13 94 5 83 1 31 18 76 19 68 9 44 3 47 6 52 11 11 16 6 15 26 7 39 12 46 8 17 0 55 2 71 17 57 4 62 
17 61 7 65 0 36 3 1 11 22 5 69 8 40 16 68 2 66 13 27 9 34 1 90 18 34 19 90 12 74 4 75 6 73 10 80 14 48 15 99 
18 94 3 57 14 8 9 14 10 48 4 50 5 89 0 3 7 34 13 66 15 91 19 47 2 98 1 82 6 24 11 95 12 93 8 95 17 71 16 31 
8 33 3 11 17 60 6 92 2 18 10 23 5 2 12 31 18 57 7 86 13 5 11 43 4 49 15 64 19 72 0 96 9 56 14 60 1 10 16 56 
10 40 17 1 11 14 1 20 0 21 12 74 16 22 8 70 14 24 18 35 9 63 3 52 15 63 6 43 7 82 13 88 5 93 2 54 19 53 4 33 
5 91 10 2 16 1 8 49 17 93 1 58 19 59 0 71 6 90 13 76 7 34 15 75 12 76 14 41 4 34 3 11 11 75 9 90 2 73 18 48 
6 41 5 45 0 56 19 38 4 40 16 82 8 16 1 30 2 28 7 32 13 34 14 79 18 93 9 25 15 38 3 1 11 42 12 45 10 74 17 32 
13 26 14 68 16 1 8 6 5 38 10 52 18 32 12 29 17 25 11 14 0 66 6 33 2 32 1 95 15 99 4 85 9 79 19 9 3 12 7 36 
6 23 9 78 0 51 17 1 3 14 14 25 4 11 19 20 5 88 7 25 12 33 8 47 16 37 1 25 2 35 10 11 13 96 11 58 18 57 15 98 
3 7 15 48 4 45 2 11 11 76 19 65 6 60 10 73 16 96 9 77 1 41 7 97 17 88 5 66 14 17 8 58 13 18 18 53 12 35 0 73 
18 89 13 50 12 1 10 21 7 95 9 41 17 3 5 44 19 43 0 15 4 38 2 24 6 60 1 15 8 55 16 77 3 37 15 30 14 44 11 91 
17 22 2 19 15 78 18 78 19 76 6 8 7 46 16 57 9 73 3 66 13 71 1 90 4 93 11 89 14 99 5 29 0 52 12 52 8 12 10 61 
9 54 0 46 8 31 6 39 13 86 10 21 4 76 19 41 12 66 2 50 5 43 3 94 1 55 18 85 14 63 17 36 16 83 7 88 11 66 15 52 
1 19 4 17 10 70 5 69 2 43 15 68 8 70 12 20 3 21 14 55 19 6 18 64 0 77 9 24 13 86 11 41 7 2 16 68 6 57 17 14 
3 50 11 81 18 18 17 82 10 11 1 37 6 92 12 63 15 99 19 13 16 82 2 79 7 20 13 99 14 40 8 83 9 26 5 67 0 14 4 43 
10 67 7 91 12 81 16 71 0 64 1 44 8 27 4 85 2 99 19 68 6 94 17 91 18 63 5 55 11 47 3 97 15 50 14 4 9 10 13 13 
4 78 18 56 8 53 15 90 6 32 14 46 1 91 7 90 12 20 0 60 17 92 10 38 16 65 19 95 9 24 11 36 3 1 2 33 5 52 13 94 
2 60 12 84 4 30 11 45 9 94 10 1 17 12 0 18 13 97 6 69 18 90 19 22 1 60 7 85 5 30 8 35 16 59 3 51 14 18 15 96 
18 45 8 45 17 58 5 84 6 4 12 61 7 63 0 26 15 31 11 10 3 49 16 58 2 1 10 13 19 76 14 9 4 23 13 40 1 44 9 56 
0 80 8 98 15 74 3 67 7 38 4 91 5 20 17 57 19 30 18 61 10 65 12 13 11 12 2 7 13 26 16 5 9 42 6 56 14 58 1 46 
7 22 16 26 2 20 17 14 1 81 9 8 3 36 13 90 11 35 4 66 15 5 19 97 0 68 6 21 12 60 8 13 10 13 5 6 18 9 14 82 
12 59 17 13 4 57 16 91 2 44 10 96 7 10 5 22 11 87 18 43 19 85 3 90 13 71 8 8 14 64 0 11 1 66 9 41 6 62 15 12 
11 32 1 49 0 30 17 77 14 49 13 2 2 68 15 90 16 84 18 16 6 88 10 42 3 32 12 27 19 36 5 26 8 75 9 65 4 59 7 4 
17 78 3 29 18 42 12 55 4 5 10 45 5 37 1 54 13 18 2 61 8 94 16 45 11 83 9 42 7 40 0 65 14 27 6 33 19 54 15 89 
16 65 19 81 5 32 8 49 11 64 17 38 3 43 1 69 7 67 6 9 15 97 10 48 9 27 4 34 14 52 18 67 12 18 13 92 2 63 0 10 
8 87 4 99 14 37 7 89 10 86 1 17 18 93 16 8 5 69 13 61 12 44 0 4 3 8 17 11 19 88 15 84 2 93 11 7 9 84 6 49 
9 79 11 42 16 49 4 60 15 69 7 35 12 42 3 85 18 54 19 3 5 92 17 95 1 11 8 91 13 19 10 40 0 73 2 51 6 6 14 70 
12 39 13 17 5 86 16 52 9 18 6 3 3 64 10 20 14 61 2 12 15 15 11 95 17 66 4 96 1 51 19 93 8 62 18 99 7 1 0 56 
4 76 7 18 14 4 11 24 16 9 9 11 8 60 3 54 0 51 1 42 19 69 13 53 17 68 12 49 5 52 10 86 18 69 2 48 6 21 15 50 
10 47 6 16 19 1 7 97 18 69 16 82 8 82 4 76 2 49 15 2 11 89 14 82 1 80 9 8 12 25 0 84 17 92 5 29 3 43 13 89 
1 58 8 51 11 47 18 84 5 96 19 97 9 41 16 62 12 62 2 33 15 12 7 65 4 87 17 32 13 50 3 23 14 70 6 28 10 28 0 97 
19 44 6 47 4 10 2 48 0 12 1 10 12 87 17 9 18 53 8 40 14 11 10 60 11 6 13 48 15 53 5 44 7 63 16 85 9 36 3 54 
12 71 18 99 3 77 2 65 13 38 16 63 10 84 15 17 14 46 19 86 7 24 1 8 9 96 4 53 6 52 0 44 17 79 5 62 8 1 11 46 
16 6 14 19 0 61 3 36 19 86 11 46 4 32 8 97 18 4 5 78 17 3 2 52 13 90 15 58 6 12 9 14 1 46 7 77 10 9 12 87 
14 80 2 94 17 60 10 97 0 97 9 2 1 27 19 29 5 43 11 3 4 49 3 3 18 49 15 70 7 87 16 17 6 65 12 71 8 63 13 97 
14 10 5 56 18 3 6 76 13 19 11 98 17 28 3 87 19 22 4 1 9 77 12 52 8 16 16 83 1 19 15 74 0 82 10 35 2 22 7 6 
1 28 13 35 5 35 7 18 10 18 12 26 17 69 16 91 9 19 8 55 4 32 0 46 11 41 2 55 6 77 19 44 3 19 18 93 15 28 14 34 
