150 20
3 81 4 41 16 59 2 5 18 9 8 85 10 70 9 54 7 44 15 41 1 13 6 20 13 87 19 18 17 37 12 81 14 60 0 72 11 65 5 65 
4 84 8 88 9 9 5 31 3 66 0 57 13 93 10 36 1 24 2 29 7 3 19 55 15 6 17 3 16 75 14 70 11 41 6 88 18 47 12 57 
19 61 18 54 9 12 14 25 8 58 7 60 0 82 4 31 13 43 6 95 10 99 17 64 3 2 2 56 11 58 5 44 15 1 1 9 12 96 16 20 
19 82 11 24 9 83 14 43 3 88 0 72 16 7 5 84 7 23 17 58 12 67 6 33 18 89 15 86 8 1 1 96 13 75 10 11 2 85 4 64 
1 21 7 99 4 67 2 1 10 56 9 53 3 81 13 38 16 75 19 78 12 91 11 94 15 72 5 88 14 50 8 65 17 77 6 99 18 16 0 16 
5 15 8 17 18 15 3 19 10 99 16 1 4 16 17 36 2 80 1 53 14 12 15 66 9 16 0 60 6 32 7 64 12 21 19 87 13 65 11 39 
1 17 11 64 5 53 3 5 18 52 15 91 17 35 19 66 14 62 6 53 13 64 12 55 16 46 0 55 7 16 10 16 2 50 4 3 8 10 9 95 
18 27 15 45 14 31 5 74 9 99 11 77 6 4 2 98 7 95 17 94 13 9 10 60 0 85 4 41 16 16 1 55 8 93 19 78 3 37 12 75 
0 53 6 79 12 40 17 59 7 45 19 33 1 85 9 44 15 22 13 89 3 8 18 80 16 80 8 77 11 38 2 10 14 53 5 25 4 76 10 1 
13 20 16 49 10 91 9 49 15 36 7 51 19 58 12 45 17 73 6 76 18 51 14 9 2 87 8 5 1 93 3 13 4 27 11 33 0 29 5 59 
3 42 8 36 7 20 10 38 6 93 2 5 1 61 5 45 0 35 16 48 14 41 19 78 4 94 15 78 9 86 13 16 12 40 17 7 11 21 18 5 
7 55 16 30 3 58 14 52 6 17 8 22 0 78 19 17 9 75 15 64 11 95 13 32 5 59 10 55 17 98 12 76 1 1 2 53 4 45 18 25 
4 59 10 93 5 26 11 58 17 14 0 2 15 83 1 39 12 39 9 74 7 22 3 87 16 79 2 63 13 74 6 98 19 8 8 82 14 56 18 54 
5 56 2 66 0 20 3 27 1 17 4 64 16 25 10 97 14 1 11 62 7 65 15 35 13 53 6 24 17 29 19 23 8 46 18 98 9 61 12 45 
5 4 7 41 12 44 11 61 19 5 13 77 6 34 10 32 14 84 17 10 9 41 2 8 0 26 16 98 1 75 8 39 3 82 18 24 4 88 15 17 
9 65 11 41 7 43 5 27 16 88 14 29 13 51 1 42 0 32 10 81 8 30 18 84 19 18 3 73 17 84 6 27 2 31 4 94 12 56 15 56 
13 92 18 68 9 98 11 13 10 73 12 89 4 40 6 4 8 90 1 48 7 1 15 95 16 43 0 60 5 13 17 13 3 29 19 57 14 34 2 62 
12 99 17 6 7 24 9 49 2 54 0 19 3 40 11 56 19 80 14 6 10 36 13 90 18 31 5 27 8 19 6 87 16 23 4 54 1 16 15 67 
16 60 3 57 1 75 12 6 4 33 2 94 19 74 10 13 9 43 8 22 11 17 15 70 14 25 17 74 5 23 0 23 18 40 7 90 6 20 13 65 
17 63 18 87 15 86 5 33 6 47 1 81 4 87 3 83 7 82 11 56 16 21 2 83 8 58 13 96 0 53 19 10 10 51 14 90 9 51 12 52 
10 6 6 36 17 95 7 90 11 63 1 30 15 28 4 62 16 11 12 5 0 92 8 91 5 93 3 71 18 21 13 10 14 32 9 27 19 34 2 80 
7 73 4 97 3 50 8 52 6 71 15 69 13 4 11 70 9 94 10 32 18 3 12 42 1 51 0 90 17 83 16 19 19 79 2 62 14 79 5 51 
0 55 13 37 15 23 12 87 16 8 18 23 11 54 4 49 1 41 17 96 6 97 9 18 19 28 3 38 10 29 8 27 7 22 5 49 2 69 14 75 
0 70 18 92 10 68 17 4 9 99 2 86 12 28 1 48 19 34 13 64 8 41 14 34 7 31 16 23 15 56 3 22 6 12 4 16 11 25 5 89 
8 1 19 80 1 85 7 49 4 3 13 84 11 54 9 1 5 52 17 19 0 45 15 29 2 22 10 71 18 40 6 89 14 16 12 22 3 5 16 96 
4 42 10 36 11 70 17 46 15 25 7 34 1 6 9 10 3 82 13 69 16 37 19 91 18 86 12 57 5 52 8 8 14 42 2 88 6 75 0 61 
11 88 0 7 14 84 9 20 15 46 10 29 16 55 8 46 7 77 18 33 2 50 6 37 1 7 4 81 13 16 12 3 5 63 19 90 3 78 17 80 
4 80 1 21 10 36 6 33 14 39 2 21 11 66 9 76 16 43 12 82 18 76 7 69 17 51 8 72 19 43 0 47 15 72 5 42 3 11 13 73 
0 87 1 8 10 36 16 48 4 53 18 17 15 71 17 86 14 66 2 61 7 40 12 69 6 13 9 38 11 9 8 39 19 53 13 42 5 56 3 29 
1 75 13 34 11 35 5 82 4 60 10 38 0 20 12 34 6 36 17 59 15 17 19 53 7 77 16 23 18 28 14 64 8 43 3 49 9 45 2 39 
14 28 17 13 5 57 3 37 18 79 15 9 10 83 12 35 0 64 13 1 2 92 6 27 9 67 8 56 4 97 1 89 19 40 7 95 16 90 11 94 
1 42 6 11 2 19 13 94 14 31 15 65 0 47 11 68 9 70 7 79 18 61 8 50 17 27 16 51 12 57 5 82 4 18 19 87 3 15 10 89 
5 41 15 47 9 85 4 21 7 38 17 5 1 14 13 22 2 50 10 4 19 37 18 93 16 19 8 99 6 7 12 60 0 79 14 28 3 67 11 47 
18 98 4 69 5 52 7 99 13 45 6 14 17 42 9 13 10 21 19 19 14 31 15 50 11 58 8 96 3 40 2 40 0 37 1 93 12 77 16 11 
4 70 6 12 18 48 10 9 7 16 12 45 13 97 17 99 16 52 9 10 2 18 3 21 0 40 1 49 11 74 14 35 15 88 8 82 19 26 5 24 
2 46 18 87 3 41 16 21 12 70 9 48 11 75 17 95 6 45 4 98 13 21 14 3 0 18 10 10 7 41 1 60 5 53 8 26 19 14 15 8 
12 82 3 67 19 1 18 26 17 86 11 96 6 49 16 3 9 54 0 39 14 9 2 79 1 29 5 70 4 7 8 57 15 46 13 20 7 45 10 94 
13 56 1 14 0 5 4 64 10 6 18 17 9 9 11 78 5 95 8 14 17 30 16 49 14 98 15 58 12 12 6 84 3 97 2 27 7 52 19 89 
17 96 9 90 10 31 6 84 13 17 4 31 3 31 5 42 14 18 8 67 12 45 18 77 1 96 2 31 15 34 0 28 16 73 7 65 19 85 11 44 
10 83 7 93 8 40 11 58 6 16 15 96 1 10 5 71 18 9 14 94 12 68 19 22 13 70 9 53 2 10 0 14 17 47 4 19 3 99 16 53 
1 39 17 59 0 96 6 66 5 3 12 85 16 98 10 2 9 51 11 95 8 7 14 71 7 8 13 1 4 69 2 88 18 64 3 32 15 83 19 61 
15 49 8 2 9 79 16 14 4 39 10 72 6 30 7 83 13 13 17 92 3 99 0 60 14 53 5 70 11 97 1 20 19 41 12 63 2 36 18 32 
12 64 7 82 4 51 3 2 15 66 11 2 0 27 6 88 1 28 18 15 17 67 16 24 2 68 8 2 13 47 14 33 9 50 19 81 5 96 10 91 
18 55 17 6 16 3 6 63 3 58 15 9 4 56 12 71 2 24 14 83 13 22 9 10 8 80 11 12 7 54 10 17 19 51 1 22 0 43 5 66 
19 65 14 22 8 89 4 49 5 23 15 31 10 65 0 25 13 53 11 63 9 85 2 8 17 5 6 61 16 18 18 97 3 72 12 81 7 45 1 80 
10 75 11 42 16 7 5 64 0 72 9 44 3 19 8 56 2 4 18 76 19 44 17 70 1 20 15 10 12 8 14 98 13 12 6 81 4 35 7 95 
6 20 12 71 2 30 7 53 18 72 10 92 15 75 5 20 16 38 17 71 0 40 1 14 19 7 14 34 13 89 11 39 4 43 8 14 3 96 9 87 
9 50 19 37 13 77 16 34 2 4 4 65 14 23 10 99 7 89 15 80 18 70 0 63 6 3 8 38 12 29 5 56 17 95 1 23 3 90 11 33 
17 1 6 29 8 5 10 58 7 17 4 65 11 52 3 6 2 84 5 38 15 14 1 78 16 82 14 31 12 63 0 45 18 61 19 55 9 51 13 94 
18 29 11 63 15 23 17 41 4 36 6 42 19 55 7 71 16 13 14 34 12 90 13 44 3 92 2 64 8 60 1 69 0 47 9 33 10 10 5 96 
11 47 7 17 12 32 18 4 5 26 0 76 4 81 2 39 14 41 17 42 16 11 3 1 8 54 13 95 19 22 10 40 9 35 1 59 6 96 15 65 
11 80 1 51 7 73 19 46 14 11 8 96 3 48 5 71 9 77 4 25 6 51 12 25 0 91 10 98 17 91 2 3 15 89 13 17 16 69 18 94 
18 58 13 68 11 78 19 1 10 41 3 5 6 18 5 21 2 63 1 49 15 75 8 85 17 91 9 77 12 74 0 80 16 8 4 48 7 4 14 53 
10 15 0 51 18 29 12 77 3 6 11 41 1 44 14 12 5 66 15 53 7 84 9 92 13 14 2 13 4 75 8 99 6 2 16 95 17 46 19 68 
9 54 19 60 5 75 16 56 7 74 11 60 15 33 8 10 12 16 17 95 2 96 4 5 10 23 13 48 0 30 6 92 14 72 1 60 18 25 3 6 
13 7 8 85 1 61 17 11 15 35 5 97 2 70 7 8 11 50 16 85 10 26 0 76 12 1 3 26 4 77 18 71 6 38 14 85 19 40 9 11 
8 52 17 54 19 32 7 16 14 9 2 50 0 34 15 1 6 50 3 84 1 69 10 4 4 93 18 55 16 23 11 73 12 76 13 22 5 82 9 53 
4 6 0 87 2 24 16 62 15 53 3 66 10 54 12 49 6 26 18 3 8 37 11 43 9 81 7 32 17 28 14 37 19 47 5 85 13 91 1 50 
5 53 7 40 12 71 3 16 18 59 14 58 17 67 16 11 9 21 19 51 4 83 13 56 10 78 1 35 6 19 0 22 8 15 11 3 2 24 15 96 
8 12 16 51 7 80 5 99 17 44 11 90 13 60 2 48 18 45 10 38 1 52 0 33 4 42 9 41 14 37 12 30 6 26 19 22 3 32 15 35 
15 18 6 43 14 10 18 54 11 95 12 96 7 72 2 21 13 65 8 79 10 73 17 91 19 76 1 62 16 84 0 22 9 16 4 23 3 82 5 57 
7 27 12 78 0 63 17 55 18 42 2 50 8 6 1 41 13 18 11 27 16 11 5 22 15 63 14 10 4 22 19 47 6 40 10 53 3 34 9 91 
14 42 12 98 10 4 4 85 18 85 8 24 17 72 6 5 15 62 11 37 5 40 1 9 0 57 7 90 13 67 9 75 2 94 3 69 19 59 16 79 
6 27 12 41 13 96 16 90 1 38 0 92 11 42 9 89 17 54 14 52 2 85 7 11 18 26 4 75 10 85 15 59 8 62 19 23 3 56 5 39 
4 92 1 1 19 82 2 89 12 57 18 13 11 58 5 78 6 80 7 19 16 99 15 43 0 61 17 16 3 83 8 62 14 75 9 31 10 12 13 28 
2 62 13 43 9 29 3 9 11 9 14 92 17 36 18 7 19 76 12 94 8 30 1 64 6 53 7 5 0 61 5 91 16 27 15 28 10 65 4 20 
9 42 12 86 17 42 0 74 1 14 19 52 18 25 15 66 14 51 10 49 5 23 4 55 8 76 3 67 16 7 2 87 13 32 6 93 11 42 7 81 
16 34 6 55 13 24 14 20 12 73 18 33 11 65 9 7 7 73 3 85 19 48 4 27 8 3 17 87 2 4 5 61 15 8 10 26 1 41 0 44 
13 24 8 62 17 41 10 99 11 33 6 42 4 12 0 64 14 5 9 69 18 40 5 21 12 84 3 16 15 63 16 12 2 67 1 81 19 8 7 42 
15 4 12 81 11 12 2 83 8 77 1 41 3 38 9 69 19 73 7 77 18 70 5 21 17 53 4 3 13 21 16 77 0 93 10 31 14 84 6 5 
13 84 6 40 18 13 15 60 9 7 1 51 0 92 10 8 7 82 16 52 12 12 5 90 4 24 8 45 17 39 2 76 3 43 19 32 11 24 14 60 
12 19 14 8 3 25 0 24 5 8 7 20 6 37 4 33 18 12 19 31 16 48 2 37 15 11 13 4 9 26 10 91 8 58 1 51 11 16 17 81 
10 50 7 72 16 72 18 96 3 44 4 13 5 20 15 4 17 59 9 41 2 41 8 1 12 42 0 7 14 70 1 15 11 57 6 36 13 51 19 87 
19 26 9 56 1 67 13 73 17 23 10 87 15 48 11 38 8 83 4 33 12 89 18 66 14 32 2 70 3 1 16 72 5 43 7 97 0 92 6 6 
9 45 19 31 6 24 4 65 14 39 5 74 3 40 1 59 16 23 13 96 18 26 7 54 11 37 12 42 15 60 0 89 10 93 2 32 8 4 17 6 
10 73 11 89 16 23 14 79 6 73 1 18 5 89 13 52 12 2 4 24 2 81 18 60 19 16 8 83 0 62 3 88 7 43 17 11 15 34 9 51 
12 84 9 29 15 99 6 23 0 13 11 56 18 78 8 11 2 47 4 55 5 29 13 78 7 47 14 20 3 36 16 67 1 11 19 60 10 75 17 58 
2 10 8 25 10 23 4 14 12 86 7 20 19 47 17 12 1 11 5 38 9 40 6 74 18 50 14 18 3 26 16 16 15 64 11 54 0 20 13 20 
3 52 6 30 12 89 18 29 9 1 13 87 11 28 7 46 5 11 19 85 0 89 2 84 8 64 1 78 16 12 10 87 15 32 14 68 17 11 4 99 
13 69 15 67 19 2 6 26 2 38 11 55 3 63 10 83 7 44 8 6 4 62 0 57 5 58 18 52 14 58 1 29 12 72 17 28 16 93 9 23 
2 98 10 36 19 89 12 79 0 96 6 90 4 91 13 7 1 75 17 37 18 89 3 30 15 34 5 93 7 65 8 66 14 63 16 45 9 22 11 67 
16 91 17 96 9 2 11 62 4 47 3 85 8 94 19 57 5 59 6 59 14 70 2 76 10 17 7 60 1 3 0 40 13 34 12 60 18 65 15 62 
5 42 3 32 8 90 4 9 2 2 12 80 15 14 16 45 19 18 10 43 7 38 14 56 9 65 18 54 6 44 17 81 0 8 13 10 1 26 11 35 
10 41 8 95 13 82 0 97 18 18 5 27 16 99 4 52 1 77 9 46 6 20 7 92 3 81 2 16 15 77 11 46 19 29 14 71 12 93 17 40 
16 47 15 1 13 43 6 65 8 5 3 42 10 3 1 82 2 96 11 47 5 69 7 15 14 23 12 75 17 57 0 8 19 68 9 3 18 31 4 84 
9 65 8 96 17 19 19 77 5 47 7 29 4 81 15 25 12 40 2 12 13 64 18 14 11 76 6 39 3 97 0 49 1 80 10 58 16 72 14 29 
15 5 9 76 2 93 12 95 3 55 4 30 1 71 14 70 11 31 8 50 17 33 0 86 18 26 5 59 7 61 13 6 19 2 16 11 6 14 10 70 
14 77 4 76 15 94 10 72 3 56 16 29 7 74 12 39 2 97 19 43 5 45 6 27 9 89 17 36 1 65 0 1 18 17 11 22 13 65 8 26 
6 5 0 72 8 70 12 3 1 68 9 76 2 95 3 80 7 48 17 14 13 74 14 1 19 48 18 35 11 82 10 5 15 97 4 28 16 83 5 81 
8 92 6 4 0 32 15 22 2 82 1 37 5 39 19 50 4 61 13 40 11 7 14 32 3 99 12 96 10 62 9 17 16 51 17 59 18 20 7 35 
4 14 2 72 0 57 19 77 12 86 15 38 17 31 6 53 1 29 5 74 9 66 14 6 16 63 7 38 13 46 8 48 11 51 3 40 10 44 18 87 
7 66 5 56 13 48 15 53 11 93 18 15 3 87 9 36 2 13 1 58 4 95 19 12 6 45 0 71 16 57 12 4 14 76 8 27 17 47 10 70 
10 56 19 23 14 71 5 44 15 9 17 84 6 35 11 32 9 36 0 97 16 95 8 39 2 87 1 58 7 88 12 15 13 94 3 77 18 25 4 32 
11 50 6 96 18 17 12 56 17 40 16 35 4 95 3 3 19 98 7 44 13 34 15 78 0 50 10 25 2 32 9 37 1 55 8 43 14 24 5 98 
18 24 12 85 0 80 4 26 6 27 16 81 8 3 5 93 9 8 11 88 17 2 1 3 3 58 10 63 19 4 15 10 2 16 7 29 14 8 13 91 
2 42 10 48 11 98 9 90 14 85 15 50 13 97 6 33 7 96 4 72 19 72 17 56 3 52 0 5 16 47 1 35 18 55 8 34 5 91 12 75 
12 20 5 20 18 30 11 63 7 46 0 53 4 2 17 33 2 1 9 24 14 33 8 86 15 38 16 8 3 19 1 13 13 89 19 83 6 91 10 45 
0 88 7 76 8 28 15 19 18 4 3 88 6 9 13 46 11 91 1 88 12 57 14 3 2 79 4 9 19 46 10 30 16 18 9 38 17 17 5 11 
3 64 4 92 0 23 2 43 5 46 17 83 9 69 13 84 1 61 10 57 11 17 18 19 19 41 12 14 16 8 15 82 8 18 7 45 14 65 6 12 
10 57 8 69 1 17 7 31 5 6 17 17 11 59 15 58 12 26 19 92 14 28 3 10 9 33 2 60 16 68 13 10 18 34 6 74 4 54 0 86 
9 89 4 77 15 29 2 84 12 47 7 37 1 70 11 96 6 91 14 12 5 43 8 57 13 36 10 68 3 55 16 15 19 83 18 16 0 23 17 16 
1 13 18 26 17 59 15 46 12 46 5 88 9 8 19 52 0 84 7 71 2 87 11 97 13 39 10 60 6 81 4 43 14 94 8 60 3 53 16 48 
3 25 6 94 19 55 10 85 8 91 1 95 11 93 16 41 5 96 18 65 12 96 4 74 2 15 15 15 7 27 9 30 14 26 0 92 13 7 17 53 
9 62 8 90 13 48 3 52 15 44 11 1 18 10 2 16 10 55 17 34 4 53 5 17 12 7 6 12 16 98 1 37 0 74 14 66 7 94 19 84 
7 65 15 51 16 65 13 21 14 6 3 89 8 68 2 90 11 77 12 43 19 16 10 20 1 81 6 7 0 18 5 31 4 92 18 34 17 83 9 17 
15 72 0 20 13 78 12 93 6 33 7 91 16 45 4 86 18 34 10 23 17 67 1 54 14 82 2 6 9 75 11 77 8 83 3 41 5 27 19 5 
6 9 2 97 5 56 8 35 16 87 4 50 0 57 1 45 10 31 11 30 7 58 18 63 9 38 12 2 3 83 17 95 19 21 13 72 15 78 14 99 
14 9 1 96 17 95 7 73 16 16 2 9 0 91 10 83 19 66 8 64 12 67 4 15 5 92 9 37 6 52 3 41 13 45 15 95 18 44 11 22 
8 69 13 94 0 83 9 19 12 20 1 82 15 22 14 44 18 86 2 78 7 32 3 24 11 77 16 75 6 39 5 36 17 35 19 40 4 14 10 10 
3 8 16 47 8 59 1 22 13 53 17 20 4 19 19 11 14 44 7 7 9 71 18 47 15 63 12 19 6 45 11 36 10 2 2 35 5 3 0 75 
0 12 1 92 7 89 15 57 16 32 6 16 13 34 3 22 2 8 19 80 4 34 8 32 12 7 18 28 14 32 17 39 9 17 10 15 5 1 11 89 
9 9 17 29 6 25 16 57 3 9 5 34 10 52 4 14 12 84 19 67 13 1 1 28 14 77 11 97 8 2 7 36 18 68 2 5 15 26 0 67 
15 25 5 51 8 45 11 47 19 84 13 53 4 92 14 82 1 38 17 34 16 68 9 7 6 58 3 1 0 65 2 67 7 42 12 80 10 90 18 99 
8 98 16 31 10 87 18 88 12 44 5 69 17 86 1 50 11 21 4 6 3 56 14 72 6 73 0 90 19 92 7 14 2 67 15 28 13 67 9 42 
10 63 12 4 0 17 13 54 7 2 8 5 14 83 5 53 1 50 19 98 18 13 6 30 4 31 2 9 9 18 16 25 11 32 15 88 3 82 17 58 
4 57 9 6 5 80 18 55 8 25 19 39 12 92 3 67 0 5 7 30 16 39 6 7 13 8 15 57 17 36 2 29 1 22 10 22 11 65 14 68 
9 46 10 89 8 46 11 18 15 28 1 66 7 79 5 21 2 6 3 86 4 83 12 96 6 4 14 28 16 15 19 51 17 95 13 9 18 21 0 32 
12 63 3 91 7 37 14 48 19 86 4 91 5 19 8 48 9 26 10 6 16 61 0 57 1 94 11 4 6 12 15 98 13 6 2 66 18 98 17 72 
0 91 16 77 6 3 9 74 12 79 5 42 4 35 13 9 17 43 1 45 14 44 7 15 19 97 2 51 3 54 10 2 15 60 8 38 11 81 18 58 
2 32 15 56 19 47 8 66 1 22 13 75 4 44 0 80 5 44 16 60 6 42 10 54 3 6 7 91 12 84 11 58 18 68 9 77 14 25 17 49 
14 3 19 13 17 96 3 4 1 6 7 59 12 42 5 91 11 97 10 60 18 77 13 52 2 63 8 2 0 64 16 14 9 92 6 69 4 92 15 99 
14 17 3 68 12 75 15 44 2 7 9 26 6 41 16 12 5 90 13 94 1 8 10 81 17 33 0 40 18 38 7 39 4 95 8 27 19 46 11 33 
15 55 8 76 6 46 19 78 13 63 11 93 3 40 1 80 12 10 10 83 16 8 2 55 18 98 9 53 7 48 0 84 17 22 14 68 5 86 4 40 
3 28 18 91 0 4 9 19 16 77 15 19 8 29 12 62 19 91 13 51 7 87 14 56 5 77 6 61 1 77 4 55 11 51 10 39 17 65 2 79 
11 16 12 2 18 64 15 96 10 89 6 50 9 1 13 53 4 39 19 37 2 37 8 32 14 74 5 47 3 41 7 55 17 21 1 98 16 31 0 6 
15 63 14 2 5 75 1 43 6 56 16 66 3 39 7 99 9 27 8 49 2 2 18 49 4 25 11 76 12 27 19 53 10 94 0 35 13 89 17 56 
14 24 5 66 9 14 12 49 2 74 0 15 11 28 17 53 8 67 6 66 18 14 4 96 3 95 13 85 1 86 16 39 19 46 10 71 7 27 15 84 
4 71 7 97 18 87 13 87 8 76 10 26 16 94 2 96 15 2 5 4 0 67 19 80 17 19 3 42 12 81 11 88 14 70 9 47 1 58 6 67 
2 51 5 38 16 70 8 14 10 59 7 26 9 38 6 25 12 50 1 88 14 71 19 47 18 2 15 93 11 75 13 99 0 40 17 47 3 81 4 86 
18 64 7 89 0 95 13 92 16 4 5 92 1 92 2 25 11 15 15 74 8 78 6 64 4 28 12 43 14 35 9 47 10 87 19 90 3 56 17 35 
15 17 9 72 14 91 3 89 10 32 18 70 1 64 7 65 16 66 11 97 0 1 5 60 12 58 6 60 2 54 13 3 4 14 17 10 19 29 8 55 
6 86 9 61 8 28 10 53 12 70 3 23 17 26 15 57 2 20 18 76 5 32 4 9 11 59 0 35 16 93 7 27 13 70 1 70 19 42 14 23 
10 90 17 80 13 6 5 2 19 1 7 37 18 26 6 36 4 52 1 93 8 7 16 95 15 8 12 50 3 32 2 98 0 78 14 9 9 26 11 36 
19 18 8 12 0 46 14 83 7 7 9 53 4 68 12 80 18 59 16 89 11 23 17 45 10 61 15 19 1 66 6 39 5 7 13 96 2 40 3 20 
13 62 5 13 3 35 14 5 18 4 10 27 7 99 16 12 19 3 8 46 0 49 9 96 2 10 11 44 12 31 4 42 6 83 1 86 15 46 17 57 
3 1 6 55 16 97 4 45 15 67 10 41 8 96 0 23 13 46 5 9 2 4 7 98 14 54 9 88 17 35 1 90 19 47 12 59 18 25 11 18 
15 36 3 22 7 66 11 99 8 78 9 93 17 28 4 56 10 13 18 13 16 6 19 32 0 1 6 46 13 72 2 70 14 28 5 17 12 12 1 71 
13 15 8 81 15 95 2 73 7 68 4 17 16 3 12 11 9 71 6 5 3 21 11 82 14 59 0 75 17 21 1 84 5 60 18 15 19 70 10 11 
19 47 8 40 7 82 3 40 6 17 9 4 12 40 10 71 14 92 18 70 15 73 1 63 2 82 0 5 5 80 17 75 13 93 16 22 11 41 4 81 
16 33 8 30 0 58 7 80 1 66 14 32 17 75 4 45 11 25 19 35 15 33 6 80 18 5 9 56 3 38 5 56 13 78 2 22 12 31 10 33 
3 4 10 22 14 30 6 68 18 58 5 93 11 22 7 18 19 34 0 10 13 61 9 86 15 40 4 62 16 63 8 42 12 39 2 20 17 45 1 85 
8 41 9 84 13 2 10 46 2 92 14 56 0 37 5 5 16 37 15 8 4 52 7 29 11 7 3 68 6 6 12 32 1 92 19 68 17 18 18 21 
1 48 9 75 2 10 8 12 18 84 5 39 7 90 15 84 6 5 3 34 17 73 16 21 4 75 19 38 11 45 14 6 0 11 13 52 10 18 12 98 
15 42 9 59 10 3 13 8 3 7 4 6 2 88 14 80 16 24 5 73 6 33 11 10 19 65 18 98 17 3 7 10 12 98 1 9 8 56 0 87 
9 63 15 69 11 47 13 43 1 65 0 82 6 59 18 69 4 85 17 55 2 70 16 63 19 49 7 94 8 5 14 87 10 33 12 37 5 5 3 20 
8 94 12 51 16 82 6 58 4 64 1 13 18 91 15 3 2 40 11 11 9 24 10 85 0 53 14 84 17 26 3 8 13 6 7 47 19 9 5 36 
4 31 8 47 1 31 0 81 14 15 15 94 13 1 6 27 18 87 10 83 7 7 19 1 16 57 9 71 2 58 17 97 11 90 12 58 3 2 5 13 
16 16 10 71 13 5 11 79 7 92 2 20 0 9 1 8 14 19 12 78 8 28 4 93 3 99 9 22 17 35 6 15 18 67 19 47 15 94 5 45 
9 70 17 40 12 53 11 45 13 9 18 19 19 33 16 21 15 86 0 32 14 92 3 1 1 44 4 50 8 33 2 33 7 95 6 94 10 9 5 1 
15 75 11 86 1 18 2 1 12 66 4 63 5 86 17 74 10 46 8 30 16 15 6 29 7 61 14 34 3 36 13 74 0 56 18 82 9 58 19 2 
