150 20
15 58 5 28 16 69 12 78 18 73 17 43 14 32 9 70 11 93 1 95 19 16 7 66 3 99 6 21 0 12 13 86 4 11 10 75 2 28 8 18 
17 59 2 87 1 33 5 60 14 76 3 4 6 39 11 28 13 84 18 20 8 68 4 10 7 67 9 29 19 43 16 76 10 89 0 39 12 82 15 57 
10 69 3 44 5 79 11 12 7 82 18 73 17 15 4 20 0 72 12 67 1 78 19 26 13 24 8 33 14 58 9 87 2 14 16 42 6 52 15 85 
5 97 17 27 16 79 15 37 0 40 1 86 9 37 4 15 18 12 10 91 12 28 6 40 13 45 19 73 2 7 7 86 11 2 14 75 3 73 8 4 
7 19 16 52 2 63 10 72 1 94 4 21 14 88 12 87 9 11 13 41 18 46 15 16 0 71 5 77 8 50 3 63 17 91 19 5 11 29 6 97 
3 13 13 2 14 97 9 59 15 62 4 49 8 26 19 83 1 96 2 71 16 35 0 9 17 53 7 18 10 37 6 22 5 41 18 54 11 67 12 24 
4 54 18 14 11 67 15 34 14 50 16 94 1 67 9 26 10 98 19 46 8 75 3 88 7 23 0 72 2 69 17 44 13 74 12 45 6 28 5 43 
7 72 10 87 9 3 0 10 5 33 1 32 18 97 19 22 4 97 6 21 12 41 11 72 17 48 2 46 15 22 13 1 16 87 8 58 14 17 3 59 
8 82 13 2 15 78 10 1 9 21 0 78 1 36 6 22 19 56 14 16 17 14 2 39 11 2 5 27 7 88 3 41 16 44 4 80 18 17 12 26 
14 61 2 56 18 75 13 47 5 73 11 51 7 8 6 72 19 50 3 26 16 80 17 87 10 30 15 87 1 74 9 79 0 94 8 79 4 93 12 57 
18 74 5 85 8 4 14 57 4 26 12 34 6 36 9 4 15 46 17 78 3 60 19 14 13 77 1 93 2 67 11 74 10 88 7 40 0 51 16 16 
8 13 11 16 3 95 12 91 14 72 17 70 2 74 4 49 1 60 16 86 10 39 9 62 13 64 18 17 5 40 6 70 0 38 15 83 7 58 19 78 
15 79 4 90 8 48 9 89 6 41 2 73 18 10 1 68 19 63 3 24 7 69 13 19 14 93 5 3 0 73 12 45 11 94 16 19 17 69 10 59 
14 30 17 64 7 56 16 95 15 64 3 4 0 13 19 24 5 41 13 62 18 27 6 64 12 66 11 60 8 2 4 83 9 5 1 88 2 4 10 70 
2 88 7 57 15 73 16 57 9 93 11 46 12 18 17 92 3 64 6 76 1 43 4 81 18 96 13 74 0 46 5 27 8 29 19 91 14 98 10 33 
5 30 9 88 19 23 14 78 3 69 16 29 0 98 17 29 6 31 12 40 8 8 2 15 10 54 18 75 1 80 7 95 15 86 13 40 4 21 11 82 
3 59 8 18 14 10 4 90 6 25 11 1 5 13 19 54 7 74 16 7 18 95 0 47 15 5 17 32 2 40 13 48 12 23 1 96 9 22 10 90 
13 29 7 51 16 37 10 83 4 80 3 32 19 68 18 25 2 59 17 43 12 98 1 58 14 35 8 30 11 73 6 47 0 80 5 81 15 33 9 78 
3 39 18 68 17 81 4 52 2 15 14 97 10 39 11 11 8 63 15 43 19 59 13 14 7 70 0 64 1 7 12 51 9 38 5 64 6 91 16 88 
5 52 8 34 19 62 12 81 7 14 10 13 16 68 17 42 11 90 4 47 9 75 14 11 13 49 0 92 18 37 2 36 15 53 1 29 3 42 6 75 
13 57 0 23 3 28 10 59 4 50 8 28 9 62 7 6 18 34 2 83 14 21 1 92 17 36 19 25 5 6 12 87 15 50 11 60 16 54 6 44 
2 7 6 33 1 24 18 35 7 67 11 97 15 40 9 80 14 65 10 76 8 56 19 88 12 7 13 55 4 85 3 35 16 41 0 38 5 51 17 66 
9 70 13 98 15 74 0 62 10 60 8 22 14 53 5 56 11 78 19 63 4 41 6 52 3 83 18 95 2 84 17 30 16 13 12 35 1 66 7 16 
10 68 19 84 6 85 7 34 11 79 8 75 14 30 9 45 4 85 0 41 12 57 5 88 2 24 13 90 18 16 15 1 3 25 17 24 1 54 16 70 
4 29 1 75 19 93 11 93 6 89 2 29 12 10 3 55 16 21 9 22 10 5 7 98 17 75 13 38 8 26 14 74 5 73 15 4 18 26 0 31 
3 27 12 39 16 27 15 79 1 47 4 83 10 45 13 90 8 28 0 95 9 45 6 2 19 69 18 54 2 29 11 51 7 41 14 45 5 50 17 53 
6 84 4 14 9 8 19 53 18 44 5 64 16 36 2 89 3 67 13 24 7 50 0 97 15 13 11 92 8 48 14 41 1 22 17 70 10 39 12 22 
4 87 2 33 13 14 7 7 12 68 18 18 17 5 5 55 3 69 14 38 9 86 0 62 10 86 8 66 15 71 6 48 16 64 11 27 1 29 19 85 
16 33 0 31 11 89 18 2 17 78 14 46 12 17 10 54 13 41 6 39 5 87 9 3 1 1 3 14 2 13 8 66 7 41 4 95 19 35 15 17 
17 28 10 19 13 71 1 19 11 86 3 47 14 73 2 68 0 38 7 39 18 50 8 56 19 38 6 52 16 69 15 94 12 50 4 73 5 61 9 54 
13 32 3 74 0 13 17 50 7 56 18 2 11 47 14 32 16 63 9 55 8 2 5 47 12 24 10 53 4 77 6 40 2 92 15 26 19 27 1 61 
1 42 7 60 11 62 10 33 13 24 5 78 15 94 16 91 4 34 2 46 9 25 19 43 17 98 0 26 6 77 3 25 8 4 18 9 12 83 14 48 
12 85 16 40 4 96 5 75 9 17 7 40 6 8 15 4 13 75 8 57 14 1 18 51 17 13 0 80 10 75 2 95 3 70 1 96 19 16 11 88 
16 52 7 94 18 54 15 5 19 21 17 96 6 46 8 56 13 43 10 1 9 50 11 3 3 44 12 85 0 11 14 72 2 91 4 67 1 28 5 97 
6 14 13 75 3 45 12 12 19 53 14 67 2 12 11 24 1 50 18 47 5 84 0 54 15 40 4 40 16 88 7 57 8 17 17 64 10 14 9 60 
9 45 3 73 19 76 11 41 4 2 18 58 0 91 5 97 6 60 16 39 12 92 13 73 15 69 10 92 17 48 1 57 8 76 14 51 2 89 7 74 
16 29 11 23 7 27 12 60 9 86 2 46 4 60 19 55 15 68 14 37 10 32 8 53 5 49 18 91 17 70 0 84 13 87 1 50 3 89 6 65 
2 95 16 35 14 8 18 75 11 90 15 17 10 77 7 53 19 42 13 6 9 11 5 43 6 24 0 33 4 63 3 86 17 85 8 62 12 75 1 80 
17 56 3 27 7 54 10 47 2 28 11 94 4 54 9 25 0 70 1 58 12 62 5 42 19 35 16 39 8 79 14 24 18 60 6 68 13 80 15 67 
17 50 7 35 4 50 18 56 14 97 15 29 5 2 13 2 6 6 19 97 0 77 16 39 2 79 3 85 10 13 9 6 1 83 8 9 11 61 12 81 
10 18 5 47 9 55 2 76 13 6 16 61 11 68 12 45 18 5 1 50 0 39 7 42 17 46 4 61 6 10 3 97 19 15 14 83 8 57 15 94 
5 8 8 38 15 11 14 36 10 24 17 44 9 40 0 63 16 81 2 55 19 29 6 21 4 37 13 56 7 69 18 99 11 62 3 44 12 53 1 47 
0 28 2 24 7 64 8 7 6 24 9 31 15 55 11 44 16 94 17 92 13 24 19 6 14 20 1 35 18 57 12 7 3 36 4 77 10 97 5 95 
13 35 14 24 10 43 15 21 19 10 0 29 17 64 5 78 18 81 3 28 16 51 1 93 4 1 8 89 7 36 9 13 2 27 6 57 12 9 11 86 
10 16 5 9 19 26 16 42 0 73 15 50 8 21 4 75 3 66 9 71 1 84 6 93 13 15 17 89 18 74 11 99 7 72 14 93 12 13 2 93 
14 61 3 15 17 20 11 91 1 94 15 34 13 78 12 88 10 78 7 82 4 78 2 18 18 78 9 5 0 89 16 29 19 79 6 2 8 78 5 56 
13 71 16 62 7 66 10 19 1 54 17 26 5 44 9 61 8 62 0 8 19 22 2 86 18 63 12 11 6 58 11 45 3 49 4 89 15 39 14 8 
8 90 0 12 16 84 19 17 4 83 12 54 18 49 17 75 15 84 11 78 2 34 5 32 13 31 14 23 10 26 9 80 1 11 7 10 6 18 3 3 
13 93 16 66 19 32 0 3 5 64 8 10 15 5 17 43 9 70 18 90 1 83 11 9 2 71 3 58 12 71 10 84 6 10 7 83 4 51 14 57 
3 40 0 89 12 79 16 38 10 80 18 2 14 47 13 62 17 95 7 83 5 36 6 14 19 12 2 87 4 47 15 60 8 62 9 73 1 85 11 61 
19 11 1 19 2 5 15 88 11 51 16 85 13 35 3 93 6 70 9 77 5 51 4 98 0 19 14 83 17 23 18 15 12 15 7 5 8 90 10 57 
16 85 6 4 2 50 3 98 18 7 5 56 1 69 10 80 7 16 17 17 13 59 15 48 12 83 19 1 9 38 11 46 14 55 8 69 4 24 0 23 
7 51 4 60 11 38 10 51 14 45 18 97 0 59 17 70 13 85 3 41 8 77 2 5 5 82 12 25 9 23 15 47 16 88 6 54 1 49 19 68 
1 69 10 22 8 61 16 94 15 5 14 15 13 88 12 34 7 56 17 26 9 18 2 61 4 78 5 13 11 50 0 81 6 18 19 34 3 35 18 19 
14 72 12 66 18 49 6 45 15 36 4 66 1 95 0 94 5 41 17 83 11 67 9 25 13 18 3 93 2 63 19 54 7 54 16 7 8 96 10 27 
17 92 19 38 14 80 18 93 10 44 8 90 5 18 11 20 9 43 7 48 13 21 0 31 15 87 3 82 6 84 2 30 16 26 4 80 12 97 1 18 
8 83 11 62 13 80 7 66 5 50 10 52 16 89 19 49 3 73 6 83 9 51 17 35 15 95 18 67 12 98 2 67 1 35 4 22 14 62 0 63 
6 41 3 41 8 39 0 60 2 59 7 11 5 10 17 80 15 50 1 52 9 20 10 33 16 23 18 3 11 49 12 10 19 47 13 83 4 43 14 82 
3 93 12 69 19 74 13 96 11 90 5 33 8 8 10 4 1 91 18 24 0 28 6 8 17 14 7 71 16 49 2 55 9 15 15 26 14 86 4 30 
18 88 1 18 17 43 9 38 5 13 13 54 6 7 7 33 15 28 0 82 3 83 11 63 10 76 8 48 16 90 2 36 12 6 4 1 19 29 14 6 
4 84 3 24 11 15 7 27 13 91 16 68 9 90 17 86 19 88 2 76 1 17 12 21 18 15 5 71 8 82 14 20 6 10 15 20 10 76 0 77 
11 23 2 88 9 40 14 73 18 8 8 59 15 88 6 80 12 38 10 42 5 83 16 52 7 73 3 18 1 60 19 41 4 38 13 44 0 56 17 77 
17 1 5 84 12 15 19 77 4 51 2 42 1 87 0 54 7 28 11 27 6 55 10 75 13 23 14 58 15 42 9 15 18 87 16 78 8 80 3 94 
13 27 10 36 15 89 16 82 18 11 2 25 14 15 0 14 17 10 12 66 9 98 11 61 19 29 1 74 5 7 7 17 8 56 4 1 3 99 6 66 
1 82 4 17 8 43 14 25 11 99 15 8 13 16 3 92 7 86 9 15 19 42 2 81 18 44 17 60 12 10 6 2 10 36 0 87 5 93 16 74 
18 98 7 86 11 38 6 43 3 16 4 50 19 86 2 96 8 91 13 39 10 83 9 40 15 69 12 21 0 50 16 61 17 11 1 23 14 22 5 16 
0 63 9 74 5 63 8 44 14 77 17 60 13 6 2 24 7 68 11 22 19 65 1 65 12 85 16 57 10 13 6 51 15 11 4 67 18 2 3 50 
7 8 1 23 10 76 18 38 15 56 8 1 0 11 9 50 13 4 14 9 6 53 16 77 12 89 4 18 11 60 2 33 3 17 5 51 17 33 19 94 
13 11 18 73 7 36 16 86 1 32 15 17 3 30 14 64 10 37 5 69 11 11 4 73 17 7 9 95 12 88 6 24 0 81 8 90 2 44 19 81 
9 64 16 64 10 36 6 37 0 26 7 70 8 51 18 38 15 57 4 72 12 54 3 48 2 3 1 65 11 55 13 24 19 31 14 38 17 72 5 58 
15 22 17 81 9 33 11 47 19 40 4 30 6 84 8 77 10 83 0 50 1 45 5 93 18 45 16 32 13 80 14 68 2 74 12 78 3 9 7 16 
17 32 0 66 19 90 13 33 5 79 15 14 8 65 6 34 9 57 2 80 3 23 11 37 7 18 10 76 18 63 1 88 16 69 12 52 14 11 4 14 
5 82 18 39 4 52 0 13 3 84 6 3 12 67 19 79 1 64 11 44 15 70 16 61 10 57 7 27 14 85 8 52 17 49 2 8 9 97 13 98 
16 65 13 92 4 53 8 46 5 80 11 56 3 89 18 85 19 43 10 11 7 7 9 91 6 59 12 79 2 33 14 48 15 52 1 58 0 8 17 30 
8 63 0 98 12 27 4 55 9 49 2 27 7 20 17 37 5 53 16 85 13 64 10 73 14 16 15 92 18 2 6 7 1 81 19 26 11 90 3 20 
2 50 19 29 8 10 14 73 17 21 11 43 10 78 16 69 13 98 9 18 3 25 5 73 1 72 12 65 18 9 0 3 4 72 15 4 7 21 6 30 
16 60 2 31 10 30 19 40 17 3 18 89 15 52 8 41 12 44 3 68 5 85 4 31 0 4 14 65 9 29 7 57 1 9 6 24 11 94 13 30 
3 67 2 9 6 66 12 15 4 37 5 77 19 49 17 58 10 97 8 77 15 30 14 83 9 88 1 8 18 42 11 56 16 69 7 7 0 1 13 34 
3 87 9 14 4 81 8 13 7 95 10 28 1 95 14 36 6 8 5 59 18 35 15 80 17 36 11 79 16 85 0 40 12 9 13 71 19 90 2 57 
9 3 17 80 3 42 19 68 8 88 4 65 7 93 6 54 10 51 18 54 1 46 0 60 5 40 16 26 13 89 2 2 11 74 12 64 14 78 15 23 
0 97 6 24 8 99 10 23 7 47 1 37 17 8 11 73 16 96 19 13 4 5 18 49 5 62 12 25 2 13 15 41 9 87 3 21 13 21 14 58 
7 34 0 33 5 59 17 36 8 47 10 55 19 60 4 97 3 77 18 78 1 35 16 16 6 39 12 97 15 58 14 14 13 16 9 37 2 67 11 84 
9 44 1 64 2 11 6 30 7 22 16 22 13 93 18 46 11 55 17 10 12 64 15 88 0 17 4 12 14 12 5 25 8 40 19 34 10 68 3 86 
14 33 10 18 8 3 1 97 4 90 6 26 13 74 2 52 11 83 17 26 16 95 19 34 18 98 0 41 3 89 12 34 7 96 15 16 9 23 5 22 
10 60 2 88 11 87 6 80 5 11 1 81 8 13 12 78 7 44 4 26 18 67 9 61 19 75 17 56 16 68 15 9 0 18 3 12 13 70 14 92 
8 60 1 84 19 63 5 92 9 58 13 95 11 28 7 33 4 52 10 19 18 39 16 17 12 42 3 88 6 30 2 32 15 14 14 59 17 92 0 18 
8 40 19 93 1 95 15 24 12 7 4 25 3 69 2 17 5 41 18 67 13 38 16 60 11 30 9 79 17 38 0 72 6 66 7 32 10 91 14 13 
14 80 13 23 16 28 1 14 8 90 17 58 11 4 19 38 15 35 7 25 4 35 12 33 6 33 9 86 5 66 2 64 10 96 0 66 3 72 18 58 
14 39 12 23 19 3 16 75 1 69 15 24 7 32 2 37 8 88 17 53 3 38 9 52 10 94 6 45 18 49 13 75 5 58 4 48 0 66 11 19 
1 20 7 81 17 67 12 95 14 33 8 9 10 14 19 98 0 87 2 72 16 7 4 96 18 11 5 59 11 19 6 71 13 59 15 34 9 57 3 99 
2 40 8 88 7 38 17 41 9 13 3 43 15 48 13 4 6 2 16 69 5 66 14 17 19 31 4 63 18 39 0 46 1 83 11 47 10 23 12 92 
5 96 1 27 16 96 13 99 17 97 11 33 2 9 6 96 14 89 7 62 8 66 12 27 0 78 3 6 18 74 10 44 19 27 4 91 9 82 15 5 
14 65 5 25 4 97 17 67 15 69 3 55 9 81 11 58 7 76 6 74 1 43 19 38 18 41 10 16 8 46 2 46 0 79 16 56 12 12 13 84 
10 40 7 98 11 79 1 34 15 25 4 99 12 26 17 73 16 73 8 86 18 97 0 98 9 97 14 56 3 43 19 19 6 37 5 97 2 84 13 16 
18 67 2 19 8 15 19 42 1 96 9 6 13 5 0 34 5 63 16 43 10 41 12 9 15 65 6 85 3 8 17 20 4 23 11 51 14 88 7 80 
11 68 15 14 4 70 14 42 19 65 1 69 2 33 18 55 6 79 13 48 10 78 3 45 17 63 0 65 16 94 5 87 8 86 9 49 12 43 7 61 
0 90 1 7 5 31 18 70 2 44 4 97 15 38 14 52 3 66 17 74 8 70 10 47 6 31 13 21 19 79 12 41 11 60 16 59 9 94 7 7 
10 11 8 74 16 61 3 74 18 44 4 2 11 2 2 17 0 67 6 88 1 36 13 10 17 85 5 90 19 27 12 48 15 25 7 18 9 45 14 98 
6 85 3 69 0 65 10 38 9 61 5 90 17 42 2 72 18 42 16 69 1 80 8 38 11 40 13 72 7 59 14 21 4 64 12 20 19 25 15 85 
1 30 0 35 7 29 18 79 13 14 11 44 2 53 9 75 8 34 5 45 12 42 3 70 4 94 19 99 17 21 16 22 10 82 15 94 6 32 14 49 
9 9 15 35 12 25 10 29 6 40 14 58 17 40 18 28 3 50 1 69 16 48 0 73 4 21 11 8 19 48 8 47 5 13 2 39 13 84 7 63 
13 81 9 39 11 43 8 95 3 23 4 59 1 56 14 50 2 38 15 96 16 6 10 22 6 72 18 43 12 5 17 41 0 59 7 28 5 86 19 35 
16 79 0 11 11 37 3 67 12 99 10 15 18 45 5 67 8 18 19 28 13 82 14 8 2 28 15 79 17 37 7 93 6 37 9 64 4 27 1 92 
0 63 14 5 8 73 16 83 18 56 9 87 17 53 15 60 6 48 4 88 2 32 13 39 19 43 7 61 11 82 10 30 1 26 5 93 12 11 3 22 
8 21 19 4 17 20 15 80 3 74 11 1 10 39 18 36 5 13 2 76 7 16 9 86 16 16 6 41 1 26 12 67 14 43 13 47 0 99 4 62 
13 96 12 37 18 97 2 53 16 69 15 3 0 55 14 75 11 52 4 77 5 32 17 99 10 86 3 47 9 22 1 98 8 52 6 20 7 17 19 29 
4 7 7 58 11 79 16 32 5 26 6 93 1 21 10 81 17 72 13 92 8 71 12 45 15 63 0 84 2 92 9 8 3 60 18 30 14 22 19 60 
9 49 10 73 16 75 18 6 6 53 5 74 0 14 7 58 2 58 12 71 4 87 15 92 8 92 11 62 14 12 13 38 17 70 1 70 3 75 19 7 
4 33 1 5 8 92 11 24 7 42 15 63 0 73 2 35 10 20 19 8 13 38 18 98 14 89 16 46 5 40 12 67 9 74 17 25 3 53 6 47 
1 91 0 64 19 69 18 32 14 68 13 68 9 27 2 81 7 14 3 96 11 99 6 47 5 95 10 19 17 59 12 21 4 86 16 79 15 71 8 56 
4 88 19 73 7 1 12 83 17 10 2 6 10 51 13 77 8 74 3 33 18 98 1 92 6 97 9 22 11 88 0 48 16 46 15 93 5 4 14 99 
1 69 7 36 12 42 16 70 3 72 5 41 15 6 19 33 2 72 18 9 11 53 17 63 13 99 6 45 8 20 0 52 4 54 10 10 9 82 14 7 
12 12 7 39 14 51 8 36 5 83 19 38 11 15 3 63 1 21 2 55 4 10 0 51 18 40 10 30 6 27 13 56 17 76 16 41 15 70 9 53 
7 44 8 3 18 88 15 52 0 28 10 66 13 56 9 34 12 63 6 28 11 8 19 64 17 59 4 70 5 76 16 57 1 61 3 94 14 39 2 81 
11 21 19 59 5 83 10 68 15 69 8 77 14 27 13 99 17 24 0 47 4 6 7 74 9 29 3 54 16 74 6 97 1 82 18 35 12 41 2 21 
3 33 5 89 9 16 10 61 17 99 1 44 13 55 6 83 14 1 4 90 15 79 11 49 2 79 0 16 16 59 7 22 19 79 12 96 8 43 18 89 
8 68 2 7 1 83 17 71 19 5 14 4 0 83 7 44 13 13 4 96 15 1 12 75 10 43 6 28 18 88 11 35 5 58 16 68 9 24 3 28 
14 16 11 3 6 35 9 11 17 81 10 75 12 39 18 18 19 89 15 60 7 22 2 42 0 92 4 95 1 59 3 2 5 15 16 18 13 84 8 55 
8 19 12 3 2 41 3 19 6 99 13 40 15 99 11 51 10 10 17 6 14 74 9 65 1 28 4 97 5 70 7 21 19 41 16 54 0 30 18 87 
12 26 9 26 6 26 11 30 19 79 5 56 14 95 8 87 15 42 4 64 7 57 13 13 3 47 16 6 1 56 18 90 0 7 10 3 2 59 17 60 
11 8 6 50 7 35 12 86 2 8 8 87 14 70 16 80 0 8 15 57 5 51 3 23 10 51 19 6 13 73 1 22 17 85 9 76 18 70 4 47 
7 86 9 61 8 59 18 57 0 72 11 18 6 21 17 95 19 6 12 3 2 6 16 95 1 74 10 23 5 51 3 98 14 8 13 50 15 98 4 10 
14 8 0 88 16 61 17 54 4 39 2 19 9 32 7 94 1 67 5 66 10 57 11 20 13 33 18 78 19 24 3 18 15 99 6 51 12 18 8 38 
11 31 0 1 14 62 6 24 3 92 1 51 16 98 12 4 7 53 19 7 2 72 18 42 17 13 10 95 13 6 5 17 8 2 9 52 15 69 4 12 
15 68 0 40 14 98 17 98 10 43 18 43 6 59 3 94 11 67 5 88 7 31 13 32 19 70 9 35 4 67 1 87 2 20 8 82 12 8 16 90 
11 21 3 73 19 39 0 79 8 61 7 35 18 50 16 87 5 54 4 55 1 88 9 34 17 16 2 96 15 82 13 27 6 45 14 39 12 17 10 37 
12 9 7 59 9 44 1 36 14 8 0 43 2 33 4 56 18 31 11 29 3 38 5 28 13 89 8 14 10 58 17 94 19 42 16 88 6 23 15 92 
3 18 10 75 17 16 16 44 14 89 2 31 13 89 15 53 12 40 9 52 18 21 5 29 7 76 6 48 1 90 0 60 8 80 11 95 4 29 19 24 
1 92 18 14 4 25 8 73 9 62 5 96 19 14 13 20 7 66 11 80 3 8 15 53 12 18 6 17 16 71 17 45 2 37 0 24 10 68 14 11 
5 81 12 74 16 1 1 42 7 17 0 20 3 16 19 68 10 83 11 54 13 66 18 57 15 32 14 86 6 31 17 13 4 16 8 95 2 15 9 7 
18 1 10 86 5 54 7 58 16 13 14 19 4 27 0 26 19 7 2 28 15 73 6 65 8 4 12 21 3 36 1 19 13 97 9 31 11 3 17 24 
5 54 13 69 17 63 7 67 8 33 14 35 3 41 11 66 15 45 18 91 4 64 9 47 19 49 0 45 10 82 12 63 6 94 1 81 16 26 2 63 
6 48 9 11 18 68 14 79 1 11 7 5 0 11 10 52 19 92 5 63 2 57 16 69 12 80 17 26 13 7 15 35 4 39 11 87 8 91 3 17 
0 35 13 12 3 63 9 6 7 48 15 41 18 24 19 20 5 59 12 78 4 98 17 17 14 60 8 43 10 97 2 22 11 53 1 85 16 38 6 33 
0 81 12 77 7 59 19 51 8 86 17 9 4 53 10 45 1 93 9 16 16 74 13 71 18 6 5 48 15 59 11 95 14 82 6 25 3 98 2 89 
0 66 15 11 13 72 11 84 1 45 12 55 6 93 19 53 16 79 4 35 10 62 9 7 18 89 2 60 17 83 7 3 14 67 3 95 8 19 5 95 
1 88 10 69 18 3 14 56 19 92 12 39 11 86 13 51 4 12 0 75 7 32 15 61 8 53 16 27 3 8 17 72 9 76 2 66 5 98 6 89 
18 76 3 47 19 3 1 25 16 39 14 3 8 24 13 62 17 2 4 54 12 35 9 71 5 5 11 34 0 90 6 45 15 87 2 71 10 36 7 31 
2 78 12 27 19 7 16 31 10 45 3 61 11 63 5 10 9 82 18 81 13 59 14 42 1 59 6 38 4 30 8 20 17 43 0 53 15 25 7 68 
13 94 0 8 7 70 4 81 2 62 10 45 3 24 17 79 6 58 14 70 18 76 5 76 16 25 8 20 11 29 19 80 9 51 1 89 15 52 12 42 
3 86 1 77 4 9 7 66 8 84 10 87 6 7 12 31 19 52 18 26 9 67 0 9 11 49 13 97 2 19 15 28 16 86 17 31 5 30 14 85 
6 13 12 42 8 2 11 15 16 62 4 41 10 85 7 82 19 49 18 7 13 97 5 46 1 4 14 32 0 23 17 2 3 18 15 6 2 21 9 14 
2 74 14 68 8 20 1 96 7 86 16 28 11 28 3 18 12 52 13 84 4 59 0 33 15 28 9 51 5 26 19 77 6 62 18 24 10 8 17 97 
12 8 14 49 10 56 6 64 18 42 3 79 8 7 0 53 16 78 17 74 15 59 4 46 7 19 1 77 5 30 11 6 2 24 9 18 19 52 13 45 
1 32 7 48 16 37 15 74 3 68 4 8 0 36 18 45 5 44 17 58 8 78 6 45 19 73 2 26 13 39 11 17 10 47 12 31 14 43 9 16 
18 40 11 66 2 38 15 22 10 2 4 21 12 73 17 61 9 44 6 33 7 7 8 5 13 67 19 12 3 2 0 56 1 15 5 76 16 76 14 98 
16 55 18 82 2 70 12 90 7 60 0 89 11 50 19 91 6 74 9 12 5 63 1 91 8 10 4 14 14 69 13 41 17 68 10 37 15 78 3 81 
0 14 6 62 10 39 2 21 17 94 9 72 19 97 4 21 16 55 1 94 13 54 3 67 7 80 11 73 5 12 8 75 15 25 14 81 18 33 12 34 
4 2 19 25 3 24 2 21 11 21 1 73 13 4 12 90 8 22 10 34 9 13 0 17 17 80 7 74 5 40 18 11 14 43 16 59 6 68 15 23 
12 51 5 26 9 15 2 49 11 78 6 12 15 70 0 89 8 55 1 18 14 68 10 82 16 74 19 66 13 78 18 1 3 45 4 97 7 30 17 34 
