150 20
0 18 5 13 13 47 2 33 7 25 14 10 18 74 19 52 1 44 15 23 3 76 4 90 11 52 17 45 10 65 6 94 9 26 12 31 16 13 8 11 
19 11 14 55 11 87 13 9 3 65 9 17 4 70 5 32 10 95 8 13 0 48 16 6 17 6 2 18 6 38 1 5 18 54 12 60 7 1 15 7 
14 74 15 6 12 29 18 90 7 57 8 87 9 1 2 22 17 99 5 32 10 89 0 27 3 49 1 58 13 71 6 4 16 70 4 53 11 79 19 7 
1 74 11 86 14 89 19 31 4 26 7 3 0 93 6 54 12 21 18 72 13 84 2 61 8 76 16 10 3 67 17 28 5 84 9 29 15 32 10 6 
2 60 7 83 16 63 10 17 4 9 15 32 11 70 3 26 8 9 19 75 12 16 14 54 1 1 9 13 6 54 18 77 5 85 17 46 0 92 13 7 
13 79 5 78 14 31 18 76 1 92 4 25 7 56 0 19 17 98 12 80 11 43 8 90 16 25 19 85 6 31 3 12 10 21 15 8 2 9 9 34 
14 64 9 97 13 63 6 26 19 99 17 78 10 64 12 55 15 59 3 59 16 10 2 57 4 59 5 1 18 73 1 97 7 66 0 99 8 5 11 10 
18 93 0 92 17 82 16 8 15 46 13 16 4 38 19 54 8 53 5 36 12 87 3 39 6 58 11 24 2 95 10 88 7 91 1 99 14 12 9 52 
14 35 5 90 11 11 18 78 2 8 16 55 15 54 9 89 3 14 8 43 12 71 7 43 17 58 1 8 6 68 10 9 4 25 0 32 19 2 13 82 
1 4 7 79 3 12 18 95 2 20 11 2 12 16 13 47 9 20 10 24 17 1 14 50 16 51 6 5 0 75 5 95 15 43 19 79 4 10 8 53 
14 67 13 90 5 53 4 70 6 23 2 80 1 70 12 99 18 28 19 62 17 14 10 32 15 75 9 1 7 50 11 60 16 86 8 46 0 23 3 14 
1 12 18 35 9 12 8 17 10 96 5 83 17 27 15 75 11 53 2 18 19 61 16 26 6 99 13 99 0 64 3 28 12 48 14 74 7 90 4 33 
2 9 13 35 19 13 10 45 16 98 14 56 6 70 3 5 4 48 18 22 5 57 17 97 7 33 11 76 8 92 12 69 0 11 15 80 1 68 9 50 
6 20 3 96 9 71 1 46 2 81 10 53 11 20 18 96 0 42 14 36 7 82 16 91 15 24 13 50 19 40 4 47 12 48 17 44 5 33 8 70 
1 48 14 84 7 93 9 6 5 79 15 14 0 46 16 21 10 96 13 7 18 84 11 26 17 99 2 28 3 58 12 3 19 13 8 27 4 85 6 4 
9 95 12 63 5 44 16 77 3 90 13 16 2 37 15 34 10 14 7 48 19 21 4 85 6 95 18 80 0 21 1 71 14 2 8 14 11 64 17 46 
3 18 12 75 1 35 8 72 2 41 19 63 15 53 6 99 0 18 13 42 11 14 16 70 7 92 9 19 5 88 10 62 18 50 17 16 14 52 4 6 
16 19 2 55 7 27 14 99 4 9 1 50 13 39 17 7 10 2 9 94 3 27 18 79 19 24 11 59 12 59 6 71 0 42 5 53 15 62 8 27 
19 57 11 57 17 27 7 78 15 39 9 19 3 16 5 66 2 92 13 9 10 21 18 11 6 28 16 16 8 94 12 74 1 90 0 96 14 19 4 53 
15 87 18 41 0 64 3 25 19 35 7 94 12 20 16 5 4 83 5 78 10 99 8 90 2 26 9 52 1 61 14 84 17 1 11 2 13 26 6 86 
19 42 6 70 4 89 7 31 12 86 3 29 14 61 10 52 0 29 16 41 11 53 1 2 17 31 15 27 5 21 9 2 18 29 13 76 8 66 2 79 
10 4 9 1 17 7 3 26 2 79 12 91 14 9 5 96 7 71 19 41 16 83 4 15 18 17 8 20 6 17 1 23 0 66 15 73 13 47 11 81 
6 57 18 76 5 16 7 36 16 98 4 65 12 19 3 42 11 96 17 24 15 19 1 48 13 8 9 93 14 16 2 28 19 35 0 78 8 65 10 83 
2 61 18 11 13 56 10 9 7 30 11 33 1 37 5 24 8 70 4 36 14 71 16 67 9 91 15 21 17 7 3 77 19 46 12 54 6 11 0 82 
5 28 3 67 12 97 11 15 1 29 8 77 14 76 19 3 7 72 2 51 13 63 4 50 15 68 10 95 18 62 9 76 6 74 16 4 0 65 17 36 
13 10 12 71 17 36 1 70 11 12 0 95 6 31 4 15 14 87 9 56 18 63 19 13 10 90 2 64 3 67 8 95 15 63 5 91 7 18 16 24 
15 25 10 90 6 81 17 9 16 92 9 7 5 33 11 57 14 6 18 23 13 22 2 43 4 10 0 59 1 91 8 56 19 74 7 23 12 69 3 21 
6 9 18 90 15 35 3 38 11 33 17 61 12 78 0 27 9 89 5 64 8 95 19 85 2 87 10 71 4 33 14 62 13 20 7 29 1 59 16 6 
17 12 8 10 10 75 16 10 6 7 7 50 9 96 18 7 2 25 0 17 13 78 14 92 15 5 1 36 3 36 5 22 12 6 11 7 4 20 19 78 
3 92 14 40 10 55 15 27 12 9 13 47 6 34 9 75 5 75 1 36 0 39 19 94 18 30 17 53 4 36 2 48 7 95 11 66 8 57 16 41 
16 15 9 7 7 57 0 50 6 44 4 73 12 91 15 89 17 49 1 52 13 35 10 59 2 38 19 61 14 5 11 99 8 79 5 55 3 41 18 19 
15 99 7 79 1 52 16 93 17 87 14 7 13 32 12 78 10 90 2 12 5 70 9 43 11 91 4 18 3 22 0 28 8 91 6 41 19 55 18 11 
17 41 0 70 8 23 18 45 19 21 5 84 3 91 4 39 9 86 16 5 14 76 6 70 13 73 10 32 12 51 15 12 2 53 7 8 11 50 1 3 
16 16 12 18 7 96 8 95 19 91 10 72 13 11 3 70 17 78 9 13 18 6 0 88 6 4 4 16 11 25 15 90 5 10 1 19 2 81 14 80 
5 99 13 67 9 70 19 49 3 23 15 50 16 3 12 54 14 48 11 18 7 74 10 75 2 4 1 36 4 2 6 73 8 21 17 37 18 36 0 86 
3 87 0 7 14 70 1 47 4 91 10 44 11 68 19 93 18 41 9 68 17 99 12 89 16 17 13 31 5 63 6 73 2 99 7 12 15 52 8 92 
13 91 1 3 9 37 0 65 10 54 8 86 11 21 16 40 17 32 19 86 4 10 15 41 14 11 12 94 7 92 18 56 3 17 2 56 5 41 6 33 
4 40 12 10 13 60 16 87 17 19 9 87 10 99 6 55 15 32 2 14 8 47 7 19 3 17 18 97 1 65 14 42 11 39 5 44 19 71 0 12 
14 4 16 41 1 72 3 28 9 37 8 27 17 1 15 27 2 97 7 32 6 43 0 49 10 13 4 84 19 50 11 48 12 45 18 50 5 67 13 16 
2 52 15 53 8 87 3 58 12 93 13 97 11 76 17 1 4 30 10 36 14 96 19 64 1 56 7 62 5 70 6 29 0 70 18 23 16 86 9 57 
9 64 11 48 7 69 16 91 12 80 1 5 4 66 2 25 17 34 8 34 13 4 6 93 18 51 10 82 0 8 15 67 3 3 19 63 5 66 14 80 
4 68 7 18 10 94 8 17 11 30 16 23 18 20 15 69 12 15 0 71 13 12 5 42 19 89 9 35 6 56 14 8 17 88 3 2 2 78 1 46 
19 70 11 30 18 73 9 71 6 58 15 44 16 71 0 29 14 47 12 8 7 57 13 34 10 75 17 20 3 40 8 93 5 10 1 96 4 80 2 36 
15 55 8 51 18 65 2 55 13 27 14 52 9 35 0 11 1 72 16 66 6 4 5 76 17 7 11 40 7 64 3 9 4 17 10 88 12 70 19 51 
9 87 8 44 14 59 18 74 6 30 5 40 0 53 12 21 19 71 7 73 2 12 16 34 10 13 15 11 13 41 3 67 11 40 1 53 4 84 17 37 
7 31 4 39 13 12 8 30 1 17 14 15 16 49 9 45 17 49 5 17 18 37 10 52 3 16 11 45 0 90 6 24 2 76 19 63 15 5 12 99 
19 99 6 83 5 49 17 3 2 27 15 84 3 9 9 51 7 33 1 84 13 38 10 46 12 91 18 83 11 69 14 28 8 81 16 14 4 93 0 90 
5 91 7 31 14 52 1 67 13 12 4 59 3 36 2 40 15 45 8 43 19 99 10 35 6 48 0 64 17 91 16 91 11 76 9 83 18 67 12 53 
1 5 6 35 3 9 15 2 2 60 12 63 11 8 13 47 14 9 7 69 10 46 19 72 5 15 17 68 0 66 18 59 9 37 16 16 4 85 8 46 
5 78 16 68 9 24 8 66 18 20 2 26 7 30 15 53 13 90 6 89 10 8 17 8 0 75 14 79 4 81 3 44 11 20 12 49 1 89 19 28 
4 93 10 13 3 49 9 73 1 97 7 77 14 13 0 63 16 90 12 67 8 33 6 35 15 17 18 28 19 54 2 28 13 78 17 12 5 19 11 49 
3 16 6 22 16 5 7 28 17 57 9 36 13 13 10 95 5 72 18 2 4 56 8 23 0 84 1 47 19 31 15 32 14 42 12 32 11 87 2 2 
16 95 14 86 8 72 0 75 13 31 5 7 10 76 4 19 11 23 7 18 19 75 18 81 17 69 1 25 3 45 15 47 6 80 2 24 9 75 12 55 
7 42 16 14 19 44 18 56 11 33 14 6 12 78 2 72 9 42 10 91 8 43 15 38 17 54 3 80 13 24 5 44 1 57 6 54 0 81 4 36 
8 17 14 21 11 7 10 50 6 28 13 75 3 79 12 51 15 59 5 88 17 14 2 95 0 86 9 64 18 90 7 6 16 99 1 65 4 15 19 27 
14 11 1 16 9 50 5 45 2 29 12 85 3 59 10 29 17 67 15 58 8 90 16 73 13 22 11 23 7 94 19 27 6 97 0 27 4 73 18 76 
19 89 1 38 7 77 4 52 16 51 2 63 10 23 6 30 14 45 18 61 15 95 3 46 12 67 9 49 17 22 13 59 11 70 0 68 5 13 8 44 
1 57 12 32 16 90 0 74 2 68 14 43 5 28 9 87 7 79 8 18 15 65 4 91 11 28 19 62 6 40 13 37 3 86 18 27 17 46 10 73 
3 71 0 13 19 18 16 20 1 23 10 86 12 45 7 31 11 84 17 55 15 4 2 20 13 60 8 22 5 83 6 86 9 42 18 47 4 53 14 74 
11 32 6 90 8 21 19 46 5 11 16 72 2 70 9 51 10 85 0 97 12 36 15 41 14 7 17 12 1 93 4 52 13 11 3 63 7 21 18 67 
16 58 19 30 7 72 12 7 11 17 2 77 5 41 15 36 13 15 18 45 8 92 4 37 3 85 10 50 0 8 1 36 17 64 6 12 9 39 14 50 
17 36 2 83 13 30 14 88 9 65 6 28 5 63 3 55 1 72 12 51 10 72 8 75 18 70 16 76 15 54 4 96 19 78 0 70 11 20 7 48 
11 89 3 85 18 97 5 48 6 43 1 48 9 58 17 53 16 77 15 9 0 5 8 66 10 77 7 67 2 53 19 58 13 1 12 6 14 18 4 67 
1 7 4 58 0 93 16 47 17 49 11 7 3 35 9 97 6 48 8 15 7 1 18 3 2 12 10 89 15 81 5 38 14 31 13 66 19 45 12 4 
14 82 3 4 15 76 8 58 10 61 17 96 0 5 2 6 6 4 18 31 5 19 13 5 16 6 11 6 19 21 9 74 12 35 1 61 7 96 4 41 
12 23 2 98 18 96 4 46 16 62 9 7 7 55 15 50 17 75 3 75 11 32 10 13 6 41 19 71 8 38 1 22 14 23 0 61 13 53 5 80 
5 19 13 26 19 23 18 56 15 46 16 8 1 36 14 85 6 29 9 19 17 45 4 95 7 24 11 76 10 9 8 93 2 19 0 61 3 13 12 24 
18 37 8 24 9 77 12 52 1 66 7 26 16 14 10 63 5 85 19 72 3 4 11 62 13 55 17 12 14 32 2 22 6 85 15 82 0 31 4 77 
15 59 19 32 5 25 1 94 18 42 7 50 12 80 16 92 3 38 14 59 0 51 11 62 10 22 4 61 8 89 17 36 13 16 9 63 2 38 6 76 
18 83 14 83 4 97 17 39 16 68 2 72 5 82 19 9 3 65 7 21 8 29 13 7 9 58 6 54 0 11 12 56 10 58 11 1 15 62 1 55 
14 59 1 83 4 71 13 24 8 58 18 57 7 56 5 1 3 68 16 92 11 21 6 59 15 33 0 47 17 66 2 67 10 40 19 66 12 12 9 26 
7 68 9 90 6 74 16 51 15 64 4 23 17 81 14 41 3 84 18 14 1 54 5 97 13 50 11 16 0 99 19 86 10 98 8 66 12 48 2 42 
5 65 4 86 17 41 11 6 3 60 13 67 0 18 7 25 9 63 16 13 2 76 18 80 14 55 10 90 6 46 8 11 15 68 12 23 1 27 19 23 
6 97 14 98 1 45 2 41 7 38 4 35 17 94 15 73 5 23 19 37 3 56 11 69 16 60 9 95 8 63 0 58 18 98 10 66 13 5 12 97 
19 86 7 55 4 19 12 72 1 53 14 51 8 49 18 67 13 1 9 93 17 56 10 11 5 56 11 14 2 56 15 48 16 44 3 78 0 41 6 65 
0 4 12 80 16 1 6 93 10 7 9 19 13 64 2 24 15 68 18 27 14 52 1 35 11 50 7 3 4 55 19 15 3 17 8 19 17 17 5 94 
13 87 12 97 4 26 16 26 10 85 8 5 3 77 18 15 17 66 5 27 0 59 2 64 6 38 7 88 1 96 11 44 19 1 15 48 9 77 14 38 
18 91 8 97 19 78 5 93 4 48 14 56 15 74 6 34 2 34 16 90 7 6 10 16 11 45 12 27 0 32 17 37 13 78 1 64 9 18 3 93 
8 9 18 1 16 69 4 53 1 15 6 16 14 55 19 87 2 57 11 51 15 93 0 16 12 1 13 53 7 33 3 83 5 97 9 47 10 65 17 22 
2 24 3 54 9 81 0 28 6 92 11 40 12 68 17 8 4 4 16 73 8 70 14 29 15 80 19 59 5 23 13 68 18 10 1 35 7 97 10 26 
9 75 5 61 7 1 17 59 2 54 12 59 19 81 6 39 16 95 8 10 15 40 1 70 14 84 10 93 18 74 3 60 0 24 13 35 4 7 11 67 
17 90 9 47 14 83 13 58 3 71 5 37 0 74 8 63 15 58 18 42 2 73 11 93 7 55 6 48 12 41 10 69 16 36 1 84 19 39 4 62 
0 37 15 99 11 85 13 95 17 61 9 82 19 41 2 18 6 44 12 85 8 16 5 71 14 97 18 21 3 41 4 20 16 37 10 91 1 13 7 4 
19 86 6 14 4 94 1 61 13 45 12 40 8 81 15 70 10 51 16 18 3 75 14 37 7 80 18 18 2 84 11 24 0 70 17 74 5 1 9 84 
5 69 13 80 0 59 8 28 15 56 11 74 6 3 9 71 19 11 18 78 7 69 14 32 17 66 3 29 10 48 12 97 2 28 4 64 1 60 16 61 
3 25 4 98 14 32 1 4 13 53 2 33 9 54 10 76 11 80 0 21 16 6 17 97 8 22 5 41 7 20 18 29 19 37 12 88 15 1 6 46 
18 68 16 21 17 43 6 94 2 21 10 45 1 42 12 86 13 68 4 14 7 63 14 87 3 33 9 17 8 26 0 32 5 61 15 65 11 56 19 21 
15 99 13 49 2 98 5 24 14 64 12 41 7 25 0 63 8 26 18 12 3 46 19 86 17 77 1 93 11 68 6 38 9 72 16 58 10 98 4 6 
14 75 17 66 3 3 9 59 11 65 7 13 1 90 0 90 12 50 5 32 13 32 4 72 15 37 16 14 8 85 18 27 6 82 19 80 10 84 2 49 
3 63 2 3 18 47 9 13 15 63 4 99 19 88 8 66 6 88 0 6 14 5 12 11 11 39 13 16 5 56 10 31 7 12 17 41 16 6 1 66 
12 85 5 66 9 49 7 24 16 11 18 10 13 30 1 15 6 71 10 46 8 53 0 47 14 53 15 83 4 72 19 14 11 10 17 2 3 33 2 68 
1 69 7 18 8 1 14 78 11 34 15 21 9 32 18 84 5 84 13 46 12 63 6 9 17 89 19 92 0 67 10 23 16 67 4 12 3 73 2 84 
2 71 8 66 1 82 7 74 17 81 3 28 19 76 0 44 6 35 9 15 5 5 12 95 14 21 18 8 4 18 10 87 16 13 11 34 13 78 15 74 
11 74 15 18 18 59 17 36 19 32 3 11 4 42 13 77 14 20 8 77 6 99 9 78 0 55 7 4 12 83 10 46 2 92 16 92 5 2 1 92 
0 84 2 51 10 42 7 5 4 82 12 91 18 57 3 69 6 48 14 13 15 15 1 22 19 68 11 90 16 82 17 52 9 84 13 48 5 26 8 89 
4 80 8 13 9 67 1 81 0 89 19 22 13 7 17 1 15 76 2 49 12 8 16 33 14 89 3 74 18 91 5 33 11 62 6 53 7 53 10 43 
19 93 5 21 9 28 6 19 13 86 10 56 7 31 8 9 14 48 3 66 15 54 0 58 12 79 17 68 4 72 16 17 11 1 18 34 1 14 2 81 
2 52 11 32 1 75 5 12 0 50 8 84 17 86 19 68 15 19 16 45 9 57 14 75 7 76 4 82 18 56 6 35 10 41 13 36 12 42 3 8 
9 13 18 56 6 91 1 39 16 55 19 63 5 12 3 64 0 75 13 24 17 7 15 29 2 63 12 16 4 67 14 34 7 39 8 49 11 68 10 36 
5 96 10 1 3 33 19 85 11 30 2 51 17 72 4 8 0 50 18 40 12 44 16 3 9 69 8 48 14 41 6 42 15 34 7 55 1 61 13 21 
16 63 10 98 17 96 19 94 15 66 4 63 8 27 13 34 5 30 11 63 18 72 0 93 14 81 6 72 2 46 9 81 1 78 3 67 12 8 7 57 
12 10 18 51 3 23 9 29 10 91 4 90 8 42 6 62 7 74 1 34 5 30 14 13 19 71 13 11 15 1 2 40 17 43 11 24 0 60 16 32 
7 10 16 93 19 44 11 98 10 73 15 95 4 83 0 4 6 37 1 76 2 99 17 88 13 33 3 49 14 79 9 20 5 34 12 1 8 1 18 35 
10 36 17 19 18 44 11 24 7 76 15 32 13 58 14 4 9 55 8 6 2 47 16 20 4 61 19 66 12 65 3 46 5 81 6 3 1 45 0 74 
11 90 14 31 3 10 16 97 9 10 8 75 0 71 13 36 18 66 19 2 15 16 12 1 17 35 1 73 10 45 7 47 5 25 2 87 6 22 4 87 
13 50 6 44 18 97 0 23 4 17 19 93 11 31 17 29 1 70 7 86 14 55 9 9 10 67 2 36 12 3 5 18 8 72 16 85 3 11 15 41 
16 26 13 40 5 61 2 25 17 44 19 80 1 69 9 50 12 63 18 53 8 27 0 1 11 47 4 56 15 40 6 12 3 26 14 30 10 79 7 76 
10 11 2 46 4 39 8 58 16 11 6 29 0 27 17 28 9 37 13 27 11 6 14 49 5 6 19 53 18 87 1 23 12 67 15 91 7 62 3 77 
14 44 19 52 10 53 1 31 3 79 5 10 7 21 13 82 16 17 8 74 6 54 0 26 18 1 9 13 11 45 4 6 15 73 12 12 17 11 2 81 
2 10 6 43 18 77 9 25 17 9 4 33 12 72 5 89 7 63 0 89 13 75 1 4 19 52 14 11 16 12 15 64 8 4 10 57 3 79 11 63 
5 63 13 76 0 41 1 90 9 46 14 29 11 80 12 96 2 59 19 84 4 48 10 38 3 53 17 35 8 42 6 83 7 44 15 12 18 71 16 31 
7 23 4 34 3 81 5 13 18 78 16 62 6 22 1 62 13 22 17 62 12 74 14 94 0 94 11 44 15 52 2 86 8 62 10 40 19 16 9 78 
17 33 1 94 13 51 0 45 9 81 18 70 8 80 10 88 3 2 16 10 6 51 4 27 7 54 5 34 12 82 2 54 11 67 14 24 15 82 19 69 
8 25 7 42 6 14 0 95 4 63 15 15 2 44 9 52 11 99 3 34 12 63 17 81 14 83 16 1 13 65 18 79 1 27 19 4 5 34 10 70 
5 58 16 25 11 22 9 83 8 91 13 79 19 1 2 64 6 73 17 35 10 94 4 60 3 18 1 79 15 11 0 52 12 28 14 4 7 78 18 88 
11 12 15 32 13 22 7 98 12 84 5 27 19 84 16 51 1 84 2 75 17 1 10 54 18 50 6 27 3 25 14 48 4 49 0 24 8 80 9 72 
8 54 18 62 10 63 9 48 17 56 12 21 13 70 2 12 3 48 11 37 6 55 0 4 1 7 19 9 7 38 16 47 15 90 4 6 5 51 14 35 
18 42 15 88 3 1 17 98 10 34 14 93 4 57 16 49 8 85 13 87 1 61 12 13 6 21 11 15 5 65 7 59 19 56 0 35 9 73 2 99 
13 44 17 61 0 23 7 54 4 50 6 65 1 59 8 12 5 84 11 11 19 58 15 58 12 16 16 30 9 8 10 82 3 39 14 24 18 67 2 53 
3 2 18 30 1 68 17 31 8 20 14 36 19 68 9 61 7 94 6 71 10 90 12 18 5 33 2 88 0 66 15 54 13 95 11 69 16 25 4 46 
12 34 11 93 14 79 7 93 13 98 6 1 17 34 8 99 4 31 10 35 0 56 5 2 18 72 15 25 19 8 16 60 1 41 2 32 9 40 3 70 
19 47 6 63 12 52 17 93 1 60 0 3 5 38 9 42 14 55 18 94 8 1 10 9 7 81 3 72 15 16 13 74 11 85 4 93 16 18 2 74 
4 82 5 99 15 18 6 58 13 50 7 19 9 72 19 93 2 52 14 6 0 82 16 67 12 1 8 68 11 73 18 57 17 19 1 56 10 59 3 23 
6 72 8 54 16 61 5 94 3 28 15 27 0 3 10 59 1 13 2 91 17 83 7 92 19 15 11 22 13 39 9 7 18 55 12 27 4 47 14 39 
17 55 1 6 16 86 7 85 3 9 9 51 6 77 19 88 4 83 18 63 0 87 2 43 12 58 5 50 10 64 13 92 8 21 11 86 15 32 14 88 
12 2 11 91 14 51 8 69 16 96 7 13 17 52 2 15 5 60 18 97 1 33 13 53 19 6 4 32 0 53 15 38 3 14 6 41 10 60 9 1 
10 22 19 39 18 73 8 17 15 79 14 71 16 93 13 47 12 55 0 79 11 40 1 76 6 33 5 51 2 16 17 32 7 5 3 59 4 19 9 53 
18 30 4 84 16 50 11 46 5 95 15 66 19 2 3 66 0 43 2 75 6 78 10 39 8 20 12 25 7 39 13 51 14 60 9 76 17 49 1 73 
18 67 3 38 19 89 10 14 12 70 17 52 13 27 16 59 0 76 4 98 11 95 8 18 2 98 14 22 1 76 9 21 15 20 6 21 7 35 5 1 
19 96 18 89 0 9 3 76 13 27 10 51 2 6 8 13 16 25 9 63 17 63 12 45 14 43 1 90 6 27 11 27 15 78 5 38 7 67 4 33 
9 49 19 7 12 68 8 39 7 72 11 47 3 84 17 97 4 19 2 93 16 95 0 72 13 43 15 3 18 83 5 44 6 39 14 12 1 69 10 56 
16 57 12 15 0 53 15 31 14 28 3 37 4 11 2 52 6 93 13 1 17 80 10 46 11 24 8 26 19 12 18 89 7 47 1 4 9 18 5 88 
18 54 9 30 7 14 12 26 14 90 15 88 10 45 2 50 16 70 19 23 1 64 6 45 8 49 4 83 5 88 13 86 0 91 11 47 3 26 17 95 
3 27 5 37 18 66 17 30 6 51 9 19 19 93 8 33 11 42 4 49 0 95 14 67 16 31 15 7 1 50 2 2 12 22 10 12 13 56 7 8 
2 85 5 51 4 66 8 77 15 28 0 61 12 26 1 65 17 79 14 53 3 61 7 66 19 41 6 17 10 13 11 69 16 46 18 11 9 60 13 81 
4 51 12 25 13 37 6 72 8 11 18 90 11 21 1 29 2 31 10 21 19 57 7 96 3 6 9 45 16 67 14 31 0 59 5 68 17 48 15 4 
11 55 9 13 6 18 7 92 0 34 10 24 19 24 15 85 16 37 1 85 3 87 12 21 17 51 8 46 4 92 2 9 5 79 18 6 13 18 14 14 
10 86 19 51 4 85 8 35 16 93 14 53 15 70 2 83 12 84 0 63 17 3 3 5 18 27 11 31 7 82 1 72 9 62 13 50 6 32 5 45 
0 13 9 23 3 62 15 53 11 52 1 72 4 22 17 94 5 26 2 47 8 27 14 71 13 96 16 73 19 8 6 85 12 44 7 60 18 57 10 54 
1 53 3 38 7 95 0 40 9 87 16 46 13 84 12 94 5 19 17 53 4 3 15 58 2 44 8 67 18 45 11 54 6 7 14 6 19 28 10 35 
0 15 16 67 8 31 14 24 4 19 2 15 7 94 5 36 6 91 1 49 15 95 17 8 12 43 11 93 18 66 10 36 13 60 3 93 19 89 9 60 
15 77 4 62 8 20 0 34 16 87 10 49 18 60 19 69 14 46 13 47 17 42 5 56 9 44 3 37 11 34 12 19 7 79 6 94 1 49 2 41 
2 82 17 60 7 11 10 79 1 21 18 94 5 41 6 24 15 67 11 77 12 55 19 39 16 15 3 64 4 51 9 61 0 4 14 63 8 80 13 89 
13 45 19 82 14 11 17 56 15 13 1 42 3 51 16 7 0 71 7 76 4 1 11 2 6 26 12 10 9 17 8 4 2 28 10 40 5 63 18 74 
5 55 17 78 13 97 3 82 7 2 14 30 15 4 0 87 16 39 18 58 8 60 9 55 19 22 2 17 6 85 11 25 12 76 4 72 1 72 10 38 
11 41 4 40 0 99 17 45 16 25 15 71 10 6 13 99 19 42 18 47 8 98 6 48 5 94 7 62 3 38 1 17 14 59 12 77 9 2 2 83 
17 43 5 2 11 52 19 97 16 96 15 66 14 23 6 33 10 87 8 21 7 63 3 17 0 54 13 60 1 96 4 25 9 32 18 49 12 98 2 91 
18 25 13 16 3 52 11 96 10 7 4 48 19 51 5 7 8 1 16 98 17 34 9 10 15 71 2 26 1 94 7 17 12 7 6 56 14 44 0 52 
5 69 11 82 16 14 2 67 19 2 17 89 1 37 6 5 18 1 8 60 7 66 4 33 0 43 13 83 3 66 10 10 9 95 12 54 14 8 15 14 
18 52 15 5 17 40 5 91 12 28 16 54 4 96 1 6 6 69 13 83 2 63 19 32 3 58 10 80 14 77 9 34 11 81 8 34 0 73 7 83 
