150 20
14 5 1 40 16 78 9 85 15 90 7 53 5 36 2 25 8 55 13 16 6 77 12 46 0 98 11 65 17 87 4 43 18 44 10 2 3 68 19 80 
12 93 1 82 0 90 18 29 7 88 4 15 3 46 17 90 19 78 15 34 10 94 13 75 6 26 8 37 2 8 16 53 9 85 5 22 14 73 11 72 
2 41 14 30 18 88 9 85 11 85 12 68 16 30 0 70 6 52 17 71 7 50 5 50 1 85 3 93 4 71 15 93 13 64 8 9 10 34 19 87 
15 72 11 9 9 5 2 50 12 60 18 18 10 52 8 90 16 45 17 56 19 53 0 96 13 31 4 67 7 39 5 10 6 37 14 54 3 23 1 33 
9 86 4 29 5 65 1 30 2 41 8 79 10 44 7 10 18 84 0 78 14 24 11 22 6 33 3 48 17 30 16 27 19 62 13 95 15 34 12 23 
7 90 1 5 5 63 14 21 19 29 6 92 4 79 15 79 16 45 10 47 2 33 8 95 12 76 17 89 13 6 0 80 11 38 3 90 18 30 9 60 
11 75 17 79 13 67 16 25 0 64 2 9 4 93 14 79 3 40 19 62 18 3 1 20 8 35 15 21 7 18 9 74 10 63 5 37 6 80 12 81 
6 58 15 58 0 32 19 8 11 93 10 7 4 1 5 19 9 71 13 87 1 13 16 14 12 70 8 85 18 48 7 61 14 54 17 32 2 75 3 68 
6 97 9 11 10 82 13 45 8 90 19 59 16 24 2 41 0 48 14 58 5 82 4 47 12 68 11 29 15 93 1 74 18 59 3 55 17 32 7 51 
11 80 13 82 9 57 19 32 0 18 14 47 12 65 16 63 10 58 4 24 5 14 8 7 6 56 3 35 17 72 18 36 7 86 15 23 2 69 1 55 
5 7 4 82 19 16 8 6 16 59 6 76 0 75 13 70 11 50 1 45 17 38 7 5 10 37 18 55 2 64 15 77 14 19 12 82 9 38 3 92 
4 74 7 33 10 8 15 67 13 49 19 19 3 97 12 49 5 99 6 33 18 63 8 52 1 60 16 98 2 32 0 4 9 56 11 4 17 46 14 64 
8 66 15 17 10 47 13 28 18 3 5 30 17 84 6 32 14 66 0 1 16 90 9 47 7 10 4 50 2 68 1 35 19 49 3 58 11 64 12 38 
12 11 3 99 14 93 1 75 0 19 16 54 6 56 4 54 8 3 2 95 9 52 10 89 18 91 13 89 15 9 5 74 19 27 7 82 17 54 11 38 
15 71 13 2 11 94 2 46 5 19 12 95 8 31 17 56 1 17 4 20 3 22 16 52 18 83 14 25 10 59 0 40 6 21 7 80 19 10 9 26 
14 37 3 10 10 64 0 20 13 33 18 62 4 79 16 57 8 31 19 34 2 57 11 32 9 87 5 72 12 74 15 57 6 22 1 77 17 96 7 5 
4 66 9 54 14 42 1 10 7 90 3 26 16 51 13 60 8 38 11 1 6 17 12 12 10 62 0 65 2 30 17 93 18 92 15 84 5 37 19 27 
17 84 7 69 8 57 2 6 3 14 15 92 18 93 6 46 12 39 9 18 5 30 4 45 16 96 11 14 19 40 1 79 14 62 10 83 0 43 13 35 
17 53 15 3 11 82 16 37 0 29 19 63 14 7 9 1 18 55 3 9 7 55 13 56 6 80 4 96 12 61 5 4 8 66 10 70 1 65 2 50 
8 6 1 51 4 32 11 25 7 39 3 34 16 85 9 8 15 92 14 15 10 9 13 70 5 63 6 98 19 51 12 6 18 81 0 67 17 36 2 31 
6 57 0 27 10 47 11 77 5 54 3 72 4 82 2 98 1 48 12 20 16 14 18 16 19 53 7 61 15 19 8 50 14 6 17 17 9 76 13 62 
9 58 13 71 16 58 3 10 6 42 12 83 19 39 10 63 8 81 18 95 11 1 15 59 14 80 7 7 5 35 0 12 1 29 17 42 4 94 2 24 
19 6 8 13 7 57 11 65 9 25 15 73 1 12 13 4 4 21 6 38 3 71 12 25 10 94 16 15 18 72 17 42 5 2 2 85 14 12 0 86 
15 1 5 3 17 89 4 93 7 7 9 74 1 71 0 80 13 84 18 18 11 1 19 38 12 78 2 3 14 43 6 56 16 37 10 52 8 3 3 43 
0 26 18 70 6 16 1 66 10 94 11 41 2 9 12 83 13 51 9 33 15 11 14 87 4 48 16 50 5 93 7 60 3 71 8 1 19 43 17 80 
2 27 6 82 17 30 14 60 16 39 10 57 7 27 5 56 12 53 4 97 8 1 19 18 3 71 0 95 15 43 18 39 9 94 1 71 11 31 13 8 
5 78 7 31 16 38 0 7 6 22 3 12 19 53 11 92 12 6 18 16 17 9 9 83 1 91 2 35 14 38 10 90 13 63 15 2 4 85 8 72 
4 65 13 55 3 60 8 2 18 20 15 58 12 60 11 26 7 7 0 17 14 62 5 30 9 98 16 94 2 51 17 1 1 89 19 27 6 51 10 39 
6 88 3 44 9 92 19 78 15 29 10 36 11 63 14 34 8 70 17 43 13 48 7 29 18 19 5 28 16 93 12 52 2 11 1 18 4 3 0 29 
1 36 6 15 0 64 12 49 18 23 13 91 7 55 4 15 2 52 16 32 14 1 11 38 17 57 15 39 8 85 9 28 3 11 19 71 5 65 10 88 
2 2 12 10 11 26 16 98 8 28 7 68 14 74 18 98 17 98 19 93 1 65 10 53 5 70 3 51 6 73 15 71 0 4 9 35 4 43 13 30 
7 49 18 38 11 90 12 83 10 69 5 59 9 65 6 93 4 72 16 34 3 87 0 38 15 84 1 53 19 61 17 77 8 68 2 42 14 69 13 51 
10 13 12 13 2 51 13 55 8 99 19 35 4 48 14 63 18 49 9 75 5 92 7 88 11 1 15 4 17 4 0 45 1 46 16 39 3 73 6 30 
0 98 8 3 18 27 2 20 4 4 17 82 7 12 13 68 10 64 3 62 9 7 11 88 16 96 1 88 15 88 14 44 6 72 19 16 12 23 5 65 
19 85 10 24 13 16 7 60 18 26 12 82 15 47 16 98 1 97 9 18 4 61 2 51 3 61 0 36 17 37 6 86 14 57 8 23 5 24 11 1 
8 54 11 39 12 31 3 51 10 9 7 24 14 49 19 68 16 26 15 25 18 53 13 35 6 65 0 37 5 45 17 40 4 70 1 55 9 64 2 17 
12 92 14 18 18 10 15 97 11 77 5 72 19 34 8 60 16 55 7 48 10 3 13 29 6 15 4 59 0 90 1 48 3 7 17 51 9 96 2 74 
19 21 4 72 10 35 11 1 1 85 16 3 8 98 0 16 6 22 5 69 18 32 14 43 3 52 9 37 13 7 17 45 2 18 7 49 12 79 15 24 
18 56 15 36 19 43 11 91 2 45 14 78 8 18 10 55 5 64 3 39 16 54 0 43 6 81 13 3 7 5 4 44 17 72 1 7 12 91 9 27 
6 9 4 88 10 72 5 13 16 21 15 78 14 49 19 58 17 28 18 18 12 78 3 6 13 47 2 47 7 13 1 12 11 62 0 50 8 82 9 61 
3 53 15 16 19 27 9 81 14 99 12 88 5 84 4 77 10 36 16 4 1 73 8 10 2 64 11 59 17 64 6 32 7 70 13 60 18 12 0 82 
11 61 17 19 18 69 10 54 6 45 8 67 12 66 7 75 3 85 19 97 2 94 13 85 14 65 4 89 16 66 9 50 15 12 5 28 0 90 1 3 
1 41 7 16 16 8 18 53 8 58 5 43 0 26 15 35 9 56 12 31 17 73 2 29 6 84 14 72 4 7 13 96 11 5 19 17 10 4 3 8 
19 40 1 98 16 68 18 57 9 13 0 74 15 41 13 48 12 70 4 52 5 75 10 73 11 76 6 12 3 39 2 50 14 34 7 44 8 65 17 62 
16 18 14 8 3 39 19 8 7 59 13 80 0 20 4 17 8 40 6 43 1 86 5 2 17 96 18 96 11 78 12 83 10 12 15 29 2 38 9 30 
3 77 19 49 7 8 9 34 5 77 4 18 0 53 6 9 1 2 17 21 8 22 16 90 14 53 18 97 2 75 13 46 15 14 10 67 11 6 12 15 
18 55 9 69 4 34 10 84 1 20 11 49 16 7 7 11 8 78 3 13 6 40 13 78 0 52 14 24 17 6 2 71 19 51 12 77 5 5 15 38 
13 11 2 8 1 66 11 11 16 69 0 39 12 27 4 3 3 65 19 1 7 15 18 60 5 38 15 82 8 40 17 34 10 46 6 57 9 13 14 50 
7 94 14 20 1 48 19 20 6 8 15 6 8 63 17 20 3 3 13 53 5 86 2 83 12 47 18 23 16 82 0 21 10 55 9 76 4 43 11 54 
11 27 18 74 6 19 14 37 16 14 5 96 9 1 4 21 3 53 13 36 12 14 10 75 15 90 7 2 2 68 0 20 17 83 19 61 8 19 1 19 
14 40 5 62 1 88 15 45 10 32 12 28 17 86 18 36 16 24 13 59 6 24 4 68 0 54 9 90 11 49 19 98 3 32 8 71 7 29 2 7 
6 56 11 4 16 47 18 31 15 74 13 42 0 45 3 64 1 97 5 54 8 99 17 5 4 10 2 70 10 48 14 37 9 8 12 76 7 45 19 60 
5 11 17 35 18 79 3 78 10 62 19 17 9 51 15 57 12 61 6 60 8 17 13 71 11 82 14 42 7 71 4 17 2 8 0 77 16 39 1 6 
8 22 9 9 2 62 6 93 10 6 1 99 7 58 18 36 16 9 19 39 14 60 12 78 11 54 15 9 4 20 13 39 5 60 0 72 17 24 3 43 
0 19 4 33 19 52 2 66 8 39 16 1 9 32 7 31 11 68 13 98 6 23 3 82 14 7 1 3 5 41 10 16 18 54 15 31 12 20 17 46 
2 78 6 31 0 47 12 70 7 85 10 55 11 8 8 54 1 44 9 3 15 85 5 40 18 16 4 25 13 30 16 36 3 33 14 8 17 62 19 87 
7 76 1 89 12 39 10 74 19 70 3 93 5 5 0 72 16 50 11 26 17 40 9 3 2 32 13 44 15 89 8 18 4 40 6 93 18 45 14 36 
3 5 1 38 13 80 6 48 10 65 18 99 5 14 9 54 8 59 11 64 19 47 2 85 16 66 14 37 4 8 17 9 7 95 0 68 15 85 12 57 
7 29 3 29 12 15 2 33 11 44 15 35 4 73 6 58 1 67 8 30 19 82 18 50 14 2 16 93 13 9 0 77 17 81 9 86 5 70 10 49 
3 91 1 24 5 67 9 16 19 72 8 23 14 87 16 26 10 44 7 29 2 18 6 44 12 28 11 2 4 95 18 3 13 58 15 42 17 51 0 64 
8 88 1 95 7 8 17 32 6 52 5 92 3 64 2 23 15 42 18 99 10 75 9 2 19 75 14 30 11 6 13 98 12 90 16 81 4 16 0 44 
2 49 17 73 7 12 6 63 12 4 4 44 13 34 9 74 3 72 14 89 1 36 19 62 8 32 5 96 0 8 18 21 10 53 15 64 11 2 16 27 
11 84 12 38 1 50 8 17 5 17 9 77 10 67 4 83 6 3 14 13 2 39 17 34 15 73 16 89 18 91 3 38 13 99 7 41 19 33 0 24 
10 31 2 88 1 92 3 8 13 93 16 84 12 73 18 21 8 58 15 20 14 84 0 48 11 56 6 14 19 70 5 1 4 32 9 66 17 63 7 85 
9 74 12 61 3 90 6 35 16 64 17 7 11 66 7 68 18 77 13 13 14 82 15 38 19 32 0 56 4 15 5 48 1 21 10 40 8 77 2 53 
14 3 12 68 4 71 19 6 13 73 5 38 10 35 2 56 7 51 0 98 16 61 6 93 17 65 1 67 3 2 11 46 8 98 15 8 18 8 9 61 
2 66 8 43 12 69 7 64 11 13 0 77 16 77 14 60 17 72 10 56 9 93 19 22 18 43 13 15 5 75 3 87 4 75 1 39 6 86 15 36 
0 14 12 81 13 9 1 3 9 75 18 54 4 31 15 29 6 65 19 12 11 92 17 58 2 68 8 28 3 17 14 92 7 58 16 86 5 48 10 20 
16 90 6 40 5 57 1 84 12 58 2 84 13 49 7 87 18 43 9 72 17 75 4 19 8 31 10 28 11 73 3 27 14 44 0 51 15 93 19 37 
1 18 10 45 5 46 8 97 9 56 16 63 18 50 19 13 7 16 6 16 2 53 0 89 13 6 3 28 15 53 17 35 4 63 12 41 11 60 14 71 
19 86 12 40 0 79 10 53 1 5 6 36 14 91 11 66 16 69 5 29 9 17 13 16 18 29 17 3 4 94 7 75 8 57 2 69 3 26 15 19 
6 93 10 87 19 6 15 7 14 77 2 14 0 9 11 85 16 28 1 22 18 3 12 4 13 76 17 45 9 53 4 77 5 72 8 36 3 62 7 71 
4 9 6 12 16 79 12 92 5 70 9 85 10 35 18 69 2 24 17 85 13 73 1 17 7 69 8 51 14 9 0 44 15 10 11 88 19 22 3 4 
14 47 12 89 1 8 18 89 6 42 19 23 17 5 15 25 8 22 3 75 9 47 2 70 10 7 11 67 7 11 5 69 0 88 4 23 13 43 16 60 
16 39 13 41 4 6 12 74 10 9 6 87 18 98 9 81 2 88 17 60 1 58 5 61 0 34 7 81 8 14 15 93 19 27 14 33 11 63 3 83 
11 40 5 20 15 54 18 36 13 96 10 63 19 61 7 67 17 50 8 70 3 97 1 83 16 6 14 34 12 28 0 70 9 10 2 10 4 68 6 85 
1 37 12 84 15 28 13 90 2 70 6 28 14 96 0 81 5 87 3 2 11 95 18 73 4 73 19 19 16 57 17 69 7 35 8 78 10 13 9 16 
11 24 19 47 15 25 14 93 8 98 4 95 10 94 9 12 17 86 5 86 12 43 3 8 2 92 6 63 1 30 0 30 13 14 18 92 16 49 7 41 
12 51 15 67 2 2 18 11 11 57 16 2 8 87 4 97 5 78 0 42 14 56 1 87 3 15 9 86 6 81 10 34 13 70 17 31 7 88 19 18 
19 49 8 18 2 35 14 62 18 66 10 10 17 73 9 77 13 79 15 31 0 66 12 55 11 59 6 11 16 17 3 66 7 4 1 55 4 16 5 96 
15 18 18 3 12 44 0 33 14 31 2 10 11 68 10 30 16 66 5 70 8 35 4 5 3 13 17 34 19 39 13 42 6 28 9 69 7 51 1 71 
2 90 11 67 17 78 16 47 15 99 10 16 6 31 19 54 14 85 8 13 7 70 1 56 5 40 18 55 12 86 9 98 0 57 13 8 4 4 3 32 
18 18 8 41 14 40 16 36 11 60 10 33 19 23 15 32 9 91 17 27 12 76 4 62 7 28 5 15 6 9 1 33 2 16 13 20 0 23 3 37 
18 51 15 62 6 57 0 23 7 9 11 30 4 11 2 57 13 66 3 95 5 47 9 2 8 24 14 79 1 61 17 71 12 2 10 4 16 15 19 15 
6 34 10 67 3 71 13 80 16 9 1 93 5 92 7 47 15 52 14 28 18 49 19 15 11 52 9 69 0 30 8 25 4 22 12 6 17 80 2 34 
7 9 15 41 1 30 11 98 13 3 2 1 16 81 12 16 5 55 17 57 8 78 6 50 19 37 4 1 14 96 18 98 3 49 0 90 9 40 10 15 
9 38 3 19 16 92 8 12 15 70 10 49 11 10 14 10 5 56 13 18 1 88 7 97 12 28 18 68 6 80 4 64 0 92 2 8 19 6 17 42 
10 13 1 4 14 20 13 30 2 5 6 66 9 88 16 34 12 57 7 13 15 29 8 56 11 31 0 57 4 24 19 69 18 18 17 40 5 63 3 11 
7 87 11 39 18 34 14 91 0 11 17 13 13 64 19 11 8 81 5 75 4 33 1 24 15 78 10 82 2 70 9 45 6 37 16 22 12 65 3 55 
7 49 3 37 18 27 15 95 10 49 12 80 11 3 6 85 8 2 16 86 9 25 17 81 0 63 4 25 19 61 14 91 1 14 2 38 5 80 13 95 
11 45 6 42 9 13 12 16 10 27 1 64 15 94 19 32 14 10 0 97 8 58 18 76 5 19 7 92 17 78 4 54 3 47 13 22 2 75 16 88 
4 23 10 20 14 96 16 18 17 53 0 58 3 72 2 49 1 42 12 87 18 91 15 75 11 1 19 23 9 27 8 87 13 67 6 93 5 4 7 78 
1 33 6 8 8 80 4 90 14 44 10 93 2 88 17 34 11 12 7 2 0 84 9 8 16 74 13 26 19 19 18 92 15 96 5 16 3 23 12 62 
18 48 11 16 5 42 4 56 1 60 2 42 9 48 8 18 16 96 14 93 6 92 10 35 12 79 15 4 19 57 3 96 17 75 7 66 0 63 13 18 
2 65 7 13 11 49 15 45 18 29 19 56 4 85 12 87 10 14 6 6 9 72 14 33 16 77 1 19 8 91 5 22 17 17 13 59 3 74 0 64 
1 10 9 67 12 84 11 82 16 55 8 12 18 20 5 48 0 30 7 29 19 90 3 39 4 33 10 52 15 13 17 76 6 58 2 92 13 20 14 47 
16 70 19 32 5 78 15 67 8 25 12 68 11 89 0 49 10 82 13 60 9 78 17 20 7 85 3 96 6 9 14 26 1 9 18 56 4 98 2 56 
3 13 1 70 13 22 10 98 9 77 14 85 15 1 7 24 0 13 6 29 18 75 2 54 4 73 17 65 16 39 11 71 12 43 5 16 8 44 19 7 
19 44 0 14 13 21 1 55 2 82 14 80 11 8 3 99 4 83 5 16 6 8 17 13 10 64 16 22 15 12 9 8 12 85 18 65 8 37 7 32 
13 63 11 94 10 40 9 58 2 28 12 34 16 5 8 12 3 8 6 36 18 83 15 30 5 64 17 12 4 97 0 62 14 78 19 20 1 13 7 32 
17 77 3 77 7 92 5 37 0 93 12 6 6 27 15 18 8 88 14 55 1 44 2 65 10 30 11 62 9 44 19 55 18 22 16 16 13 89 4 36 
2 28 11 1 13 92 10 36 0 57 15 6 5 78 4 17 18 33 3 48 8 27 12 17 16 94 7 47 1 46 14 27 6 90 19 79 17 96 9 98 
5 93 18 71 2 38 10 51 15 30 4 96 19 1 3 61 0 74 13 37 6 66 1 99 11 75 17 8 7 26 8 36 9 58 12 85 14 24 16 10 
6 62 10 8 11 31 2 88 19 30 3 33 1 61 14 46 8 53 16 87 4 38 5 46 15 92 9 91 0 71 7 6 12 95 18 88 17 81 13 82 
11 76 5 28 13 83 3 64 19 69 10 91 17 8 12 23 16 32 0 6 7 24 18 13 14 58 2 52 1 99 6 34 4 35 9 75 8 49 15 54 
2 47 4 57 13 93 8 11 12 12 9 69 15 11 7 7 16 92 19 85 14 80 0 54 1 1 11 59 5 67 6 27 10 1 18 36 3 54 17 90 
19 70 2 26 14 78 18 82 13 85 12 83 1 87 3 13 4 48 5 28 7 42 16 40 17 10 8 72 15 89 6 77 0 91 9 96 11 99 10 54 
5 99 18 9 7 88 6 49 14 56 1 27 15 8 4 93 10 82 17 42 0 71 11 9 13 21 8 35 19 76 16 11 12 66 9 42 3 34 2 10 
18 75 4 85 15 19 17 95 2 22 11 65 10 96 3 79 16 15 8 59 19 46 12 75 14 34 5 49 9 14 1 31 7 27 6 78 13 2 0 24 
7 97 11 76 0 66 1 81 14 84 15 95 4 26 19 95 17 99 3 88 13 31 16 93 8 44 10 70 5 61 18 93 9 23 2 95 12 93 6 28 
12 29 4 4 19 87 15 81 7 15 16 58 3 52 6 44 9 98 0 89 17 24 13 86 10 56 1 47 8 1 11 55 14 12 18 62 2 45 5 7 
4 94 15 37 8 94 14 82 7 55 16 60 18 76 0 70 12 75 3 6 11 1 17 46 6 30 2 95 13 76 10 26 1 48 19 60 5 62 9 35 
5 45 15 56 2 66 4 1 19 89 7 48 16 21 17 53 14 81 1 8 10 7 3 69 18 28 6 51 9 63 11 28 8 46 12 13 13 66 0 33 
9 73 4 30 16 64 18 62 19 97 11 55 7 91 1 88 3 80 12 2 17 89 13 75 15 40 14 98 5 17 0 23 6 6 10 61 2 93 8 18 
14 59 5 4 7 33 8 60 15 35 9 67 0 97 19 21 13 96 1 99 16 24 6 31 11 14 2 87 3 42 18 15 12 28 17 54 10 64 4 63 
2 9 14 56 7 56 13 25 10 61 11 75 18 83 16 89 12 79 1 61 3 42 19 40 6 44 5 49 17 1 9 12 0 82 15 3 8 91 4 39 
14 92 19 25 12 53 2 13 17 95 18 53 8 14 4 85 0 30 5 10 16 86 3 1 11 39 13 73 10 66 9 64 1 90 6 96 15 32 7 30 
2 92 5 93 15 43 13 56 4 96 10 54 19 69 6 32 17 2 12 5 18 26 0 54 9 79 8 29 1 42 16 9 14 44 3 44 11 77 7 95 
8 53 3 1 11 49 10 90 13 52 16 65 2 68 19 17 15 48 17 76 12 23 6 77 5 89 4 55 18 29 1 73 9 99 14 97 0 54 7 82 
4 18 19 31 15 89 1 77 12 1 2 57 11 92 9 26 18 7 0 53 14 95 8 53 17 2 3 20 10 66 16 99 5 13 7 41 13 54 6 37 
4 34 8 60 3 58 6 39 13 8 7 86 12 46 11 47 18 20 14 69 5 88 17 61 19 4 10 13 0 24 2 42 16 81 15 97 9 80 1 23 
14 17 0 80 18 25 8 63 16 26 1 2 13 99 12 70 3 8 2 23 19 80 7 60 5 36 17 3 9 67 10 94 15 28 6 41 4 87 11 85 
1 55 4 65 0 66 12 94 6 2 13 4 3 7 11 81 19 84 9 12 18 45 8 76 10 61 7 13 5 54 14 5 2 63 15 1 17 67 16 21 
10 27 0 15 11 8 14 64 1 61 5 75 13 96 8 31 19 56 6 43 9 50 18 75 15 45 16 67 12 22 7 6 17 42 3 51 4 96 2 44 
9 77 8 99 7 14 19 18 6 27 2 58 1 73 3 52 5 46 17 93 12 3 13 49 15 15 16 71 11 82 14 61 10 4 18 89 4 88 0 34 
12 20 11 8 15 76 3 26 0 70 6 97 16 69 1 82 8 3 14 98 13 95 17 44 7 96 19 10 18 48 5 34 2 46 4 80 10 84 9 16 
12 69 18 99 1 26 4 53 0 45 19 77 7 38 2 65 13 75 8 19 14 77 10 53 9 65 5 28 15 11 11 92 17 35 3 91 16 66 6 75 
19 33 14 28 3 84 1 32 6 31 2 48 5 24 16 82 18 87 12 86 8 43 4 75 13 48 11 65 7 42 15 64 9 19 17 58 0 90 10 30 
10 4 17 33 14 47 8 27 6 74 7 28 15 50 2 58 0 90 13 37 11 88 19 92 16 79 4 26 9 98 12 30 18 53 1 73 5 7 3 62 
8 91 5 42 18 83 15 58 14 94 4 73 11 87 17 12 2 47 16 57 10 17 19 81 12 31 7 3 9 99 6 70 0 61 13 26 1 63 3 39 
16 2 0 67 17 95 13 38 3 32 1 38 2 17 19 37 10 93 6 90 14 41 15 1 4 20 12 85 18 30 8 39 7 91 11 89 5 27 9 12 
8 82 4 49 1 96 2 82 14 12 3 60 11 85 12 84 9 65 5 57 7 81 6 42 10 42 17 79 16 26 15 44 18 49 19 56 0 61 13 45 
2 1 17 11 14 6 15 33 7 72 10 5 5 31 13 18 19 29 9 78 0 7 8 22 12 38 3 97 1 45 4 20 18 29 11 20 16 49 6 30 
9 79 6 59 15 68 13 21 7 73 10 48 2 24 16 85 4 57 12 29 14 19 5 66 18 63 1 59 11 48 0 1 3 52 17 2 19 16 8 34 
16 7 4 77 13 39 3 92 0 82 1 32 9 76 11 75 14 54 12 1 5 48 10 77 2 42 15 81 18 15 7 38 8 98 6 95 19 88 17 39 
14 58 13 21 7 48 12 25 15 49 2 50 9 41 0 34 5 39 10 3 19 78 3 34 6 49 16 61 4 17 11 99 17 74 8 36 18 57 1 65 
13 51 10 18 16 8 17 22 19 64 2 71 1 27 14 38 8 35 0 57 12 52 3 39 11 82 15 80 6 2 7 76 5 93 18 76 9 87 4 6 
8 65 10 59 1 26 11 93 14 98 0 12 6 85 16 56 3 71 12 79 19 56 17 31 7 39 5 63 13 85 9 93 4 41 2 8 18 1 15 12 
14 75 5 57 0 64 16 32 3 60 9 4 19 62 18 40 7 47 17 14 12 98 1 57 6 78 13 17 11 54 2 7 15 79 10 23 4 35 8 65 
15 11 9 71 19 31 7 50 12 25 1 51 14 22 6 20 2 15 16 7 17 21 5 56 3 33 0 47 8 33 10 27 11 55 13 89 4 94 18 79 
18 46 12 34 16 31 5 76 14 34 8 17 15 14 10 47 17 41 7 93 19 43 6 66 1 50 13 11 3 34 4 99 2 97 0 11 11 32 9 92 
15 78 18 44 1 61 9 44 11 95 0 5 19 89 12 65 5 99 3 69 2 43 4 27 13 80 7 59 14 30 17 36 6 28 8 48 10 41 16 73 
17 90 16 79 9 27 8 51 15 10 7 15 13 97 12 36 19 48 10 78 3 21 6 75 1 74 4 4 11 96 5 74 0 47 18 23 2 42 14 14 
18 76 8 93 2 81 19 46 13 99 12 94 4 53 7 10 1 66 0 4 11 55 9 17 6 24 17 79 16 54 3 29 14 30 5 80 15 21 10 82 
13 49 8 86 0 5 17 21 18 17 19 42 15 40 4 35 12 67 6 16 7 65 5 49 3 96 10 33 14 18 9 52 1 59 11 30 2 82 16 93 
14 53 12 76 3 43 17 53 8 59 13 10 18 65 4 26 7 72 0 85 9 78 6 84 5 15 1 88 10 84 15 33 11 36 2 5 19 18 16 11 
1 43 19 23 9 19 6 37 12 41 17 21 13 70 0 90 11 52 15 29 4 75 8 29 2 53 3 7 18 76 16 90 5 44 10 62 14 32 7 65 
5 51 10 70 6 26 11 24 4 20 1 55 13 26 14 37 18 27 0 88 8 68 2 67 12 84 15 46 9 88 19 6 17 70 3 63 7 47 16 14 
13 41 6 21 4 9 3 10 5 85 14 20 11 33 2 65 1 45 17 24 9 5 8 45 16 35 19 6 10 49 12 88 0 36 18 30 15 87 7 66 
16 31 11 37 7 72 4 46 9 43 17 88 12 59 15 15 8 15 19 47 14 22 0 48 1 69 6 88 10 16 13 23 3 44 2 59 18 77 5 54 
