150 20
8 66 12 49 3 10 1 55 10 22 2 36 0 60 19 89 13 66 9 71 18 22 11 7 16 23 15 91 6 38 5 33 7 3 4 88 17 47 14 16 
17 50 11 64 6 63 12 40 13 1 7 78 8 3 19 5 14 97 0 67 3 7 16 71 2 79 9 98 10 25 18 22 4 72 15 64 1 21 5 99 
4 96 8 49 19 15 18 79 1 16 3 35 9 50 13 90 14 63 7 79 2 84 16 63 11 84 0 66 17 88 15 15 5 36 10 23 6 36 12 70 
14 32 6 45 19 84 8 74 5 7 0 81 18 81 3 76 7 76 15 96 12 58 17 69 16 98 2 35 13 62 11 62 1 82 4 73 9 44 10 78 
16 82 17 4 2 11 1 94 19 42 8 50 11 18 15 6 6 80 4 49 10 34 18 59 0 78 12 90 9 61 14 69 3 3 13 15 7 35 5 86 
3 17 5 30 4 70 17 45 2 25 12 20 9 84 18 33 14 6 11 3 15 21 6 83 19 31 1 83 13 11 16 97 7 53 10 98 0 30 8 43 
3 1 10 35 5 70 13 18 9 43 0 80 17 6 1 25 14 58 2 97 18 2 8 75 19 55 4 6 6 22 16 3 11 43 12 70 7 40 15 4 
7 81 3 17 17 14 4 55 12 43 11 53 14 17 1 6 15 27 19 42 18 12 8 78 0 76 13 45 5 17 16 54 10 42 6 37 2 82 9 62 
5 55 4 78 15 80 9 74 19 90 12 8 18 72 7 43 0 95 10 56 6 13 1 17 16 97 3 34 2 33 13 78 8 52 14 34 17 82 11 83 
5 81 4 27 9 80 17 60 0 84 10 41 8 77 3 94 19 69 11 28 16 45 13 2 18 90 15 74 12 17 1 35 6 90 2 70 14 15 7 90 
17 12 1 54 11 98 19 74 8 27 5 92 0 87 14 56 2 21 10 6 4 83 9 54 16 95 13 64 12 2 3 18 15 4 7 90 18 42 6 3 
5 6 17 12 2 88 11 7 14 20 18 17 6 46 3 94 10 24 19 85 13 20 15 45 8 84 16 32 12 58 7 56 4 41 1 8 9 68 0 56 
1 35 11 34 9 86 18 34 0 47 19 8 13 26 14 8 16 67 6 79 12 29 10 43 2 54 7 63 8 98 15 95 4 67 5 38 17 96 3 8 
14 60 18 64 9 84 1 51 16 42 3 26 7 15 4 64 5 81 17 19 11 51 8 12 13 44 15 36 0 75 19 19 10 30 2 52 12 47 6 42 
0 19 18 46 13 20 2 4 19 44 4 79 8 54 17 57 9 31 10 57 11 9 7 71 6 98 5 6 1 65 16 45 14 48 12 53 15 22 3 32 
16 16 5 3 1 79 7 7 12 13 14 45 6 64 9 70 10 65 3 17 15 92 4 18 0 30 8 92 18 36 2 31 13 38 11 41 17 97 19 37 
1 48 0 44 13 1 3 4 19 23 11 19 12 70 18 36 4 38 9 77 2 94 14 8 5 92 16 34 17 51 7 92 8 23 15 77 6 9 10 91 
12 70 11 79 3 81 14 16 16 2 8 60 0 51 7 26 1 27 10 12 2 52 15 43 6 51 5 31 17 6 18 91 13 34 9 89 4 23 19 17 
6 48 1 39 8 86 17 17 16 70 9 10 0 12 4 1 19 94 10 73 15 42 13 16 18 91 14 29 5 27 11 73 3 79 12 66 7 19 2 48 
19 92 17 52 15 83 13 47 11 2 5 68 3 60 6 85 9 23 2 80 0 53 10 70 7 44 18 3 16 79 14 88 12 84 1 53 4 15 8 31 
8 69 13 25 10 32 0 71 5 68 12 55 19 6 15 90 16 25 6 64 3 76 18 90 4 92 2 50 7 41 11 2 14 96 9 22 1 64 17 38 
13 48 19 15 8 33 18 8 12 58 14 25 11 44 0 60 5 70 2 27 15 89 10 15 3 93 7 28 4 61 9 5 17 35 6 86 1 18 16 4 
15 3 10 36 16 49 3 95 7 39 2 46 9 74 11 59 1 95 14 25 0 6 8 10 4 97 18 89 5 22 6 56 19 94 17 20 12 77 13 10 
10 39 6 12 9 98 5 25 2 14 18 9 16 13 19 34 8 39 0 53 17 25 7 53 4 77 3 51 15 86 12 47 11 97 13 25 14 4 1 43 
1 70 2 2 12 89 10 96 19 94 0 32 9 46 18 67 11 28 14 31 16 16 4 49 5 84 7 19 3 83 6 17 13 87 8 73 17 47 15 22 
3 49 14 31 1 50 16 63 9 65 4 55 19 95 17 72 6 67 7 18 12 26 8 89 10 54 5 66 13 59 0 76 15 18 2 35 11 53 18 17 
11 3 2 95 14 82 17 59 10 8 6 83 18 84 3 40 0 5 12 83 5 71 7 69 8 12 13 78 16 52 1 28 9 34 4 59 19 60 15 24 
16 27 6 92 14 37 19 33 2 34 11 47 17 11 4 25 13 81 8 53 7 83 1 24 15 3 12 94 5 10 0 87 9 10 10 41 3 75 18 24 
15 71 8 1 11 60 1 88 16 76 13 8 19 59 10 51 0 52 2 52 3 44 6 33 12 37 14 34 18 7 5 44 17 63 4 97 7 30 9 86 
17 64 5 11 3 46 19 45 14 29 18 41 9 80 13 12 16 50 1 64 6 15 7 91 15 63 10 13 0 19 12 17 2 84 4 12 11 65 8 55 
12 14 16 23 15 51 18 84 10 11 5 68 6 94 1 9 11 81 8 34 0 23 4 60 19 46 2 51 13 5 9 6 14 88 17 57 3 83 7 95 
0 75 2 68 16 36 7 17 14 56 10 73 3 19 17 77 12 9 13 70 1 87 19 28 15 49 9 10 5 49 6 64 11 41 18 4 8 91 4 86 
8 56 14 75 17 28 7 58 9 10 10 35 13 97 1 84 6 17 5 49 12 20 4 57 18 76 0 88 2 62 11 49 16 65 15 13 19 3 3 37 
5 71 1 55 16 69 13 9 15 16 14 99 19 69 4 48 9 41 17 81 2 14 0 30 10 90 8 32 6 16 3 56 12 34 7 90 11 22 18 95 
4 54 13 82 0 40 12 96 11 86 14 98 18 84 10 78 7 78 6 95 2 53 8 70 3 61 17 25 16 70 5 77 9 8 1 60 15 40 19 93 
4 88 3 93 16 2 10 74 14 89 8 25 15 47 13 22 11 72 7 17 17 4 19 7 12 61 0 2 6 52 18 26 9 54 5 82 2 83 1 53 
16 27 2 84 15 30 13 66 10 11 0 52 8 31 11 65 4 13 1 60 9 82 19 88 18 76 17 37 14 50 12 46 3 33 7 50 6 55 5 12 
12 50 18 3 1 6 15 87 5 23 16 30 6 56 10 1 9 55 7 44 0 40 14 83 11 23 3 70 19 24 2 44 13 26 4 82 8 4 17 2 
3 30 16 58 0 18 6 35 12 69 10 12 18 68 5 60 11 64 4 77 2 28 19 15 15 71 9 3 14 21 13 26 1 80 7 4 8 2 17 64 
5 1 7 33 0 92 12 85 18 17 6 48 1 79 10 89 4 9 2 42 19 44 17 42 8 47 9 80 15 44 13 47 3 49 14 70 16 60 11 36 
15 98 5 33 11 3 16 58 13 69 10 29 14 10 8 84 0 35 12 50 2 90 17 64 6 56 9 80 4 77 18 2 1 97 3 87 7 40 19 80 
2 22 16 43 8 76 1 50 15 39 17 66 4 41 10 87 14 91 9 25 19 76 3 72 5 42 13 40 7 6 11 97 0 73 6 67 12 9 18 52 
13 86 14 36 19 46 16 37 8 3 7 39 5 94 9 21 1 53 10 58 6 64 17 16 0 56 18 48 12 74 4 75 11 25 2 49 3 83 15 71 
15 44 18 25 9 23 12 76 4 59 14 88 2 70 1 43 11 96 0 69 17 89 3 3 13 31 10 60 16 18 6 83 5 40 7 62 8 22 19 91 
19 95 1 88 5 2 9 43 10 30 3 78 17 18 2 48 12 52 14 96 18 90 8 89 11 82 16 87 7 78 4 58 6 51 13 67 15 13 0 69 
8 6 16 77 2 26 9 62 14 65 17 78 13 89 4 92 6 95 15 32 12 52 3 70 18 5 19 90 1 51 11 52 0 62 10 98 7 54 5 25 
18 51 5 1 16 77 11 72 19 55 4 37 0 99 17 27 14 15 13 54 6 71 8 69 2 65 1 34 9 46 15 43 3 6 12 81 7 30 10 78 
1 75 5 61 7 73 14 46 15 10 6 91 12 44 0 45 3 42 2 6 9 33 13 21 19 50 10 38 16 57 17 71 8 56 4 69 18 35 11 38 
1 52 17 97 14 36 10 94 4 83 9 85 11 38 19 80 0 65 2 6 12 31 18 55 16 92 3 50 13 96 5 9 7 44 8 65 15 10 6 12 
1 26 19 26 10 83 18 56 8 46 5 59 6 68 17 80 0 10 16 33 11 32 14 55 3 78 7 83 4 96 12 30 13 14 2 55 9 43 15 84 
16 79 0 85 14 15 15 24 19 68 1 76 7 42 10 23 8 16 5 37 13 30 18 34 2 84 12 61 9 57 11 33 17 98 6 66 3 29 4 29 
7 79 13 64 2 50 5 66 17 70 18 74 15 4 3 42 0 33 14 36 9 34 11 32 16 36 1 45 19 1 12 29 8 21 4 24 6 91 10 92 
6 64 2 71 18 6 19 95 15 99 10 64 0 27 5 83 9 15 1 14 14 3 7 98 12 15 8 71 11 90 17 79 4 70 3 63 13 57 16 5 
4 22 13 96 8 40 2 4 5 56 0 6 11 60 17 96 6 2 18 95 12 79 10 47 9 34 16 96 1 44 19 1 14 37 7 51 3 67 15 74 
10 94 3 43 9 6 11 35 6 57 14 38 17 41 12 52 5 55 16 21 2 98 1 95 19 3 7 51 4 95 15 65 8 12 0 8 13 17 18 67 
4 10 10 20 2 5 11 17 9 14 3 44 12 47 1 13 16 81 15 90 6 2 8 32 7 55 17 58 5 6 19 43 14 54 13 63 0 31 18 94 
0 49 6 6 12 78 5 27 1 9 4 56 10 53 11 36 2 17 19 60 14 1 13 49 18 2 7 45 16 50 8 82 9 75 17 56 3 81 15 66 
5 63 18 44 9 78 17 81 3 72 2 61 13 45 8 4 4 8 16 44 11 20 0 50 19 70 7 91 15 14 1 36 6 32 10 41 12 87 14 6 
1 37 18 95 3 8 14 21 0 77 17 71 9 16 2 90 16 54 19 45 11 74 13 80 12 45 7 58 10 46 6 77 8 21 4 7 15 58 5 86 
17 70 9 73 11 52 13 28 5 50 4 77 7 59 10 7 1 28 3 66 16 22 12 7 14 95 19 66 15 73 6 92 0 56 18 26 2 3 8 65 
15 38 0 30 5 46 3 62 17 11 14 90 19 69 8 32 6 83 7 40 1 51 4 6 13 41 18 38 10 80 2 68 11 11 12 63 16 98 9 75 
14 65 7 47 10 5 19 12 6 62 15 95 9 16 5 65 12 2 0 41 8 42 1 38 13 11 17 64 4 55 2 80 16 70 18 61 3 81 11 84 
16 31 13 5 9 37 3 70 14 66 12 59 2 11 18 5 7 16 11 51 19 93 1 70 17 47 8 19 5 90 10 86 15 67 4 94 0 87 6 21 
3 32 7 80 19 16 6 90 15 56 5 19 4 45 13 81 16 19 18 39 10 76 2 23 17 6 0 38 1 92 9 62 11 72 14 99 8 57 12 91 
11 1 10 53 3 39 16 20 8 6 18 61 0 22 1 72 13 92 5 50 4 34 6 27 17 9 15 15 14 84 2 88 12 18 19 71 7 46 9 47 
3 45 9 10 15 6 18 69 1 53 0 36 16 83 10 13 14 36 11 77 7 33 2 72 8 96 6 11 13 82 5 63 12 11 4 87 17 75 19 62 
2 71 12 17 9 49 3 76 7 4 10 45 11 58 19 31 14 21 16 26 17 67 8 75 13 5 5 82 4 14 0 9 18 16 15 76 6 1 1 74 
8 98 4 18 0 2 16 12 9 54 17 79 1 43 3 70 14 24 2 46 7 92 15 54 13 60 19 11 6 7 12 78 18 23 10 38 11 41 5 13 
10 68 14 66 0 25 2 5 6 82 8 64 16 58 9 56 7 22 12 3 4 83 15 4 18 91 19 54 3 4 17 87 1 5 5 89 11 37 13 49 
4 20 14 80 6 69 11 84 18 64 9 71 7 74 12 21 16 56 1 70 8 63 5 95 17 51 15 74 0 52 10 91 19 88 3 38 2 39 13 90 
18 55 17 90 19 72 1 63 5 26 9 97 2 16 7 53 4 57 11 50 12 88 14 61 13 44 3 86 8 93 15 80 6 33 16 25 0 96 10 78 
11 1 14 43 1 45 16 90 10 57 0 56 12 39 5 21 8 85 18 44 3 87 15 19 9 82 4 72 7 77 13 10 6 90 2 21 19 7 17 50 
11 25 13 37 0 19 19 3 17 69 8 68 5 90 7 7 9 8 2 31 15 37 3 93 18 24 10 5 4 1 14 6 16 47 6 98 1 96 12 91 
3 41 5 71 11 34 1 42 12 84 14 44 10 26 13 79 0 48 17 66 8 11 2 36 4 71 15 5 6 1 18 82 7 7 19 87 16 70 9 77 
9 13 3 8 6 58 4 54 16 76 19 26 1 18 5 66 2 77 11 73 17 72 18 96 8 85 12 4 10 17 7 29 15 83 13 9 0 93 14 56 
11 61 19 92 0 57 5 5 13 33 14 10 9 40 18 73 6 73 2 77 4 93 17 71 7 81 15 83 12 19 1 31 10 1 3 53 16 39 8 14 
1 8 5 3 10 31 3 77 16 64 6 60 9 2 15 66 13 17 17 83 4 13 0 30 8 90 14 25 2 5 18 97 11 70 19 86 7 43 12 16 
13 3 6 49 16 42 5 75 9 1 8 7 12 28 11 70 15 86 19 81 0 56 7 57 18 81 1 4 17 70 3 3 14 96 10 43 4 10 2 76 
6 39 11 42 13 55 3 97 8 83 14 25 2 60 12 61 0 87 9 72 7 66 17 40 10 31 1 42 5 16 4 40 18 34 15 48 19 20 16 17 
1 71 8 89 13 15 6 60 2 74 19 80 9 71 16 63 12 66 7 8 5 48 14 42 0 69 15 23 18 38 4 63 17 47 11 83 3 52 10 14 
8 12 0 77 2 71 15 58 1 57 12 3 7 14 16 25 9 58 18 79 13 57 11 20 5 39 14 35 3 76 19 36 10 65 6 81 4 84 17 15 
4 10 19 58 18 55 17 64 10 71 5 9 11 45 2 17 8 3 15 61 16 73 7 80 6 41 1 75 0 5 3 86 13 57 14 6 9 88 12 55 
11 7 16 5 8 50 19 93 3 62 7 78 0 32 17 23 5 65 2 14 10 7 18 53 14 24 12 15 13 65 15 33 9 26 6 60 4 5 1 50 
9 4 14 46 3 63 16 47 8 9 5 71 12 75 13 80 2 47 1 1 18 71 7 53 6 49 15 35 0 23 10 85 19 69 4 16 11 23 17 7 
5 39 15 64 9 22 14 4 4 26 1 94 16 25 10 80 19 64 2 52 17 19 3 23 0 21 13 63 7 23 12 26 18 16 6 45 8 57 11 25 
19 42 15 90 3 42 17 58 16 70 13 89 6 77 18 76 10 92 5 78 12 35 9 23 8 77 0 49 4 3 7 64 1 12 2 17 14 33 11 75 
13 48 6 19 16 74 4 68 15 24 9 20 5 36 18 55 1 55 14 79 3 31 7 73 19 31 11 74 10 92 8 16 0 41 12 3 17 33 2 15 
18 22 16 6 12 78 0 47 3 39 9 74 17 39 19 12 6 97 4 49 2 31 10 98 11 71 5 74 8 16 1 10 14 94 13 74 15 17 7 44 
16 87 18 1 3 70 8 1 1 12 19 29 2 92 15 11 5 42 0 87 14 82 10 95 6 91 12 83 11 89 7 22 9 92 13 38 17 58 4 22 
2 17 8 85 1 99 5 42 3 8 12 40 9 79 13 99 19 5 10 24 6 57 7 50 11 38 17 18 4 77 14 3 0 16 15 82 18 7 16 43 
0 27 19 57 3 19 5 98 7 98 14 6 11 98 2 14 6 38 9 22 4 82 18 1 12 95 16 42 8 8 1 55 17 26 10 50 15 8 13 84 
15 16 1 24 19 5 8 96 12 4 13 61 5 60 2 27 10 6 14 15 3 24 18 78 6 94 7 64 9 41 17 91 16 40 4 87 0 63 11 49 
11 89 0 75 3 44 2 65 10 68 1 55 18 33 13 24 15 6 7 21 8 19 14 57 6 92 9 28 19 15 5 41 16 88 4 9 17 63 12 87 
17 82 19 55 12 49 5 53 7 36 3 58 4 63 16 21 13 59 11 20 14 96 15 16 6 46 1 13 8 91 2 41 10 63 18 95 0 4 9 63 
17 5 0 88 11 19 16 90 5 33 3 60 15 7 4 84 18 29 7 61 8 49 13 31 14 94 1 73 2 95 6 40 9 50 12 25 10 32 19 30 
17 59 9 1 6 26 15 68 5 10 2 22 1 51 12 80 4 55 16 68 10 44 3 64 14 72 8 89 19 79 18 5 0 90 7 80 13 99 11 98 
5 10 3 19 17 27 16 3 7 68 6 2 12 39 2 86 1 54 0 99 14 71 4 17 13 70 8 40 19 56 11 77 18 92 10 62 9 62 15 69 
16 84 10 97 15 46 17 99 14 28 19 78 8 20 2 73 1 45 4 11 3 96 0 55 11 79 5 2 13 70 6 46 12 19 7 20 18 36 9 56 
17 64 19 67 10 53 0 73 3 3 2 31 7 73 14 49 13 2 6 62 16 81 11 89 15 19 9 71 5 85 18 72 12 51 8 14 1 19 4 89 
10 40 13 20 16 53 14 60 0 70 4 11 7 32 12 58 18 80 19 34 17 9 1 25 11 58 15 28 2 67 5 54 3 80 6 70 8 97 9 19 
4 11 19 59 5 59 16 35 2 66 3 64 13 44 15 95 6 75 11 45 18 7 12 15 7 18 14 66 0 99 9 55 10 23 1 7 8 34 17 54 
5 50 11 82 6 84 14 33 13 73 19 3 17 18 1 62 8 93 2 43 7 96 3 72 10 99 15 3 18 82 4 98 0 28 12 98 9 11 16 63 
7 4 5 90 12 19 16 69 2 17 1 24 6 60 3 69 14 33 18 79 4 50 17 76 9 70 8 77 13 27 11 72 0 36 10 35 15 99 19 85 
18 63 10 62 9 24 3 81 15 47 19 88 1 99 14 26 12 35 5 1 2 84 13 97 0 3 11 70 4 59 8 99 7 49 16 42 17 69 6 42 
3 47 13 31 10 82 4 41 1 8 18 52 8 19 12 75 15 54 7 18 19 77 6 21 2 87 0 88 16 74 11 53 9 89 5 84 17 35 14 3 
0 63 15 19 5 67 17 89 12 22 19 31 16 91 13 61 10 70 11 9 6 65 4 8 1 24 3 28 2 40 7 71 18 80 8 95 14 6 9 11 
19 44 13 51 1 79 16 20 4 94 18 21 14 71 11 74 15 65 5 28 8 20 7 48 12 81 6 59 0 48 3 85 10 8 17 81 2 99 9 30 
13 90 8 30 4 18 5 77 19 78 1 67 0 6 6 81 7 93 18 95 12 70 16 99 10 86 11 62 9 25 3 80 15 12 14 82 2 75 17 89 
0 8 12 13 10 7 13 99 18 11 8 31 19 68 14 75 16 97 4 59 6 27 2 34 5 67 7 3 1 86 11 87 15 26 9 43 3 63 17 39 
0 27 16 40 12 11 7 48 3 11 19 54 15 33 14 46 9 84 8 36 6 47 11 14 10 41 17 49 4 62 1 61 13 88 5 61 2 70 18 66 
12 14 2 16 7 94 15 46 3 43 11 57 19 81 0 20 14 65 13 16 6 2 9 1 10 16 5 45 18 30 16 26 4 19 17 42 1 78 8 88 
5 39 7 37 6 8 4 62 12 78 17 5 11 57 14 28 0 96 13 29 2 29 9 89 18 2 10 80 19 11 16 49 3 66 8 88 1 59 15 56 
15 11 14 33 12 68 7 79 0 95 10 96 11 32 5 76 16 19 6 19 8 26 4 52 13 64 18 16 3 23 9 29 2 83 1 92 17 36 19 6 
19 53 7 75 10 79 5 87 8 42 11 45 9 42 18 70 0 82 14 56 13 37 15 40 12 29 1 82 6 47 4 32 17 76 2 25 3 13 16 81 
1 70 8 2 2 52 16 50 7 51 13 70 4 38 5 8 0 31 6 76 17 99 10 56 3 99 18 33 12 29 11 68 14 19 19 88 9 85 15 98 
13 84 0 26 3 3 9 28 15 23 6 35 12 22 16 60 18 17 19 96 8 44 17 16 5 95 4 43 10 94 11 37 1 18 2 91 7 29 14 8 
7 12 17 7 15 44 3 25 5 18 11 54 18 42 0 49 8 73 1 23 16 59 9 62 2 27 10 71 12 8 6 17 4 29 13 70 19 47 14 86 
11 62 17 94 1 26 0 96 7 22 16 59 4 76 6 98 5 59 9 59 10 39 15 11 18 69 19 94 2 95 3 53 14 28 8 12 12 43 13 31 
5 97 6 39 9 18 15 6 10 30 13 48 14 72 8 76 18 83 0 58 19 25 12 84 11 26 4 33 2 38 16 92 1 60 7 44 17 63 3 10 
1 27 2 14 5 57 17 24 8 59 10 75 4 34 18 5 19 8 3 11 15 62 7 14 14 29 12 11 6 78 11 97 9 84 13 89 16 53 0 83 
16 44 6 77 5 76 18 63 15 9 12 82 19 32 7 60 2 8 8 48 11 96 13 40 1 31 10 94 9 49 4 59 17 69 0 65 14 70 3 37 
12 63 11 58 15 39 16 81 10 98 8 19 0 64 5 1 2 73 17 95 18 94 14 21 4 95 1 69 3 55 6 71 9 66 7 46 19 94 13 48 
14 50 5 38 17 65 6 20 8 1 4 34 15 7 9 16 13 40 2 65 11 61 7 30 3 89 12 60 19 18 0 59 16 24 18 39 1 23 10 90 
13 95 7 70 5 70 2 16 17 77 3 73 9 80 10 64 6 59 11 56 4 10 19 85 0 84 16 47 18 55 14 7 1 72 12 89 15 10 8 4 
6 72 12 49 8 35 0 87 18 52 13 94 17 29 4 61 9 90 1 9 7 79 16 58 15 67 10 94 2 12 19 96 3 12 14 33 5 26 11 28 
4 15 11 22 15 27 16 63 19 27 0 33 10 25 12 27 14 3 7 30 3 43 2 19 8 36 9 46 6 72 13 18 17 54 5 68 18 39 1 12 
1 25 12 26 17 71 2 48 11 57 10 21 8 18 19 26 15 76 9 12 6 91 14 95 7 70 13 87 0 92 16 20 3 24 5 62 18 43 4 20 
15 44 3 25 2 51 19 59 9 56 8 14 11 41 13 24 16 22 17 19 1 23 4 14 7 32 12 33 5 44 14 58 6 5 0 69 10 87 18 18 
8 33 14 42 4 95 16 55 18 75 2 12 7 11 1 93 0 2 15 70 9 32 3 94 5 9 10 82 19 14 13 88 17 3 12 46 11 98 6 96 
8 76 12 1 9 17 4 74 1 63 16 9 10 57 11 71 14 44 6 37 0 64 7 71 13 34 19 56 18 27 2 31 3 17 15 98 5 98 17 19 
7 86 16 82 11 18 5 71 0 48 12 50 2 21 18 17 1 88 3 59 19 33 8 2 6 49 15 86 9 74 13 9 17 26 10 5 14 34 4 58 
7 75 17 57 10 85 13 97 15 31 6 66 4 82 5 45 3 88 1 98 0 30 11 24 8 32 9 21 14 7 18 38 12 34 16 32 2 81 19 64 
16 49 14 9 11 94 19 85 13 88 1 65 8 29 6 67 18 65 10 97 2 56 3 97 5 86 9 69 12 29 7 73 15 47 4 71 0 91 17 17 
10 13 2 61 11 19 1 56 7 47 9 16 5 52 17 31 13 90 14 17 8 90 3 46 19 45 6 19 15 71 16 23 0 99 12 50 4 50 18 60 
13 62 6 22 1 11 10 39 19 46 18 92 14 4 9 38 12 20 7 1 8 31 16 54 4 47 11 7 2 85 17 26 15 64 0 92 3 4 5 28 
17 40 6 53 15 73 1 23 13 15 10 8 0 78 11 64 12 80 4 26 7 9 3 88 2 63 19 18 5 76 18 64 8 58 9 93 16 49 14 9 
0 50 2 38 3 69 10 77 14 31 4 36 7 80 17 34 12 90 19 57 8 90 18 45 15 10 13 39 5 66 9 31 1 19 16 26 11 3 6 41 
9 66 12 23 13 99 0 51 6 49 2 60 17 9 18 77 15 43 5 4 3 74 8 79 19 98 14 65 10 83 11 70 16 65 7 56 4 14 1 9 
4 79 19 55 6 69 12 41 7 34 2 51 9 95 5 69 0 21 11 91 1 24 3 27 14 65 17 64 15 39 18 76 16 82 10 8 13 35 8 75 
6 11 19 8 15 51 4 91 7 35 17 96 9 75 18 35 5 84 0 21 11 14 2 69 8 73 12 96 14 16 3 83 10 8 1 95 16 42 13 29 
7 2 9 59 11 72 14 98 13 45 3 9 19 43 5 7 18 23 6 94 15 63 0 86 4 11 8 79 17 83 12 69 10 14 1 62 16 96 2 13 
6 57 11 13 17 97 19 43 5 14 14 43 13 31 8 26 2 78 1 36 12 93 15 60 7 23 18 97 4 23 16 41 9 27 3 95 10 47 0 72 
4 55 9 68 13 1 8 85 15 75 2 21 5 2 6 94 16 19 14 61 7 87 17 31 19 68 18 70 12 31 11 29 1 39 10 11 3 28 0 55 
4 53 19 20 9 44 14 69 15 54 3 12 11 50 5 1 1 9 13 26 16 49 2 45 12 56 17 4 10 62 7 72 0 27 8 10 6 73 18 13 
12 99 0 92 11 12 10 20 2 14 3 26 7 46 4 12 6 72 8 26 18 52 16 55 15 92 1 81 19 62 14 39 17 13 9 75 5 86 13 71 
12 74 6 19 2 13 3 72 16 45 10 22 11 98 9 16 17 33 5 87 15 72 14 99 7 51 13 5 18 75 4 44 19 24 0 62 1 73 8 68 
19 70 6 58 9 51 18 76 13 88 17 53 5 42 15 93 16 32 10 77 7 83 1 83 3 88 14 15 4 18 12 14 0 71 2 62 8 22 11 99 
11 43 12 34 5 99 9 30 16 41 19 95 15 22 4 14 17 25 2 81 8 41 7 72 3 11 1 28 10 87 18 26 14 14 0 3 6 83 13 60 
17 92 3 50 19 41 5 36 10 88 4 69 0 72 12 95 6 77 14 47 13 8 15 33 2 33 1 81 11 26 9 44 16 30 8 81 7 65 18 59 
7 10 0 15 15 43 16 48 3 65 9 32 1 81 19 53 10 53 17 36 6 65 18 69 2 8 13 74 12 50 8 68 5 30 4 67 14 73 11 35 
