150 20
10 40 9 47 6 54 1 63 8 35 15 88 16 20 7 40 5 51 18 40 11 16 3 97 4 30 12 14 13 63 17 96 0 29 19 90 2 99 14 48 
0 78 3 95 8 42 17 8 12 79 1 51 18 15 15 41 19 81 14 62 5 26 2 69 10 8 6 97 13 68 7 85 16 27 4 16 9 97 11 95 
12 7 9 32 10 25 14 97 0 42 8 44 19 77 1 69 6 55 16 13 11 89 4 83 13 48 3 53 17 50 2 44 15 27 18 52 7 7 5 8 
14 6 7 5 1 75 0 51 15 92 3 89 9 17 11 1 8 29 16 19 2 75 17 2 6 12 18 55 13 17 10 68 12 37 5 80 19 61 4 84 
2 95 12 91 4 23 11 33 1 46 7 93 0 53 9 11 6 91 19 56 15 47 10 51 16 45 13 58 8 35 18 25 17 17 5 85 3 54 14 37 
4 73 15 15 17 38 16 83 7 75 9 72 12 16 2 46 14 20 6 63 8 26 18 47 10 31 0 92 5 35 19 51 11 4 1 16 3 21 13 87 
11 47 5 71 2 14 0 66 14 27 1 84 17 16 3 37 9 16 4 77 6 57 8 38 13 84 18 95 12 9 19 32 7 25 15 69 16 19 10 87 
17 16 16 59 18 32 12 61 19 81 3 41 9 94 14 63 11 36 6 95 10 59 8 88 4 1 1 33 0 86 7 12 13 96 5 24 2 5 15 11 
1 51 19 48 9 87 14 83 0 47 5 78 12 49 16 5 15 12 6 1 17 11 2 92 18 30 13 85 8 64 11 16 7 7 4 85 10 90 3 33 
10 45 7 74 12 97 16 35 5 47 3 87 8 72 13 42 6 85 0 71 19 20 2 89 18 69 1 1 9 70 4 28 15 75 11 27 14 24 17 54 
7 58 13 18 14 54 12 27 8 23 11 91 18 63 10 63 6 20 9 83 5 75 17 7 19 95 16 96 3 2 4 72 1 16 0 67 2 68 15 7 
5 86 14 33 19 93 0 27 17 94 10 73 13 24 11 40 1 62 3 81 12 7 9 37 8 21 18 85 15 96 16 97 4 29 6 35 2 80 7 90 
14 34 6 39 12 32 18 53 19 56 7 17 0 63 11 33 1 98 4 54 17 62 16 44 9 64 2 44 10 90 5 60 3 66 15 66 13 79 8 70 
14 17 13 7 9 42 19 79 6 76 4 45 8 89 12 51 3 20 17 64 1 67 11 74 16 71 15 32 10 55 5 54 7 18 0 91 2 76 18 37 
9 16 19 40 1 34 4 35 17 18 13 7 10 60 15 16 2 69 8 36 12 56 3 35 5 37 18 8 0 17 16 29 11 70 7 25 6 25 14 48 
0 34 11 84 9 71 15 28 10 88 7 48 17 13 4 60 8 66 14 22 3 34 1 91 12 36 19 31 18 9 13 85 2 44 6 45 5 77 16 61 
16 55 8 86 10 11 13 81 17 23 1 18 6 74 14 13 5 39 15 49 9 48 7 51 3 22 12 14 18 66 0 74 19 35 11 94 2 62 4 87 
10 22 8 61 13 18 6 93 17 65 9 73 3 54 7 71 2 68 1 20 19 31 15 16 16 18 12 42 14 65 0 70 18 26 11 83 4 22 5 44 
14 39 9 63 13 84 5 60 11 7 16 11 10 67 6 89 2 45 19 81 7 30 1 21 8 63 4 46 18 9 0 40 15 81 12 39 3 49 17 54 
6 44 18 16 16 28 1 20 9 18 7 2 15 47 17 6 8 3 19 53 5 6 13 73 10 87 12 43 3 15 4 15 2 76 0 47 11 49 14 34 
8 57 5 42 18 65 17 48 4 3 12 34 3 66 15 27 7 23 19 37 6 6 0 56 11 67 16 33 2 25 9 10 13 48 10 9 1 3 14 43 
18 34 19 29 7 83 17 17 0 21 14 49 3 59 5 81 2 87 4 90 12 68 9 52 15 57 11 17 13 41 10 39 1 45 16 12 6 96 8 23 
17 61 19 15 0 78 8 82 3 97 15 93 10 79 11 3 13 22 9 60 7 74 16 33 1 98 4 9 14 74 12 4 18 60 6 64 2 70 5 58 
17 19 13 54 8 66 5 67 12 41 9 56 6 2 16 46 1 35 10 4 15 42 11 48 18 22 4 98 2 3 0 27 14 33 3 46 7 65 19 81 
12 84 1 55 5 48 16 10 3 2 15 41 9 22 18 70 0 51 13 11 19 22 2 26 11 52 14 22 17 36 7 19 8 70 6 78 10 75 4 18 
14 43 1 28 17 41 18 65 10 90 7 85 15 99 2 47 11 53 0 11 8 38 3 49 16 70 9 11 13 34 12 56 19 72 6 20 4 68 5 7 
8 51 15 48 5 24 9 98 17 63 11 6 3 49 19 15 12 20 6 16 7 44 10 39 2 55 16 52 13 43 1 84 4 93 14 37 0 60 18 94 
12 16 14 45 4 11 6 8 15 35 18 65 16 15 9 91 5 31 1 29 3 40 17 71 19 89 11 36 7 93 13 9 8 86 0 65 10 15 2 26 
7 93 13 35 17 35 12 37 0 18 15 69 3 92 4 37 5 39 18 73 8 97 16 35 2 88 9 70 14 27 11 66 6 86 1 33 10 81 19 33 
19 57 3 31 7 37 0 41 15 23 2 39 18 60 10 61 13 44 8 20 9 1 11 35 5 99 4 68 17 68 16 39 1 43 12 55 6 20 14 63 
5 75 13 88 14 37 0 29 19 22 9 19 4 60 6 51 2 79 16 25 7 40 15 14 12 80 1 56 11 64 8 44 17 6 3 83 18 24 10 69 
7 27 8 13 10 94 15 74 9 75 6 41 14 58 1 9 0 48 5 66 18 9 19 28 12 25 2 94 4 56 3 67 13 13 16 96 11 1 17 84 
9 59 14 18 6 90 7 40 15 43 1 47 4 51 16 77 5 2 2 20 13 86 17 37 18 2 12 89 19 68 10 29 0 44 11 82 8 13 3 30 
10 49 13 39 15 66 1 41 0 17 17 72 2 78 19 69 16 33 9 74 7 8 4 11 12 62 6 27 5 28 3 64 18 52 11 7 14 82 8 60 
18 27 3 51 14 30 5 78 16 64 10 86 17 67 8 62 1 90 4 30 7 46 15 95 0 71 6 37 19 37 11 33 12 81 13 24 2 80 9 80 
15 22 5 24 18 50 10 85 6 83 3 50 2 97 19 79 7 68 11 36 1 43 8 39 9 30 13 10 4 81 0 82 12 75 16 24 17 48 14 38 
5 32 4 53 18 72 10 44 19 34 15 24 1 66 2 32 7 29 8 49 12 40 3 24 16 40 6 41 13 78 9 49 11 88 0 62 14 74 17 17 
16 88 11 61 12 4 2 77 3 30 10 27 18 80 7 15 5 39 17 29 4 49 19 1 15 86 8 54 6 7 0 59 1 98 13 40 14 85 9 16 
6 63 9 89 17 99 16 63 19 41 8 33 10 32 18 24 5 93 11 86 1 35 15 58 3 16 13 56 7 96 0 98 4 91 14 59 2 51 12 88 
9 82 15 95 1 83 12 59 11 26 13 79 7 75 6 90 17 66 5 52 3 59 10 97 4 16 19 30 8 21 16 18 14 99 0 68 18 21 2 55 
8 97 19 69 1 64 15 20 17 21 2 25 0 57 11 98 9 69 6 2 13 18 7 41 4 13 5 23 14 85 12 46 3 61 10 37 18 52 16 9 
12 70 6 2 16 50 19 48 2 65 1 13 11 48 14 7 10 62 4 13 7 2 13 25 15 6 8 59 5 82 3 39 17 24 9 14 0 26 18 8 
18 50 9 9 15 39 17 63 1 63 7 50 10 56 3 77 13 15 4 37 12 92 19 82 11 54 14 1 0 3 5 92 2 16 6 38 16 60 8 48 
12 32 0 76 10 64 7 34 4 1 2 76 1 66 9 66 6 12 17 64 14 82 5 30 18 13 8 46 15 21 11 77 3 44 13 4 16 7 19 14 
16 81 1 73 2 60 19 50 7 95 17 20 13 82 15 80 11 39 9 20 5 22 14 11 12 69 8 45 4 25 0 74 18 6 10 29 3 50 6 21 
19 17 0 8 11 87 15 67 17 55 4 1 9 22 14 20 8 66 3 49 10 22 12 46 18 28 5 29 2 3 7 8 6 42 1 8 16 26 13 42 
0 3 3 19 19 29 13 38 8 18 6 61 11 68 18 19 2 2 14 87 17 72 9 80 12 23 7 21 5 29 4 52 16 95 15 22 10 50 1 79 
4 56 11 65 1 11 15 97 12 3 13 45 14 53 19 33 8 44 16 41 0 77 10 71 18 90 3 75 17 8 6 78 2 98 7 60 5 5 9 30 
0 58 10 91 3 37 4 88 14 38 6 91 5 22 16 96 2 85 19 6 17 43 13 95 15 95 18 79 1 25 8 57 9 33 11 64 12 24 7 3 
7 26 12 36 5 7 11 80 1 93 19 34 14 72 6 12 4 93 10 32 16 90 3 28 13 68 2 47 18 18 9 70 15 88 17 26 0 14 8 41 
0 95 19 62 6 98 5 18 9 83 10 14 4 64 18 53 17 62 11 78 13 13 14 7 2 86 12 59 15 91 8 87 3 39 1 6 7 34 16 5 
5 23 19 88 9 68 7 27 6 54 18 95 2 87 1 21 15 18 3 28 14 20 17 28 0 94 11 98 4 8 13 67 16 72 10 61 8 76 12 56 
14 58 18 46 7 14 2 5 4 45 13 86 12 28 3 93 10 81 17 8 16 17 6 46 8 73 15 81 19 42 9 21 1 87 5 20 0 10 11 27 
2 5 3 93 19 96 4 77 8 72 14 64 6 91 11 98 17 4 18 34 16 19 10 92 0 48 9 90 1 78 5 3 15 76 12 9 13 68 7 53 
14 9 10 79 13 6 5 50 17 34 7 86 1 63 4 2 3 83 16 86 8 50 18 22 0 58 11 93 9 18 15 20 6 39 19 4 2 24 12 46 
18 65 5 94 12 35 2 81 16 80 4 67 8 13 0 74 17 6 19 54 9 21 1 9 3 71 6 5 13 28 14 51 10 1 7 37 15 51 11 53 
5 37 1 28 11 95 16 72 10 17 19 60 15 45 4 14 8 4 13 31 12 49 17 59 14 68 7 23 6 36 2 7 3 99 18 9 0 82 9 90 
15 73 9 71 13 78 12 99 5 23 4 80 14 2 2 18 17 44 6 96 16 99 11 10 7 28 8 25 18 51 1 82 3 94 0 7 10 33 19 21 
12 27 2 92 0 26 13 16 17 80 15 93 7 34 4 23 11 98 14 39 18 88 6 88 9 47 3 18 10 89 8 60 1 71 5 30 19 31 16 76 
1 68 11 15 14 28 19 18 7 88 13 76 17 96 5 6 0 69 18 99 15 32 12 30 9 13 16 61 8 47 2 55 4 61 6 49 3 61 10 62 
6 38 0 21 18 54 16 69 9 46 17 9 13 43 14 53 3 30 8 76 1 69 12 70 4 42 19 93 15 60 10 84 2 56 7 60 5 21 11 99 
12 82 9 57 13 38 11 9 19 94 1 79 4 70 6 82 15 13 5 73 16 82 10 96 14 56 8 21 7 69 17 15 18 29 3 40 0 40 2 75 
14 53 1 84 12 75 17 14 5 89 7 74 19 56 18 84 8 18 16 12 4 2 10 3 13 66 2 31 3 41 9 37 15 84 0 80 6 68 11 31 
19 53 4 97 15 41 17 19 16 72 1 9 0 43 18 29 13 69 2 67 14 88 8 58 3 65 10 81 7 53 12 51 5 3 6 1 9 78 11 93 
12 11 8 91 5 6 14 99 2 76 1 41 15 14 7 88 13 70 10 7 3 80 18 31 17 9 19 15 9 12 0 27 4 73 16 30 6 13 11 27 
13 29 9 96 16 77 5 15 8 86 11 90 6 99 12 78 4 2 15 80 3 42 0 37 14 27 17 85 19 39 10 62 7 50 2 30 1 46 18 8 
11 37 7 81 4 39 9 59 0 24 3 74 15 34 12 31 13 45 5 3 1 91 10 58 17 47 16 82 14 51 2 19 19 12 6 51 18 38 8 6 
3 32 15 2 6 16 17 71 2 38 19 66 12 35 11 89 9 94 7 52 18 69 0 2 4 57 10 74 1 67 14 61 8 35 16 69 5 17 13 69 
8 79 12 64 10 49 2 48 17 48 5 45 19 80 1 14 0 29 9 87 6 38 4 58 11 69 18 34 16 90 13 19 15 47 14 30 7 71 3 7 
7 20 12 41 10 32 2 19 16 51 3 25 0 80 9 36 11 19 18 52 5 50 17 44 15 49 14 69 1 75 8 40 6 35 13 12 19 53 4 58 
13 76 11 92 15 93 1 95 14 97 2 45 0 24 5 75 8 48 3 53 6 71 17 2 18 48 19 81 12 24 16 99 10 27 9 51 7 53 4 99 
2 47 7 48 9 48 18 37 10 40 1 76 5 70 12 77 16 57 11 85 6 87 19 75 3 11 4 2 13 29 15 69 0 11 17 82 8 36 14 57 
13 19 16 52 3 33 1 36 15 65 17 53 18 55 11 70 10 73 7 60 0 80 9 95 8 30 14 93 12 77 4 28 2 17 5 72 19 40 6 99 
11 55 7 5 10 84 16 4 17 94 0 86 9 5 8 81 13 92 6 28 5 57 14 16 19 36 2 62 12 14 18 69 15 71 4 28 3 95 1 45 
6 97 11 47 2 27 13 32 4 49 19 30 8 19 17 69 15 5 10 17 0 19 14 78 18 83 12 4 5 51 1 72 3 59 7 1 9 89 16 12 
2 3 19 83 1 99 3 53 12 9 10 86 0 44 5 7 8 94 15 46 9 88 16 52 7 58 4 85 18 12 14 70 6 97 17 76 13 58 11 30 
2 63 18 90 11 98 19 94 3 50 5 66 12 38 15 94 0 14 10 17 8 90 14 29 16 94 1 45 13 40 17 78 9 20 4 56 7 80 6 14 
13 11 5 9 18 79 19 69 0 84 7 69 4 41 2 2 11 72 17 72 15 82 12 41 16 93 8 98 14 62 1 12 3 50 10 26 9 40 6 15 
8 89 15 52 9 68 2 25 16 24 17 70 10 76 1 41 14 54 0 41 11 72 7 36 4 90 6 62 13 32 3 59 18 66 5 4 19 47 12 79 
16 63 4 19 9 98 7 31 8 14 1 37 13 49 17 82 6 81 0 7 5 46 2 55 14 77 3 90 19 55 11 93 15 32 10 21 12 56 18 55 
19 6 6 38 7 45 12 54 16 6 15 36 4 43 17 83 3 93 8 6 13 2 18 23 10 98 9 21 11 12 1 65 14 41 5 72 2 30 0 81 
0 59 4 30 15 74 12 60 7 21 1 31 5 20 18 89 8 68 16 51 10 27 11 25 6 80 14 75 2 33 3 35 13 80 17 40 19 88 9 76 
1 36 13 50 0 28 12 93 7 63 6 79 2 22 17 76 18 33 8 40 3 79 9 62 11 27 15 65 19 4 5 20 10 72 16 7 14 78 4 3 
13 87 19 38 15 63 16 9 14 6 1 42 12 51 5 60 9 21 4 18 17 97 6 7 18 96 7 4 0 46 8 67 3 63 10 43 11 89 2 94 
2 7 0 25 8 50 9 1 18 23 4 52 14 89 13 5 12 90 16 16 1 68 10 2 3 70 15 23 6 11 5 41 7 55 11 5 17 99 19 70 
14 49 13 26 11 26 17 2 5 58 19 62 0 83 12 46 6 68 2 1 18 51 15 88 8 50 16 64 1 54 7 13 9 28 4 57 10 76 3 57 
18 16 9 8 14 43 17 1 13 64 4 19 10 64 2 3 8 92 7 17 0 2 19 11 16 4 11 92 6 99 12 84 1 85 3 27 15 34 5 33 
5 23 8 14 10 79 14 94 17 75 0 23 11 26 16 71 15 79 2 90 7 25 6 22 13 12 19 82 1 41 18 3 12 7 9 30 3 75 4 4 
12 62 3 50 4 85 18 76 13 99 0 91 2 41 6 53 1 39 5 65 16 13 7 72 14 72 8 10 17 51 9 36 10 49 15 40 11 9 19 47 
0 32 7 87 6 31 18 35 19 97 1 43 17 21 10 46 11 81 13 61 12 36 8 18 2 99 16 52 9 1 15 67 14 20 4 13 5 76 3 64 
17 75 8 95 4 76 6 1 14 65 16 49 10 91 18 93 11 58 19 3 0 13 5 3 3 62 2 55 15 21 12 9 7 25 13 90 1 29 9 94 
10 34 1 63 11 21 9 26 8 42 6 86 15 90 4 46 2 48 17 48 13 82 7 81 14 30 5 40 12 65 19 26 0 1 16 15 18 49 3 57 
19 69 9 90 0 87 15 94 17 70 13 72 11 34 18 69 4 18 7 77 10 72 2 16 12 96 3 29 16 14 14 63 1 92 5 62 6 31 8 42 
11 56 19 32 4 82 0 68 5 54 14 22 2 84 1 51 17 71 6 7 7 22 3 5 16 55 13 73 15 51 18 72 9 10 12 54 8 41 10 77 
10 56 0 51 2 66 13 19 5 82 14 96 12 7 11 26 7 26 17 46 18 69 1 78 9 47 16 59 19 15 15 5 6 7 8 25 4 28 3 43 
5 54 2 77 1 29 6 28 14 8 3 47 13 27 17 45 8 98 9 8 11 87 15 68 18 36 0 53 4 76 19 95 7 69 10 1 16 30 12 56 
1 36 7 30 11 88 17 89 9 11 0 3 8 27 4 87 10 91 3 4 16 81 12 66 5 31 18 19 19 5 2 60 14 23 6 26 15 20 13 2 
13 30 11 37 6 33 18 9 8 92 15 67 16 35 14 29 10 90 0 24 1 66 12 73 17 78 7 62 19 6 2 17 4 90 5 8 9 81 3 6 
16 32 10 33 19 87 6 8 7 57 8 92 17 36 2 31 3 19 15 58 5 60 18 39 13 17 14 31 9 9 4 14 0 99 1 72 12 51 11 39 
4 45 12 53 3 48 6 78 5 27 14 99 17 56 15 38 8 88 7 14 1 80 18 41 16 49 11 34 10 34 19 72 9 26 0 95 2 2 13 15 
10 9 15 39 17 87 1 98 14 24 18 66 11 59 9 17 16 87 0 98 13 73 4 24 6 61 19 49 3 26 8 5 12 71 2 99 5 50 7 5 
15 43 6 5 19 21 4 95 18 67 7 42 5 32 3 98 17 35 2 10 0 13 16 87 10 11 1 87 8 2 14 2 13 60 9 87 12 92 11 74 
9 41 18 45 2 18 15 91 8 94 4 90 0 30 6 42 3 3 1 12 19 39 14 24 12 4 11 81 7 80 16 71 13 36 17 7 10 50 5 64 
9 20 5 56 19 58 13 20 17 96 6 56 7 88 12 26 2 44 8 93 1 78 0 40 15 94 14 24 3 11 11 11 4 29 10 95 18 68 16 31 
10 57 18 49 16 88 13 74 1 83 4 5 12 7 11 82 19 15 0 74 8 79 15 49 5 68 6 97 14 3 2 20 3 74 9 27 7 51 17 28 
15 52 5 83 4 21 6 69 16 18 12 28 1 86 3 69 17 40 18 31 8 8 10 8 19 41 2 30 13 59 11 80 14 91 9 6 7 53 0 4 
18 53 15 36 17 29 5 99 3 23 8 5 0 76 11 62 10 80 7 98 1 31 14 98 19 52 4 27 13 85 2 89 6 89 16 40 9 74 12 40 
12 66 9 16 5 38 3 32 18 79 13 1 16 48 7 6 4 2 8 27 14 42 17 10 0 1 10 69 19 7 6 80 11 60 15 29 2 97 1 51 
9 53 11 3 14 4 10 64 7 84 15 65 4 89 6 52 19 58 18 70 8 62 5 4 3 30 13 48 1 87 16 31 12 32 0 11 17 54 2 79 
0 34 5 63 8 29 3 33 17 70 10 66 9 18 7 67 12 23 2 65 19 28 4 2 6 43 15 54 1 44 13 91 16 10 18 45 14 24 11 34 
8 8 19 69 2 87 1 31 3 30 15 25 9 72 4 80 17 46 11 90 14 60 6 43 12 48 0 87 18 76 7 12 13 2 10 92 16 96 5 25 
15 77 5 80 0 63 17 15 12 24 16 46 6 72 13 64 9 94 11 8 3 40 10 75 7 47 14 55 4 50 2 21 8 56 1 33 19 7 18 57 
6 40 19 62 9 6 1 45 18 71 11 93 17 80 12 16 3 81 7 55 16 46 14 58 10 34 5 17 13 99 4 85 0 33 15 42 8 96 2 51 
3 18 16 15 14 79 8 37 2 22 15 78 0 31 9 63 6 25 11 58 1 45 19 86 18 62 12 48 13 70 4 30 10 46 7 29 17 27 5 59 
1 18 14 20 17 50 7 83 15 18 10 49 9 56 18 54 6 14 13 87 19 43 12 98 5 22 4 41 0 48 3 28 8 93 16 56 11 3 2 42 
7 66 4 62 8 41 17 89 0 1 13 48 15 22 1 45 18 83 5 21 11 57 14 55 3 82 19 95 16 81 2 83 12 11 6 40 10 42 9 98 
16 59 3 8 5 12 11 24 18 27 6 3 1 46 9 71 17 79 0 90 4 72 13 11 19 74 15 25 10 45 14 14 12 7 7 3 8 13 2 96 
0 54 18 11 12 27 2 42 13 9 15 75 4 48 3 35 14 15 1 21 17 74 6 78 9 53 11 42 19 13 10 26 7 91 16 79 5 33 8 27 
3 1 14 79 13 22 19 4 18 72 11 31 0 20 9 73 7 81 4 28 15 35 10 72 1 67 8 77 2 27 16 89 6 74 17 64 12 54 5 84 
10 62 16 95 17 31 15 47 8 67 18 81 11 15 6 76 12 14 3 94 2 70 4 96 19 5 13 45 9 43 1 86 5 60 14 54 7 67 0 77 
10 70 12 9 6 88 8 42 9 77 3 29 7 59 17 96 5 66 18 41 11 15 16 15 13 85 4 80 0 26 15 7 2 68 14 70 1 54 19 87 
8 85 4 58 2 52 12 80 3 66 6 7 14 23 11 72 13 16 0 1 5 66 18 30 16 58 7 40 9 2 1 26 17 1 10 23 19 96 15 32 
11 9 1 1 19 74 7 95 6 33 4 99 5 89 15 1 3 18 12 53 16 81 8 63 2 56 18 36 10 30 17 47 9 24 0 64 13 26 14 12 
10 58 17 91 4 94 2 55 3 78 0 5 15 36 14 77 18 46 9 11 13 51 1 4 11 91 5 81 19 99 8 35 16 64 7 56 12 82 6 53 
6 28 1 7 3 14 8 57 14 70 11 71 18 71 13 68 17 97 5 59 7 50 19 84 9 1 12 48 2 8 15 5 0 93 16 12 10 94 4 64 
19 38 1 80 7 85 13 27 4 24 12 63 2 73 10 30 5 46 15 19 17 84 11 57 14 21 9 7 16 22 8 73 0 62 18 64 3 3 6 53 
18 23 15 53 12 90 5 52 11 28 14 20 6 42 4 35 19 23 1 15 13 75 3 56 0 14 7 52 10 3 8 48 2 64 9 94 16 24 17 84 
12 67 18 25 19 35 8 69 13 80 3 24 14 16 15 34 9 3 5 24 11 91 16 91 0 45 7 85 10 71 1 60 2 6 4 2 6 18 17 37 
2 96 5 52 17 58 4 85 13 42 9 46 16 95 19 74 12 79 3 27 1 49 11 42 10 81 18 7 14 83 7 15 6 81 8 32 15 28 0 90 
7 4 0 21 13 34 15 57 11 49 9 29 14 72 19 64 5 10 1 18 18 16 4 94 3 64 8 20 12 26 6 64 16 90 17 6 10 93 2 53 
9 37 11 12 5 11 18 92 1 23 17 62 4 87 2 38 16 47 0 25 7 4 15 93 13 97 12 25 14 3 3 31 19 39 8 49 10 11 6 64 
13 93 3 30 9 30 12 15 18 69 19 82 16 54 4 56 2 20 17 55 0 90 15 8 11 79 7 11 1 76 10 23 6 65 8 65 14 3 5 30 
6 48 8 1 10 3 4 93 7 90 2 29 15 33 9 46 11 9 16 45 0 23 14 55 3 58 1 28 12 15 18 8 13 86 17 14 19 28 5 65 
7 76 17 54 11 85 2 34 19 59 10 89 3 93 15 54 6 37 13 93 8 55 14 35 5 58 12 82 9 43 0 53 18 63 4 94 16 96 1 64 
12 90 11 2 9 59 16 38 18 49 19 28 17 87 10 59 15 25 6 71 0 9 1 83 13 65 2 17 7 52 14 81 8 73 3 69 4 32 5 61 
0 78 8 6 17 59 9 59 14 21 4 36 16 16 2 18 10 74 3 89 6 41 12 80 1 98 15 56 19 91 7 25 5 93 11 28 13 47 18 52 
10 11 12 79 3 83 11 9 15 36 8 52 7 67 16 29 18 7 1 95 2 8 19 20 4 20 17 24 9 12 5 42 6 35 13 14 0 1 14 13 
11 47 1 43 4 53 9 94 6 36 8 51 19 48 16 4 10 64 3 54 13 26 7 41 15 33 14 74 5 98 17 86 2 76 12 40 18 35 0 21 
17 38 0 73 15 36 16 94 6 41 13 24 9 97 4 41 5 57 11 48 19 88 1 73 2 37 7 23 12 11 14 65 3 98 18 17 10 75 8 1 
0 82 5 34 16 2 14 90 19 67 13 18 18 43 17 13 3 60 1 19 10 46 12 16 2 96 11 35 8 80 6 60 9 64 15 72 4 58 7 15 
11 45 15 76 16 39 17 72 18 41 9 52 19 10 1 31 14 79 5 52 2 97 7 53 10 62 8 82 0 98 13 49 3 41 6 17 12 70 4 92 
12 61 6 45 18 22 14 85 11 86 10 73 19 38 15 32 2 12 7 18 8 28 17 55 9 36 0 65 3 75 1 94 16 93 4 83 5 34 13 97 
13 64 18 47 7 31 9 75 10 98 16 64 2 60 17 62 4 88 19 6 15 74 12 55 11 9 3 2 6 16 14 57 8 22 5 83 1 88 0 20 
8 63 19 99 11 24 2 23 3 19 4 5 7 88 12 31 0 1 6 72 5 70 18 17 15 38 1 98 13 87 16 68 9 37 10 28 14 11 17 81 
11 83 14 61 0 35 6 35 16 70 3 88 17 68 12 89 4 59 19 4 1 73 9 70 18 37 2 35 5 79 8 70 13 38 15 5 7 43 10 49 
11 42 16 28 12 97 9 57 18 96 1 82 7 90 6 83 14 61 3 77 17 55 2 4 19 27 0 73 13 12 15 11 4 82 5 29 8 79 10 16 
16 76 6 40 7 41 13 52 0 37 11 59 3 84 1 84 15 9 10 17 18 63 2 6 9 13 8 32 19 56 12 99 4 78 17 85 5 2 14 41 
15 63 8 45 13 69 11 77 5 2 9 16 12 88 6 62 0 88 3 84 17 43 14 67 19 37 7 57 1 41 18 83 2 86 4 29 16 57 10 51 
1 73 4 77 16 98 6 45 5 41 17 14 8 98 19 3 14 92 9 63 7 21 3 9 13 44 11 80 18 89 10 86 15 26 0 26 2 80 12 11 
3 19 0 98 7 48 16 71 18 50 13 65 6 14 12 16 2 42 1 67 11 30 4 10 17 60 15 56 5 95 14 82 19 67 9 45 8 63 10 45 
