150 20
8 16 6 13 16 96 12 96 15 16 11 43 10 24 17 75 13 56 1 63 19 80 9 15 5 25 2 51 4 63 14 59 3 58 0 68 7 34 18 54 
6 54 0 94 9 84 7 28 15 76 10 70 3 51 19 69 13 87 2 3 14 53 5 67 18 36 12 18 11 47 8 62 17 2 1 59 4 62 16 96 
15 36 7 96 8 90 13 43 17 57 9 91 1 27 2 40 6 16 4 77 3 2 18 62 0 93 14 75 19 47 12 49 10 47 16 41 11 43 5 17 
3 46 16 23 11 7 12 48 4 42 9 13 0 29 10 5 14 7 5 19 17 96 6 49 7 59 8 81 18 34 1 48 19 23 2 96 15 71 13 76 
10 47 6 13 5 17 11 81 14 78 3 85 16 19 7 44 9 35 13 22 18 34 2 44 15 41 1 31 0 18 17 91 19 44 8 54 4 38 12 24 
19 42 11 88 8 33 14 46 10 43 2 62 1 32 16 33 13 37 15 40 0 26 3 5 17 31 5 79 4 97 6 81 7 74 18 29 12 61 9 38 
3 81 2 94 19 18 8 93 15 69 10 58 12 57 1 94 17 85 4 59 13 62 9 88 16 45 11 31 14 47 18 17 5 53 7 70 0 11 6 99 
17 63 2 97 11 77 6 62 3 35 9 24 7 59 0 7 14 82 16 10 10 2 18 16 1 46 13 17 15 13 5 40 4 73 8 3 12 89 19 14 
5 83 17 61 19 24 8 38 16 37 9 2 13 14 11 46 7 58 14 58 1 7 2 57 6 59 12 66 4 85 3 1 15 18 18 7 0 8 10 42 
8 30 16 83 13 6 4 75 7 58 1 8 11 5 14 96 6 92 3 52 0 10 18 47 17 41 2 43 9 55 10 79 19 18 15 52 5 45 12 43 
9 81 15 82 18 70 0 96 6 34 3 69 14 22 11 27 7 69 12 51 10 38 5 87 13 83 4 30 19 23 2 70 17 84 1 31 16 17 8 97 
16 56 9 91 0 33 12 73 4 77 19 56 8 56 10 78 11 6 6 97 2 25 3 3 18 85 17 23 13 33 15 73 1 92 5 92 7 67 14 70 
10 11 16 73 0 29 2 20 3 89 9 22 5 42 14 91 4 3 11 46 13 22 12 7 19 53 15 60 17 84 6 55 1 59 7 20 18 91 8 18 
14 2 15 37 9 99 13 24 7 34 16 4 4 63 2 76 18 73 11 4 6 94 17 50 5 49 12 20 0 6 3 45 10 50 19 18 8 76 1 96 
15 91 11 13 10 18 16 96 8 28 0 66 19 7 17 85 4 98 13 3 12 85 1 83 5 20 18 67 14 19 9 2 7 51 3 85 2 93 6 94 
6 36 13 71 11 88 15 4 17 44 1 75 7 41 4 25 19 39 10 38 0 57 8 8 9 51 14 40 3 20 16 52 12 46 5 31 18 48 2 45 
10 83 13 76 15 42 6 45 12 44 16 99 1 54 3 48 0 45 4 29 8 21 18 55 19 99 17 24 5 96 9 64 11 85 14 92 2 53 7 36 
11 38 6 45 13 67 15 48 17 15 5 96 1 51 0 11 8 18 14 44 7 6 12 30 2 29 9 23 10 54 16 86 3 75 19 5 18 22 4 7 
7 89 4 16 10 71 0 17 6 65 5 7 13 18 14 27 9 59 11 1 12 17 18 14 2 72 17 82 19 86 15 72 16 45 3 32 8 66 1 92 
8 3 2 28 19 10 13 33 14 69 1 74 6 97 4 90 16 77 15 35 17 7 9 17 10 83 12 48 0 96 3 43 5 64 11 73 7 99 18 51 
17 27 15 96 2 87 5 62 6 1 8 51 3 87 16 36 13 9 1 25 4 99 9 71 7 28 11 20 19 55 18 26 10 21 14 5 12 23 0 85 
6 12 9 49 1 8 14 23 17 25 13 42 16 92 0 61 12 48 5 5 15 91 3 57 8 37 19 47 2 2 18 55 10 95 4 70 7 54 11 63 
15 96 6 98 4 87 1 65 12 91 5 28 7 95 11 25 16 44 18 53 0 29 19 43 3 74 2 96 17 74 13 96 14 29 8 27 9 13 10 78 
10 43 7 87 1 58 8 62 13 87 14 90 4 70 11 23 6 29 12 39 3 63 5 79 15 44 2 7 9 66 19 25 16 31 17 4 0 85 18 24 
13 87 12 91 14 76 6 85 4 17 8 11 10 91 16 51 9 41 5 88 0 14 1 86 3 86 2 48 11 78 7 90 17 27 18 7 15 6 19 76 
13 32 3 38 7 39 15 67 10 56 12 34 8 89 17 18 19 10 1 59 6 78 11 53 0 50 5 56 4 88 9 33 2 77 18 35 16 4 14 95 
7 58 19 38 1 80 18 11 13 75 8 27 12 80 6 47 10 61 5 74 14 33 2 15 11 16 3 58 0 60 17 52 4 31 16 98 15 58 9 58 
14 80 19 19 7 85 3 75 17 64 8 67 1 64 4 24 0 19 5 34 12 79 13 19 11 44 16 16 6 58 18 78 9 34 15 90 10 71 2 98 
0 38 3 6 12 74 1 97 2 32 14 87 4 14 9 90 15 36 10 69 17 27 13 16 16 16 7 31 11 96 19 68 5 56 8 96 18 2 6 96 
16 49 0 44 6 25 3 28 9 81 12 23 14 92 13 96 15 86 4 54 11 44 2 33 7 35 1 7 10 45 18 56 19 81 17 86 8 75 5 36 
15 88 12 22 8 61 17 26 19 4 4 45 3 70 13 63 11 98 5 32 0 76 7 89 16 68 2 16 9 99 14 50 10 62 6 66 1 48 18 44 
4 67 9 54 16 39 10 76 5 73 8 42 14 87 7 48 19 22 1 58 2 93 0 73 12 57 3 23 11 90 17 57 18 13 15 42 13 13 6 9 
18 82 19 19 5 60 6 48 13 43 11 7 10 45 15 76 16 44 12 55 3 50 17 35 14 14 1 85 9 60 4 29 2 75 8 63 7 53 0 68 
6 34 8 9 14 35 19 25 1 4 16 44 17 68 11 19 7 97 15 12 13 45 10 43 5 69 9 3 2 38 3 78 0 84 4 78 12 56 18 98 
15 37 17 19 9 97 1 36 2 80 0 91 3 19 10 96 4 37 19 93 12 76 8 84 11 41 16 15 13 94 14 89 5 14 6 23 7 1 18 40 
2 84 17 22 5 60 1 7 16 78 11 54 8 16 15 17 7 45 12 21 18 31 4 96 6 61 3 83 10 11 13 18 14 43 19 40 0 88 9 53 
8 41 14 6 7 35 11 32 2 4 15 31 6 76 13 98 3 2 19 63 5 91 12 98 1 68 16 64 0 24 17 80 10 55 18 67 9 63 4 97 
3 30 15 68 17 74 1 17 19 81 11 28 16 26 18 98 12 93 9 72 13 34 4 77 7 43 6 76 0 53 5 44 2 79 8 64 10 89 14 70 
11 32 13 45 0 78 14 72 3 64 1 33 17 39 19 91 10 9 5 16 6 62 7 97 12 41 9 14 15 99 4 42 18 53 8 45 16 31 2 63 
19 73 18 79 0 5 4 42 9 50 17 14 12 50 6 88 5 42 2 47 15 15 7 84 13 78 8 75 11 7 3 20 1 11 10 52 16 1 14 96 
4 39 15 32 17 46 18 90 3 89 10 27 13 2 2 37 1 46 5 28 0 22 16 46 9 41 12 46 14 9 6 26 19 49 7 61 11 72 8 99 
14 4 15 81 19 70 2 75 18 13 3 5 4 71 7 77 11 98 17 36 12 60 16 28 6 86 0 52 8 31 13 18 1 7 9 86 5 94 10 63 
7 42 13 37 8 89 12 63 4 4 19 93 16 39 6 51 1 88 11 11 5 48 3 98 9 21 18 42 2 20 17 71 10 63 14 81 15 29 0 51 
7 17 9 66 10 27 5 48 4 18 6 10 18 53 14 7 12 40 3 61 11 26 2 29 15 37 0 64 1 94 17 43 8 1 19 44 16 34 13 70 
7 11 18 20 12 78 13 75 19 71 10 47 14 96 5 2 4 36 16 25 15 37 1 76 2 33 3 70 6 4 17 53 11 81 0 33 9 71 8 46 
19 35 8 89 10 89 18 10 2 72 16 45 5 36 3 7 17 91 9 10 12 67 0 73 15 25 7 85 4 21 14 30 11 25 1 20 13 10 6 22 
17 21 2 57 1 71 0 10 16 53 10 34 9 64 18 90 6 88 13 8 11 6 14 57 7 13 4 96 19 36 3 9 12 15 8 70 5 32 15 77 
14 3 17 37 16 65 19 82 9 55 18 73 3 37 13 61 5 68 0 36 2 29 12 53 4 93 10 66 7 25 11 46 15 50 6 4 1 23 8 68 
1 40 7 41 8 66 3 51 2 38 17 51 13 89 18 45 16 92 6 39 14 47 19 67 10 19 0 3 4 32 5 56 11 53 9 3 15 16 12 82 
4 95 19 85 10 90 7 13 1 59 14 58 15 27 8 9 16 43 3 3 6 54 12 21 13 30 0 93 11 26 18 86 17 66 5 81 2 11 9 33 
18 18 16 88 0 49 6 77 5 93 14 78 13 81 12 68 7 89 2 88 4 48 8 14 9 36 19 19 11 40 10 97 17 18 15 87 1 13 3 56 
16 56 6 57 1 27 10 61 9 44 11 1 0 28 2 79 4 17 13 72 19 48 18 29 3 45 7 35 14 22 8 65 5 3 17 73 12 63 15 95 
18 52 4 8 8 83 12 77 16 91 10 45 15 97 6 69 11 94 2 86 14 93 13 43 7 6 19 50 9 5 3 96 17 57 5 95 1 58 0 12 
11 26 12 34 14 26 2 19 10 65 18 41 9 56 15 42 3 69 19 45 5 17 13 80 16 94 4 52 7 17 8 50 6 1 0 54 1 55 17 25 
19 56 18 66 10 40 7 35 0 78 9 53 11 38 14 54 2 6 17 74 5 34 15 54 12 92 8 21 13 2 3 33 4 94 1 35 6 2 16 8 
17 13 12 7 10 35 13 1 0 13 3 17 15 26 6 18 1 81 11 29 19 96 8 17 16 78 9 71 5 46 18 88 4 18 7 12 2 8 14 63 
3 9 14 78 18 61 13 49 12 57 7 86 2 29 4 43 1 82 10 21 9 16 19 28 6 71 8 63 0 91 5 12 11 34 17 45 15 53 16 78 
7 57 12 98 13 82 1 66 17 62 18 25 4 97 9 80 10 70 11 79 19 82 8 54 15 4 3 17 0 79 2 25 16 47 5 33 14 54 6 28 
11 20 9 93 16 29 3 23 8 8 14 23 4 70 7 95 10 93 1 82 19 40 6 61 18 62 2 42 5 10 17 78 12 24 0 22 15 93 13 71 
1 38 17 86 13 95 16 21 18 14 0 68 12 50 5 41 8 94 4 68 14 78 7 24 3 72 9 48 19 59 10 64 2 91 6 50 11 4 15 59 
7 55 13 11 2 3 12 92 3 1 0 68 11 34 16 82 8 23 5 94 14 25 10 3 4 94 9 8 6 51 15 98 17 72 19 21 18 74 1 11 
2 16 15 51 6 40 10 80 4 96 18 69 3 2 19 47 16 26 13 12 17 61 14 30 1 77 9 83 7 86 8 24 5 19 0 25 12 53 11 71 
4 96 11 97 5 84 1 97 14 62 0 27 10 88 18 84 12 76 19 10 6 6 17 27 3 90 8 43 16 28 2 56 9 19 15 27 7 71 13 89 
8 84 13 82 16 18 4 69 19 66 2 34 0 49 3 81 1 42 11 42 6 28 18 39 15 30 14 78 5 35 17 54 10 61 12 87 9 10 7 2 
13 45 5 49 8 59 2 19 18 67 12 5 0 76 4 12 14 24 1 32 3 64 17 41 15 41 9 2 10 29 6 40 7 52 16 5 11 90 19 85 
16 52 10 66 7 89 18 91 2 90 14 89 3 84 0 14 8 68 6 32 13 97 4 15 9 20 12 3 5 20 1 17 11 86 19 88 15 43 17 50 
4 22 18 10 11 3 19 75 5 69 15 19 3 44 2 36 10 93 13 23 7 36 14 95 16 28 6 79 0 24 17 24 9 53 12 72 8 68 1 45 
4 15 3 44 5 41 1 21 12 87 14 7 0 66 15 24 6 71 17 54 9 20 8 79 7 86 13 37 16 91 10 82 2 78 18 69 11 10 19 80 
7 22 15 98 8 74 6 78 19 13 12 67 13 23 1 46 3 32 2 23 0 5 17 13 4 79 5 56 11 79 16 57 9 13 18 74 10 22 14 97 
10 66 18 85 1 77 17 48 8 30 14 54 2 98 12 54 16 10 0 5 5 54 6 28 9 94 15 78 19 13 13 17 4 25 3 10 11 7 7 31 
1 6 17 72 11 33 5 71 14 77 16 73 9 4 8 77 2 48 7 59 19 77 6 45 18 98 12 22 3 30 15 16 10 48 13 71 4 78 0 28 
2 31 13 18 10 8 8 5 16 62 12 90 1 17 14 8 11 10 9 81 19 58 15 29 5 53 6 32 4 91 0 85 3 7 17 75 18 6 7 98 
13 51 3 59 11 54 9 91 14 70 0 33 1 22 15 97 16 55 7 6 8 80 6 83 4 28 17 72 2 78 12 73 19 8 18 12 5 62 10 47 
15 51 12 48 9 81 1 11 14 82 17 74 7 95 16 33 18 22 3 29 5 83 13 6 11 93 0 28 8 1 10 78 6 52 2 40 4 63 19 59 
14 85 17 58 19 83 11 99 16 30 18 58 5 83 7 12 1 11 15 76 12 97 0 98 3 41 9 65 2 79 13 3 8 17 10 61 4 2 6 71 
12 17 8 19 6 1 3 11 13 32 7 45 16 8 10 33 9 66 15 76 11 74 1 8 19 57 17 29 2 78 14 49 5 76 4 90 18 86 0 42 
8 65 14 34 13 39 9 23 17 50 3 70 7 39 11 12 18 72 4 47 15 73 6 39 0 82 10 63 5 89 19 93 16 32 1 99 12 15 2 70 
2 40 8 10 17 22 13 25 18 46 5 36 9 84 19 25 1 2 3 49 16 28 4 92 10 53 6 35 11 39 14 30 0 43 15 57 7 12 12 56 
6 96 1 97 14 29 2 97 10 87 0 66 4 41 12 25 5 6 13 61 8 70 18 91 15 38 16 99 11 73 3 55 7 60 17 61 19 14 9 43 
18 60 3 16 2 78 12 67 1 80 14 29 15 40 10 56 4 58 5 95 7 5 0 97 11 67 19 62 9 85 8 42 6 42 13 42 16 28 17 73 
4 70 0 97 12 12 6 82 17 55 14 96 15 16 8 10 13 90 9 43 2 26 19 41 7 7 1 81 5 81 18 64 16 67 3 10 11 4 10 5 
10 85 16 56 17 69 7 93 11 44 8 76 18 67 13 2 5 60 12 59 15 60 2 50 9 79 3 45 0 26 14 24 6 75 1 78 19 96 4 5 
16 61 15 98 2 59 17 45 18 90 7 54 10 66 12 48 11 28 3 99 13 87 6 16 1 85 4 63 14 94 5 83 19 27 8 13 9 39 0 51 
0 59 12 5 6 60 1 98 18 33 5 84 10 91 17 29 4 15 8 55 7 88 14 93 9 43 16 32 3 41 19 38 2 35 13 37 11 46 15 6 
3 11 10 44 0 64 5 84 9 41 8 16 15 24 7 6 2 37 14 86 17 3 18 89 12 39 11 22 13 77 4 68 6 24 19 53 16 91 1 96 
8 39 9 86 12 48 3 26 4 86 6 8 14 69 11 55 13 33 2 91 17 74 15 25 7 47 16 88 18 59 10 97 5 91 0 96 19 30 1 69 
10 14 8 9 18 66 19 74 5 12 15 73 2 26 1 52 16 79 0 88 9 48 6 24 14 99 11 31 7 90 12 46 17 74 3 57 13 96 4 22 
13 10 4 5 7 36 1 4 6 94 19 92 0 50 11 99 15 66 12 52 8 59 9 87 17 51 18 81 16 99 2 99 5 73 3 87 14 21 10 71 
8 10 15 69 17 62 5 98 14 30 2 13 10 18 11 66 19 59 16 95 18 14 7 69 9 99 0 94 6 61 1 25 4 53 12 73 3 59 13 87 
15 65 0 85 12 38 13 86 18 67 16 67 3 87 8 6 10 46 17 99 2 76 11 8 19 87 9 62 14 53 5 41 4 43 1 76 6 44 7 31 
16 30 0 86 19 83 8 56 18 44 9 72 11 22 2 51 12 23 14 23 3 75 15 70 17 63 1 50 6 45 10 85 13 14 5 77 4 20 7 58 
11 95 0 95 10 92 5 65 9 6 16 85 19 30 13 81 15 78 1 33 14 17 2 93 4 88 6 60 18 42 17 21 3 20 7 88 8 94 12 44 
11 51 18 61 7 90 17 68 4 77 3 28 12 86 13 45 0 52 1 80 5 46 10 94 16 32 15 25 6 87 14 30 19 52 2 40 9 74 8 41 
12 51 4 20 5 13 1 87 11 24 2 7 13 87 14 63 9 36 6 74 15 17 8 86 10 11 19 88 0 23 18 40 7 79 16 71 17 74 3 73 
13 39 17 45 11 9 16 61 18 27 3 2 4 58 5 66 7 97 15 84 14 75 0 16 8 38 2 49 6 78 9 28 1 52 19 52 10 93 12 28 
8 39 2 21 9 86 4 47 3 31 10 30 18 96 1 91 15 76 19 26 13 29 7 98 12 69 16 94 11 3 14 25 5 51 6 91 17 64 0 42 
13 36 7 78 4 58 19 79 11 32 3 47 1 92 10 21 14 73 8 28 12 29 6 74 9 80 15 54 18 56 2 78 0 51 5 56 16 33 17 51 
7 48 2 6 16 5 4 39 1 38 14 11 15 18 6 85 17 85 18 9 19 91 11 14 8 46 12 24 9 73 0 21 5 26 10 21 3 51 13 55 
5 26 4 4 2 65 16 6 15 60 7 13 3 68 14 7 11 20 6 7 0 88 17 87 1 93 19 11 12 5 18 44 13 6 8 66 9 4 10 30 
13 54 3 31 7 91 1 16 10 86 9 36 15 34 17 73 12 92 0 35 6 39 11 23 19 79 14 33 18 30 5 86 4 3 2 64 16 68 8 50 
9 17 1 87 14 15 3 67 11 28 6 6 19 36 8 39 16 10 2 9 10 89 7 50 4 21 5 57 17 69 12 41 0 29 18 93 13 73 15 14 
14 12 1 72 4 72 8 93 0 86 2 97 16 29 6 6 9 31 7 3 12 31 17 74 19 66 18 4 3 68 10 60 11 55 15 19 13 77 5 48 
12 38 9 56 8 14 6 37 5 98 17 93 2 78 7 89 16 71 18 48 11 95 0 74 10 36 3 66 4 57 13 92 14 42 19 22 1 63 15 14 
16 89 1 13 11 64 2 49 19 79 15 8 14 59 7 98 13 38 17 13 5 65 18 40 9 94 12 15 8 81 6 83 0 87 3 44 4 6 10 90 
16 18 14 35 17 64 3 4 6 50 0 80 11 61 1 95 12 68 10 89 7 56 19 98 8 80 4 92 15 56 2 38 13 31 18 64 5 66 9 6 
5 83 16 51 4 35 18 68 1 45 0 88 8 78 12 16 13 98 6 34 3 15 14 29 10 70 17 79 9 51 15 99 2 92 11 65 19 7 7 26 
7 86 1 16 0 26 14 73 16 21 5 68 13 27 4 97 6 40 12 51 10 33 9 34 19 15 2 17 17 64 15 23 8 63 11 61 3 92 18 58 
8 44 15 21 16 80 7 58 19 99 9 81 0 69 1 17 14 11 13 88 18 31 11 70 10 22 5 89 2 47 3 48 12 65 6 7 4 25 17 98 
9 8 8 67 7 79 4 94 15 37 14 53 6 50 10 54 0 58 19 83 17 70 11 82 18 21 2 3 12 3 13 26 3 78 1 40 5 86 16 33 
8 20 9 60 5 4 7 9 14 95 4 86 19 17 6 64 3 15 2 14 18 17 16 80 0 60 1 22 15 18 12 83 17 81 11 94 10 78 13 50 
5 33 11 5 3 75 2 63 17 60 0 36 15 93 6 92 18 54 12 52 8 63 14 85 1 71 13 14 10 47 9 14 7 94 4 55 16 32 19 74 
5 99 16 38 8 51 2 34 19 15 3 88 18 43 6 43 0 77 14 22 15 71 10 1 13 69 11 23 17 9 4 99 1 81 9 47 12 67 7 55 
8 64 1 62 16 86 6 96 7 12 10 53 17 49 2 61 5 42 3 93 4 10 9 83 13 52 19 3 0 46 12 14 11 21 15 8 18 60 14 18 
12 99 16 40 18 31 4 83 6 18 8 74 10 62 2 84 17 56 9 24 5 16 19 81 0 1 15 37 1 29 13 12 3 4 7 56 11 76 14 19 
19 97 17 68 7 61 1 29 5 87 4 44 8 5 18 65 0 62 9 7 14 99 15 86 16 37 11 34 6 59 2 93 10 55 13 40 3 54 12 8 
12 38 17 79 10 32 7 29 13 99 16 57 6 73 2 61 18 20 1 57 0 54 4 50 3 75 9 28 14 96 11 83 8 92 15 78 5 97 19 45 
9 48 14 43 13 71 17 87 12 43 4 4 3 98 5 30 7 91 0 69 10 29 2 21 6 23 18 73 8 68 16 81 11 62 1 90 15 76 19 44 
2 55 9 68 1 92 13 55 6 52 5 80 12 3 7 6 18 14 15 62 0 41 19 66 8 25 3 30 14 69 17 73 10 13 11 78 16 16 4 94 
4 80 15 82 8 88 19 68 12 9 17 77 0 3 7 16 18 24 14 95 3 20 16 84 5 47 1 86 6 54 2 78 10 35 13 14 11 71 9 23 
7 68 19 52 1 36 12 93 13 15 18 3 5 78 16 41 9 70 14 48 2 51 15 89 11 43 8 79 6 34 3 41 17 50 10 26 0 98 4 30 
18 17 15 23 0 78 13 74 2 77 3 31 6 46 17 15 19 18 8 33 12 61 11 25 5 49 9 92 7 42 14 75 16 78 4 96 1 4 10 75 
8 67 18 90 17 72 11 83 6 36 13 46 12 83 0 55 14 37 15 79 9 62 19 52 3 19 2 69 10 12 5 88 7 35 16 15 4 49 1 41 
3 34 2 42 12 83 7 20 4 8 8 73 16 38 13 44 18 23 5 68 10 55 11 31 0 95 6 42 14 24 17 91 19 4 1 61 15 1 9 92 
15 3 19 90 11 32 16 90 13 28 2 32 14 53 10 30 3 58 5 79 17 21 7 90 0 58 9 16 18 71 12 60 6 67 8 59 4 62 1 24 
10 20 11 68 1 51 16 98 8 80 6 93 12 80 14 61 4 68 7 11 19 20 5 86 2 32 17 87 9 92 13 16 15 76 0 85 18 32 3 47 
8 91 18 82 11 71 6 65 16 32 13 85 14 96 1 54 7 36 17 32 2 46 3 67 12 69 9 3 0 56 5 35 4 5 10 83 15 34 19 43 
18 59 5 85 8 52 15 33 12 90 1 10 2 20 17 79 3 87 4 21 14 60 0 97 7 62 13 57 11 87 16 4 6 58 9 28 19 90 10 41 
0 42 2 88 9 48 3 69 12 40 10 40 19 47 15 37 17 92 4 55 14 16 7 60 18 25 1 88 11 96 8 73 6 37 13 69 5 51 16 98 
15 25 14 33 18 32 11 94 2 95 19 47 10 94 4 20 7 35 8 7 13 1 0 12 5 9 6 2 9 54 16 88 12 95 1 86 3 5 17 88 
10 68 16 69 15 77 18 66 8 20 3 74 0 93 17 20 14 12 5 22 13 27 2 79 9 39 6 21 7 29 11 97 19 20 12 64 1 56 4 85 
13 44 7 37 12 30 16 45 19 86 14 36 11 78 1 18 0 53 18 52 4 24 15 53 17 20 8 68 2 93 5 8 3 43 9 80 10 58 6 31 
0 12 1 73 10 55 9 75 13 73 5 87 8 57 19 97 3 85 14 60 18 22 12 96 7 72 17 90 2 17 15 22 11 78 6 74 16 48 4 19 
16 45 12 40 19 52 14 84 5 91 0 52 9 92 1 14 7 74 17 19 15 74 6 54 8 58 10 20 18 33 4 75 13 34 11 27 2 26 3 89 
12 90 18 14 6 66 1 39 2 28 3 64 4 79 16 63 11 96 10 12 8 50 14 20 5 45 19 2 9 23 17 64 7 26 0 33 13 38 15 1 
1 71 8 74 15 65 17 60 18 75 0 80 5 63 7 76 9 97 11 94 10 59 4 61 2 40 19 1 16 36 12 39 3 7 14 59 6 58 13 98 
9 12 4 90 5 48 6 79 1 57 12 32 16 83 7 4 2 56 17 64 3 78 15 3 18 43 10 38 14 77 8 67 13 38 11 19 19 86 0 37 
18 49 5 3 16 13 11 73 19 14 3 3 1 45 17 15 8 67 14 86 12 51 13 6 9 45 4 10 2 38 7 58 6 11 10 27 0 83 15 43 
19 63 7 30 4 68 13 96 0 95 10 42 17 52 14 30 5 59 18 58 3 76 9 27 12 79 11 98 8 36 2 75 1 38 16 28 15 49 6 90 
12 68 3 84 4 99 19 14 0 24 7 35 17 36 1 78 5 28 6 11 2 56 16 54 10 22 15 97 9 52 18 46 13 50 11 7 8 57 14 66 
11 13 12 26 6 94 5 64 18 8 2 34 0 95 8 9 4 17 1 72 17 81 3 19 19 49 9 54 13 35 14 84 15 11 16 10 10 69 7 12 
16 62 1 65 17 19 6 68 12 45 4 77 11 86 15 93 10 67 3 62 7 14 18 56 2 34 13 1 14 83 19 73 5 81 8 43 9 47 0 26 
19 38 2 99 17 47 7 30 12 60 5 85 13 85 10 71 6 58 0 84 11 45 3 2 9 96 16 9 14 73 4 78 1 90 8 53 18 73 15 94 
5 68 19 45 8 23 18 9 14 84 1 53 11 73 16 18 2 46 9 15 13 19 15 69 6 1 10 20 4 10 0 31 17 64 12 84 3 80 7 65 
16 13 14 90 1 73 12 54 13 29 2 43 17 3 0 78 8 92 18 5 11 16 19 15 3 86 9 59 10 62 5 32 7 80 4 3 15 18 6 17 
13 93 0 80 9 77 4 81 12 17 18 75 6 29 1 68 3 71 5 13 10 24 19 81 14 66 2 1 15 38 8 92 11 74 17 38 7 36 16 66 
19 35 10 78 1 12 14 44 7 83 17 29 6 21 18 79 11 27 2 49 16 37 3 19 9 69 12 4 13 4 0 29 8 68 5 68 4 36 15 31 
15 77 11 95 4 17 16 30 12 96 17 13 7 23 10 1 14 46 18 58 19 99 9 18 1 5 5 57 6 21 3 54 2 18 8 6 13 4 0 84 
12 21 1 15 10 95 11 30 2 97 3 10 14 17 19 32 15 40 0 79 8 14 17 54 18 61 6 33 9 93 4 7 7 49 13 17 16 55 5 31 
12 69 16 79 17 15 9 99 2 1 13 67 0 42 6 81 15 35 10 88 14 25 8 5 7 66 5 26 4 92 19 30 11 96 18 74 3 34 1 15 
16 52 3 79 13 43 18 76 11 49 12 8 5 94 2 97 4 37 14 89 9 61 19 25 10 87 8 76 1 89 17 11 0 67 6 69 15 19 7 64 
