100 20 
12 93 8 21 11 51 7 86 6 91 17 17 5 47 13 60 18 82 2 51 3 7 15 20 9 33 4 29 14 45 10 51 0 89 1 8 16 53 19 70 
7 47 5 88 18 64 12 65 9 12 4 7 13 11 8 80 3 84 2 85 11 63 16 24 15 81 10 53 19 13 6 31 1 4 14 5 17 49 0 21 
14 34 9 97 8 75 19 58 12 95 15 26 10 33 16 44 5 85 7 7 18 54 17 9 11 46 0 22 4 13 1 31 3 83 2 70 6 86 13 54 
16 53 15 1 13 36 17 68 7 85 1 47 9 84 4 15 12 56 19 68 14 12 3 78 18 72 8 88 6 73 10 70 2 4 0 94 11 87 5 37 
2 76 1 49 5 5 3 37 12 77 11 5 14 43 10 56 13 38 9 16 7 66 18 28 16 6 8 56 15 18 6 74 19 56 0 19 4 81 17 95 
4 57 7 59 11 71 9 19 3 15 13 22 19 81 2 44 5 17 8 90 17 66 0 87 15 91 14 78 1 73 10 43 18 68 16 41 6 60 12 8 
7 22 13 75 16 32 0 61 18 95 14 16 17 73 2 34 19 37 5 4 12 50 15 31 9 58 4 11 6 32 10 40 3 24 1 63 11 19 8 57 
6 94 12 62 15 96 2 64 10 87 13 89 17 27 3 22 9 11 5 37 7 28 16 46 1 21 14 48 4 36 0 55 19 86 8 26 11 67 18 49 
9 51 15 18 10 12 3 89 4 20 11 10 14 57 12 59 2 89 8 36 5 34 0 64 1 91 7 99 16 52 6 73 18 80 13 20 17 23 19 55 
13 2 18 44 11 34 7 84 0 31 6 81 2 16 3 90 4 17 15 24 19 7 8 39 10 76 16 19 12 62 1 73 14 11 5 15 17 42 9 42 
10 54 7 42 4 35 19 44 18 82 9 12 13 78 15 70 5 44 11 51 16 15 14 10 6 38 2 57 3 12 1 71 8 17 12 13 17 13 0 40 
2 82 4 64 12 5 9 57 11 71 7 51 17 27 16 54 5 38 13 12 10 7 14 59 0 29 8 67 18 33 3 5 1 73 19 37 6 43 15 5 
4 18 0 88 13 92 10 93 19 77 12 45 14 73 16 39 11 80 3 4 7 97 1 82 17 56 2 6 9 5 8 24 5 77 18 46 15 77 6 52 
12 66 1 55 0 89 17 31 18 28 6 71 11 73 19 37 2 89 9 14 3 16 10 47 13 46 15 49 4 41 8 81 7 30 14 7 16 10 5 55 
0 69 17 65 3 8 16 92 8 54 9 41 7 33 15 81 14 37 13 57 19 9 4 25 12 62 5 29 10 68 11 41 2 25 18 49 1 92 6 14 
9 13 15 70 7 18 17 35 3 52 10 24 19 76 1 61 5 48 18 65 2 1 0 60 16 48 4 87 6 46 13 88 8 94 14 80 12 28 11 80 
13 65 6 58 9 51 15 44 10 68 16 56 5 50 4 62 17 16 12 26 2 85 18 14 0 52 19 77 11 13 1 41 14 10 3 46 8 91 7 25 
16 86 1 13 4 5 10 64 5 17 6 88 0 24 3 49 19 43 7 10 12 2 11 66 13 40 15 95 8 19 2 48 14 95 18 84 9 83 17 52 
12 31 16 51 0 24 2 81 6 76 18 44 4 22 1 25 7 35 3 99 11 52 5 6 19 28 13 91 8 10 15 79 17 20 14 30 10 92 9 28 
6 85 13 49 19 22 3 60 8 71 0 66 2 35 4 41 10 7 1 66 7 57 18 64 9 22 14 60 16 89 12 80 17 15 5 53 11 69 15 4 
0 17 17 58 19 43 7 54 3 99 6 46 8 40 18 28 5 32 14 62 2 57 16 16 15 31 10 89 9 99 1 35 13 72 12 36 11 88 4 20 
16 46 17 37 1 74 11 20 8 99 5 56 3 25 0 77 4 94 18 22 9 69 19 98 14 8 15 30 13 78 12 46 10 63 6 95 2 15 7 46 
19 28 5 17 12 42 18 88 2 30 17 25 13 26 0 37 10 17 4 3 3 20 1 76 11 91 16 38 6 57 7 37 15 22 14 24 8 84 9 99 
2 79 7 23 14 22 18 56 12 72 3 4 8 39 17 19 5 60 11 2 4 71 10 92 9 2 16 97 19 26 6 75 13 67 1 6 0 25 15 40 
9 3 14 87 1 22 10 5 11 11 13 89 5 33 12 16 0 9 7 66 3 35 16 8 8 94 2 58 6 88 4 13 18 54 17 44 19 64 15 42 
13 36 16 50 6 99 17 74 14 36 18 41 7 67 4 24 2 41 19 67 11 50 0 83 9 45 1 34 10 33 3 97 12 16 8 77 5 30 15 24 
17 63 5 77 11 69 3 19 2 93 7 86 10 66 16 71 0 41 18 80 8 49 4 13 14 99 9 21 13 80 12 54 6 67 19 28 15 90 1 32 
17 90 14 42 7 86 2 60 9 94 11 68 0 47 3 27 16 71 19 53 15 65 6 40 1 66 10 14 8 36 4 57 13 14 12 14 5 88 18 24 
4 81 0 49 8 72 11 91 2 48 9 47 13 15 19 77 5 11 16 65 10 67 6 76 7 44 3 81 17 54 15 79 18 84 1 86 12 23 14 39 
0 46 7 5 12 25 17 90 3 81 8 29 10 84 11 1 19 12 4 79 1 36 5 22 9 33 16 12 6 30 18 40 2 80 14 84 15 12 13 22 
19 32 10 75 1 66 8 37 13 56 4 82 3 71 2 55 12 77 5 99 16 45 17 70 18 70 11 67 7 21 15 43 14 67 9 37 6 94 0 92 
2 41 6 59 13 5 1 12 4 42 14 49 12 15 18 53 5 36 7 57 19 88 11 17 9 66 0 36 16 72 15 99 3 48 10 99 17 77 8 27 
16 3 18 21 4 52 5 37 9 86 10 25 6 84 15 96 7 60 13 10 8 10 0 66 14 75 12 69 1 34 3 71 19 88 17 7 11 99 2 50 
6 12 9 31 4 36 5 5 3 3 2 75 17 12 12 42 19 42 10 94 8 40 7 88 18 72 0 95 11 36 15 87 16 85 1 73 14 62 13 68 
12 17 3 42 4 48 18 75 0 54 14 11 15 31 10 71 16 56 7 56 9 16 11 22 1 97 19 61 2 4 13 50 8 19 6 90 5 24 17 91 
3 50 2 21 1 70 6 39 13 15 10 82 11 13 7 33 15 5 12 62 18 6 5 62 19 99 4 76 9 41 17 50 8 24 16 53 0 11 14 94 
11 90 15 97 19 84 12 97 13 57 4 40 0 38 9 55 5 75 10 53 16 83 3 47 17 85 8 79 18 5 14 15 2 71 1 43 6 62 7 51 
8 69 1 69 15 81 14 97 16 98 18 9 4 4 13 9 19 87 10 38 7 51 0 55 17 33 2 52 6 96 12 31 9 18 5 37 11 36 3 56 
3 37 19 97 14 37 18 79 13 36 12 82 16 86 0 80 5 99 17 47 15 25 10 85 2 16 8 53 9 59 4 22 7 46 11 70 1 71 6 90 
0 60 17 5 11 32 2 77 4 11 16 81 13 10 18 24 3 26 10 90 9 79 12 49 7 16 6 6 5 82 1 99 8 90 14 47 15 3 19 5 
3 98 14 10 12 52 5 62 18 50 13 49 9 86 19 59 11 92 6 56 10 24 4 49 2 71 7 30 15 32 16 78 8 11 17 15 0 17 1 91 
6 46 7 72 5 47 1 36 12 99 2 37 19 18 14 29 18 50 0 87 11 81 15 21 10 61 17 74 9 5 13 88 8 79 16 98 3 60 4 31 
11 14 14 55 7 37 17 59 9 87 10 60 3 80 2 69 16 27 4 61 1 23 0 16 18 17 8 83 13 55 6 5 5 2 12 38 15 82 19 99 
9 14 15 94 8 8 2 27 6 59 18 7 0 52 12 37 10 90 19 18 13 13 3 69 4 17 7 47 1 87 11 42 5 35 17 97 14 57 16 52 
16 50 3 53 17 97 6 29 0 74 15 63 9 87 10 55 13 49 18 88 1 9 14 27 5 59 19 50 4 87 12 64 2 42 11 87 8 94 7 24 
14 65 18 7 10 58 0 28 17 77 13 94 15 2 3 81 6 57 7 51 9 44 19 72 5 17 4 39 8 56 1 62 11 26 2 5 16 26 12 84 
19 37 17 48 18 55 15 77 2 48 16 61 10 44 9 32 4 68 14 24 12 81 3 60 1 34 11 87 7 76 6 65 13 90 5 15 8 24 0 21 
10 73 17 24 11 93 2 14 12 52 15 46 7 64 18 66 19 65 9 31 16 42 3 62 5 84 8 81 0 91 1 36 4 70 6 80 14 97 13 74 
7 91 16 86 17 4 2 40 4 2 5 58 8 89 0 39 12 58 18 50 6 29 11 33 13 28 15 75 14 64 19 39 1 76 9 29 3 55 10 83 
7 69 0 47 14 90 16 65 11 78 2 56 13 89 15 70 3 61 19 75 6 50 9 94 17 14 1 1 4 39 18 23 5 72 12 24 10 23 8 6 
9 80 17 85 0 53 18 43 3 98 15 24 11 22 5 91 8 34 1 79 4 61 19 68 7 59 2 94 13 49 14 25 6 64 16 13 10 76 12 92 
1 81 17 53 14 15 0 98 18 38 2 44 9 84 5 95 13 79 6 27 16 9 12 89 10 74 11 38 4 74 3 2 15 34 19 57 7 1 8 53 
5 34 8 9 9 35 7 65 10 26 0 99 11 33 14 33 4 25 6 1 12 18 15 73 16 25 19 90 3 53 1 66 13 97 18 12 2 29 17 88 
18 95 10 67 15 37 14 84 9 80 3 32 12 88 6 39 4 16 17 85 16 94 2 87 7 23 5 79 11 14 0 24 8 99 19 41 13 78 1 43 
5 85 8 50 6 70 10 61 2 56 7 94 14 45 17 1 0 82 11 25 3 48 19 49 18 24 12 86 13 88 1 21 4 57 9 13 16 70 15 87 
13 64 18 83 8 88 4 79 16 28 6 75 0 68 10 22 15 58 7 9 9 96 11 30 12 84 17 14 19 30 3 31 1 16 2 73 5 83 14 1 
10 69 17 9 4 60 5 69 12 30 15 49 16 64 1 83 11 83 6 70 18 38 3 40 8 43 9 74 0 26 7 69 19 78 14 30 13 44 2 14 
5 64 7 56 0 26 15 16 3 71 17 58 9 5 2 78 11 78 16 97 8 9 12 48 6 65 19 10 14 62 10 66 4 49 18 72 1 89 13 33 
17 24 4 9 11 15 3 48 16 16 14 17 0 56 7 27 15 25 19 5 9 94 5 14 12 38 18 6 6 78 13 98 10 80 8 60 1 63 2 19 
11 87 8 77 12 33 0 98 18 46 3 28 17 39 2 63 10 80 9 54 13 84 6 36 7 92 15 99 4 79 16 70 14 91 5 49 1 93 19 5 
2 93 8 36 4 67 7 38 5 60 14 40 18 53 3 28 15 70 9 40 10 72 16 6 17 1 6 79 11 82 19 17 1 83 12 52 13 76 0 18 
12 11 4 67 7 7 18 81 11 81 1 18 5 6 8 74 16 17 9 8 15 91 10 4 2 68 6 95 3 96 13 49 19 54 0 14 17 3 14 97 
5 54 1 36 7 78 17 43 12 99 3 15 9 68 15 19 16 74 19 20 10 70 18 96 4 38 14 52 6 99 13 4 11 15 8 60 0 32 2 18 
12 6 18 79 19 21 0 75 6 23 1 30 13 81 8 23 5 89 10 6 15 77 7 70 9 84 14 19 3 54 4 40 16 46 11 96 2 10 17 60 
19 24 6 25 2 51 10 34 11 78 1 99 15 55 13 31 9 89 4 24 0 77 14 18 7 11 3 51 16 71 12 69 5 19 17 14 18 1 8 73 
14 65 2 25 10 42 16 55 18 87 6 82 9 20 7 5 12 98 0 76 11 96 1 63 3 68 4 83 8 93 17 12 15 51 5 41 13 94 19 67 
16 50 14 73 9 98 17 49 19 52 10 87 4 9 7 14 8 60 3 48 0 27 2 53 5 24 15 85 12 5 11 20 18 30 1 9 13 85 6 11 
18 26 11 30 9 48 6 84 16 94 15 47 2 84 0 80 12 62 1 76 5 31 13 12 19 87 3 99 10 20 14 51 7 4 4 34 17 40 8 17 
2 41 12 1 6 78 5 52 17 52 4 5 16 29 11 70 9 59 0 99 1 39 18 6 15 89 8 62 3 20 13 75 10 62 7 21 14 1 19 53 
9 16 17 31 3 22 2 78 10 79 11 91 4 15 12 12 15 49 19 46 8 11 16 9 7 44 14 75 5 69 13 21 0 16 18 57 1 29 6 1 
16 33 7 77 1 76 14 59 13 80 17 76 2 48 18 58 9 16 6 98 12 66 5 53 8 63 0 32 11 99 15 36 3 54 10 7 19 64 4 42 
17 16 13 46 3 69 10 16 9 33 7 58 2 3 4 70 5 25 16 96 1 99 19 28 6 16 11 11 14 96 8 70 18 47 0 9 15 68 12 24 
5 77 3 40 13 85 14 73 2 19 0 35 15 33 6 66 1 45 10 39 8 97 19 4 11 59 16 63 18 34 9 57 17 87 4 45 12 46 7 16 
11 51 6 60 16 88 17 38 4 6 13 24 7 20 12 92 2 72 19 60 1 19 14 5 3 93 5 77 8 83 0 99 18 32 10 57 15 10 9 82 
18 53 2 17 3 47 15 79 1 46 16 15 17 34 19 97 0 69 7 48 9 10 6 73 8 6 13 94 5 93 14 60 11 10 10 9 4 15 12 82 
13 29 18 68 7 40 14 24 2 58 15 31 19 82 1 35 12 3 4 90 0 2 3 3 8 24 5 83 6 15 10 19 17 72 16 98 11 3 9 31 
10 64 5 21 3 53 11 55 8 66 6 65 4 73 15 97 16 26 12 40 0 9 9 40 7 52 19 26 17 24 2 86 18 43 1 14 14 60 13 11 
6 42 9 15 0 13 19 95 10 15 15 33 18 64 4 52 1 89 3 22 13 29 7 4 14 92 16 36 12 48 11 29 17 51 2 13 5 52 8 52 
5 93 17 94 3 53 16 74 1 1 0 80 9 17 11 40 8 43 18 65 4 92 12 32 7 95 15 8 19 82 2 68 6 86 10 26 14 1 13 22 
6 87 18 66 11 85 15 78 14 70 2 18 4 89 7 78 12 5 3 12 19 48 8 28 17 20 13 23 10 29 9 80 5 19 1 44 0 84 16 29 
1 67 11 30 19 54 18 69 8 25 17 82 5 56 3 96 9 25 13 28 0 62 12 82 14 60 16 59 2 61 10 82 7 87 4 5 15 14 6 95 
10 43 5 24 6 71 3 16 4 59 11 43 8 2 16 10 13 5 0 32 2 18 14 54 19 32 15 58 7 71 12 47 18 5 1 7 17 35 9 90 
18 54 1 20 2 58 3 96 4 17 0 82 12 64 14 86 15 61 8 43 6 42 19 92 16 37 11 29 5 2 13 89 7 59 17 48 10 27 9 42 
18 16 11 91 2 54 8 85 19 94 1 39 14 23 0 63 16 60 9 36 10 48 7 32 3 6 13 54 5 47 4 22 12 65 6 23 15 79 17 74 
10 26 7 12 9 89 0 6 12 83 17 82 8 23 3 25 2 43 14 61 1 43 18 16 6 76 11 37 13 72 4 41 16 59 15 57 19 34 5 40 
14 99 15 32 4 26 1 82 7 48 11 44 5 8 17 70 19 39 2 39 13 82 10 43 16 46 3 76 8 43 6 6 12 62 9 84 0 92 18 6 
18 19 11 97 8 19 19 75 10 31 12 16 16 19 3 7 6 96 15 23 0 50 5 52 2 42 14 2 4 77 7 40 17 39 9 12 1 73 13 4 
13 11 14 91 1 2 0 80 9 85 2 85 15 64 6 51 3 3 18 73 19 5 7 80 11 2 4 94 12 20 5 83 16 43 8 28 17 6 10 75 
14 4 1 12 7 65 12 50 4 61 15 29 5 35 2 66 10 54 9 98 0 31 6 5 16 17 8 78 3 35 18 78 13 7 17 2 19 11 11 75 
16 11 1 85 4 38 17 54 8 65 9 18 2 79 11 15 18 34 12 11 0 80 5 9 13 95 19 48 14 22 10 10 6 38 7 91 3 97 15 46 
8 72 7 47 15 74 1 76 6 34 13 36 12 53 10 83 11 96 4 47 3 59 9 25 18 7 17 75 14 26 0 86 2 12 19 24 5 77 16 89 
18 36 11 5 15 55 17 17 14 61 6 18 3 38 2 33 13 57 0 35 7 56 1 36 9 57 4 82 12 80 10 42 16 51 5 71 19 23 8 26 
2 85 7 84 5 37 15 59 14 20 3 56 19 47 4 86 11 66 9 97 10 67 8 26 18 97 16 35 0 60 1 32 6 5 13 22 17 16 12 11 
4 31 16 14 17 34 0 3 11 59 1 78 15 58 7 95 6 10 2 39 14 96 12 25 13 97 18 6 10 8 8 82 3 34 19 20 5 55 9 11 
17 50 16 40 13 33 12 52 4 44 19 11 8 58 10 49 9 89 18 96 14 88 2 20 11 89 7 68 1 96 0 71 5 89 6 63 3 57 15 77 
2 48 0 35 18 84 10 11 9 74 16 40 8 28 7 85 11 21 6 18 17 11 19 37 15 48 5 70 3 94 12 73 4 31 14 89 1 58 13 94 
6 4 0 6 13 77 12 11 4 42 1 72 10 17 14 90 7 73 15 92 9 68 8 44 11 42 5 64 17 9 3 43 2 24 18 34 19 97 16 12 
12 26 2 98 9 70 11 79 13 78 3 8 14 99 10 41 1 48 0 21 16 56 18 69 8 59 7 64 17 82 4 10 5 96 19 60 6 17 15 16 
18 41 13 82 8 63 17 99 5 32 10 3 15 84 14 73 2 87 11 11 7 54 12 38 9 76 4 31 19 82 3 88 16 62 1 5 0 77 6 25 
1 46 15 17 10 16 19 40 12 56 0 61 8 70 6 51 5 96 18 51 11 25 7 39 16 10 3 65 13 18 14 34 9 66 2 78 4 37 17 84 
