100 20 
8 7 18 8 19 73 2 3 1 23 10 61 14 85 16 24 9 64 3 85 5 40 12 3 15 63 6 60 0 79 11 48 4 65 7 3 17 52 13 34 
15 22 4 83 14 97 19 42 9 77 16 47 5 27 3 49 6 87 8 31 0 11 18 10 2 28 12 98 10 6 11 50 7 22 1 18 13 99 17 54 
3 84 9 6 12 56 14 64 10 67 13 84 8 60 15 68 6 54 0 11 18 27 2 38 17 62 5 7 1 45 4 39 7 95 19 84 16 94 11 9 
4 54 1 21 9 22 11 80 13 26 8 47 7 19 16 13 18 63 3 21 2 10 5 90 17 50 19 18 10 17 0 78 15 18 6 2 12 16 14 31 
6 20 7 69 17 57 19 74 10 36 13 80 8 71 9 24 18 7 1 78 3 29 0 65 11 46 14 25 15 97 16 35 5 23 2 89 12 53 4 89 
15 44 10 70 9 37 14 46 16 50 8 90 18 66 2 6 17 10 6 52 13 98 19 45 1 62 0 39 5 62 11 13 3 96 7 51 4 56 12 60 
0 37 19 99 7 64 13 81 14 24 2 75 5 61 18 26 16 60 11 97 1 32 3 57 15 88 6 73 4 76 9 78 12 11 17 89 8 31 10 44 
11 62 17 84 4 96 3 64 15 58 16 91 8 31 10 25 6 41 13 28 14 72 18 15 1 54 9 16 0 25 5 72 7 31 12 68 2 13 19 30 
13 87 14 6 18 62 10 1 11 36 6 39 17 3 9 85 16 68 5 65 1 62 3 20 8 85 0 8 12 58 2 77 4 45 7 69 19 72 15 84 
16 39 12 81 11 53 0 36 2 74 7 36 18 5 1 44 13 25 15 49 8 78 6 43 17 22 4 86 5 32 9 26 19 64 3 5 14 63 10 53 
3 91 6 18 10 25 16 87 15 57 18 61 2 63 17 19 11 6 0 59 13 84 12 17 9 29 14 71 19 29 1 25 8 25 7 88 5 65 4 98 
2 18 0 69 18 64 9 13 10 66 14 97 19 3 13 71 7 31 8 41 16 57 6 18 3 97 15 88 5 4 11 5 12 31 17 30 1 19 4 36 
14 30 6 29 12 24 5 20 9 55 3 36 16 52 19 90 7 28 2 58 18 97 8 1 1 2 15 36 13 81 4 22 11 73 0 86 10 63 17 78 
1 76 8 6 4 36 16 62 19 50 10 43 12 1 7 85 9 6 5 68 6 49 14 97 13 45 18 46 15 60 17 98 3 83 0 59 2 26 11 90 
5 11 14 58 15 62 12 57 11 45 10 76 7 63 2 4 1 33 19 15 18 37 4 49 13 42 17 13 0 27 3 26 9 56 8 80 16 84 6 92 
13 50 19 88 12 61 6 3 10 14 9 9 14 41 15 75 7 75 17 54 4 15 2 63 1 73 3 42 5 52 8 47 16 26 11 40 18 11 0 26 
8 37 11 94 9 49 15 37 0 16 10 58 3 33 19 10 4 70 2 26 12 13 6 87 1 69 17 19 7 82 13 24 18 88 5 97 14 90 16 8 
4 40 10 33 12 88 18 76 14 31 8 90 17 69 3 30 5 64 19 48 1 38 15 46 0 62 11 14 9 19 2 81 16 96 6 16 13 77 7 53 
9 62 10 71 15 92 7 11 0 82 2 64 12 48 1 37 6 70 8 50 4 62 19 25 13 67 16 26 14 26 5 18 3 80 11 11 17 13 18 14 
10 78 19 36 5 54 18 80 11 57 17 60 3 31 12 65 16 92 4 25 7 35 6 5 14 82 9 84 1 87 2 1 8 19 0 46 13 32 15 40 
10 95 14 36 17 69 12 8 1 52 16 52 15 91 3 21 9 21 2 27 13 29 6 37 19 33 18 42 5 71 0 58 7 65 11 68 8 98 4 49 
15 36 18 68 12 88 1 53 8 20 0 26 13 13 10 2 4 30 14 77 19 35 2 46 11 69 3 16 9 70 5 45 16 95 17 36 7 32 6 26 
3 9 0 62 8 86 2 16 4 43 9 76 14 86 12 89 5 63 1 30 7 48 16 96 11 97 6 25 18 90 19 44 13 31 15 47 10 57 17 95 
7 6 12 99 17 38 13 37 4 1 19 64 18 47 5 96 15 37 9 1 3 95 2 20 6 15 11 84 8 99 0 16 16 62 1 72 14 30 10 59 
6 46 7 27 12 72 1 71 18 79 17 17 13 21 11 8 2 39 8 56 9 19 15 17 19 67 16 99 3 49 14 77 10 29 4 44 0 71 5 8 
4 67 17 87 1 31 2 66 16 73 12 88 8 3 19 29 18 85 14 57 0 23 15 63 11 14 9 82 7 94 5 83 10 32 3 67 13 57 6 97 
4 28 0 73 9 33 6 88 8 80 2 19 1 1 13 37 19 80 12 31 16 85 18 85 7 69 17 61 3 60 14 13 10 45 15 78 5 73 11 99 
18 75 5 89 13 98 12 28 8 78 7 61 10 95 11 45 15 80 14 25 17 55 3 87 9 23 19 83 2 60 16 37 6 78 4 42 0 16 1 18 
15 26 17 60 16 78 13 5 6 63 0 23 9 85 11 31 5 10 18 91 3 20 14 65 10 46 4 69 8 18 1 98 19 77 12 5 7 15 2 93 
1 73 3 26 6 21 13 86 5 67 11 5 17 51 19 44 0 16 14 12 10 82 2 56 8 95 9 5 18 9 4 68 16 92 7 40 15 80 12 85 
1 41 5 23 18 75 15 86 8 47 12 77 16 25 17 13 11 48 3 86 19 94 7 91 9 20 13 97 2 25 4 55 0 94 6 2 10 18 14 33 
14 95 2 28 5 1 0 25 19 39 4 8 9 54 16 86 13 14 18 58 11 82 7 22 17 56 10 88 8 14 6 43 15 43 1 15 3 8 12 20 
19 91 3 65 4 30 12 65 13 20 8 71 5 47 7 55 15 53 0 35 18 21 10 89 11 84 1 5 14 81 9 73 6 54 17 96 16 19 2 88 
6 37 4 19 3 17 11 14 14 33 5 29 19 21 7 75 12 45 2 5 16 61 10 3 9 10 15 40 17 58 18 11 8 89 13 57 0 91 1 12 
19 26 18 86 2 74 11 66 8 96 17 2 5 64 4 81 14 25 15 68 1 81 13 17 3 26 6 11 0 37 10 81 7 73 16 97 9 17 12 54 
14 91 4 57 11 62 12 5 16 89 3 13 7 4 5 23 1 95 17 40 9 97 13 98 18 11 6 59 8 40 2 13 19 25 15 19 10 23 0 97 
17 16 18 23 5 21 6 95 0 12 12 31 13 18 8 23 10 88 9 89 7 93 3 75 2 96 1 25 15 23 19 91 11 67 14 51 16 83 4 32 
13 42 2 8 10 45 9 60 3 95 4 90 18 7 1 48 11 16 8 18 7 76 0 46 17 4 6 72 19 60 12 44 15 62 16 54 14 86 5 35 
14 43 7 70 13 79 2 54 1 36 3 37 4 83 17 99 5 49 12 7 8 11 19 85 16 76 0 83 15 95 6 78 18 37 10 76 11 8 9 18 
3 10 17 91 0 35 15 65 16 11 19 91 12 31 8 67 6 33 1 78 13 86 9 9 2 92 4 98 7 59 5 61 10 94 18 9 14 95 11 26 
16 24 2 87 7 45 17 37 10 60 5 16 14 24 15 53 1 20 8 22 3 85 19 23 0 39 6 93 18 96 9 96 11 32 13 69 4 40 12 34 
18 44 6 41 8 58 12 1 13 66 4 62 9 61 1 49 2 38 3 35 5 33 16 62 10 24 0 14 15 50 14 42 19 37 17 76 7 40 11 25 
15 28 16 44 14 85 11 54 6 24 7 59 0 46 3 17 2 72 10 97 12 76 17 18 9 95 19 41 1 33 13 33 5 98 4 54 8 58 18 40 
12 76 7 77 2 76 4 69 16 2 18 52 3 29 15 97 5 3 8 73 14 89 19 78 6 87 10 53 0 27 17 40 9 89 13 8 11 88 1 96 
8 46 4 45 7 63 19 92 12 66 3 68 15 75 18 99 10 76 11 1 16 88 0 61 6 61 2 90 13 76 17 58 5 5 9 66 1 63 14 72 
7 45 6 74 0 75 11 94 18 60 4 4 10 12 14 19 15 41 12 71 8 22 3 80 13 47 17 56 1 20 16 80 2 97 9 8 19 99 5 11 
18 84 19 80 10 13 11 8 9 49 16 29 1 10 14 34 5 34 6 48 3 39 4 1 12 85 0 17 15 10 8 96 2 54 13 90 17 12 7 32 
19 69 15 92 4 67 1 41 11 92 5 4 14 10 7 29 3 78 2 96 16 40 12 15 6 10 8 56 17 54 18 82 0 78 10 21 9 1 13 14 
5 19 10 91 1 54 14 79 15 31 16 30 12 67 18 21 2 77 19 71 8 93 11 26 7 66 13 45 3 35 9 66 6 26 4 64 17 11 0 8 
15 46 4 34 2 42 6 73 19 7 11 2 9 69 16 88 14 18 12 5 3 18 0 21 5 19 18 90 10 78 1 55 8 39 17 28 7 20 13 60 
10 53 1 85 12 4 11 6 17 93 14 8 13 39 18 30 5 95 19 26 0 76 2 1 15 87 16 68 3 1 8 71 4 61 9 39 6 26 7 36 
13 83 5 46 12 37 14 90 10 48 2 2 17 56 11 50 18 30 3 45 16 8 7 17 1 71 0 80 4 99 8 57 15 53 19 74 6 17 9 24 
16 93 3 42 2 61 12 88 17 25 11 23 0 55 9 59 6 17 14 21 4 86 19 38 13 97 1 42 7 52 18 79 10 73 15 22 8 19 5 61 
3 66 16 22 17 27 19 67 8 82 5 75 2 12 6 91 4 83 0 95 11 63 7 40 18 85 12 50 13 53 10 60 15 25 14 81 9 39 1 26 
8 13 13 90 18 33 17 85 5 33 9 55 12 29 19 69 7 49 0 1 3 51 10 66 14 40 6 25 1 22 11 81 15 31 2 17 4 74 16 15 
18 94 13 78 2 33 8 42 15 97 3 90 11 25 12 91 14 46 7 14 16 3 5 40 4 39 9 6 0 99 10 53 6 8 17 52 19 36 1 8 
10 11 15 90 3 83 6 75 5 8 17 34 11 21 13 77 4 22 19 34 16 62 1 19 9 18 0 37 14 33 2 78 18 83 8 58 12 12 7 22 
5 68 7 18 11 88 19 97 6 45 9 11 0 10 16 64 12 62 3 81 18 3 10 46 2 17 15 35 14 95 4 85 1 27 17 48 8 6 13 84 
16 15 3 20 6 15 12 17 19 88 4 97 17 69 13 50 10 95 2 50 8 50 18 26 0 57 1 58 9 55 14 43 15 70 5 97 11 93 7 31 
5 61 8 90 10 40 17 32 0 13 19 8 7 47 13 18 14 7 18 36 4 21 9 73 15 78 3 88 1 7 11 93 2 53 6 13 16 66 12 41 
5 30 0 28 14 68 9 17 16 42 15 30 4 69 7 91 18 70 19 66 11 71 17 49 1 29 6 22 12 65 8 58 3 68 13 58 2 8 10 21 
12 34 17 24 6 23 3 68 11 50 18 60 8 89 15 22 4 16 1 37 13 24 10 23 2 81 19 56 14 84 0 41 5 16 9 20 7 7 16 44 
19 40 6 44 11 57 4 52 16 78 8 74 17 37 18 66 7 37 14 64 9 26 2 87 15 81 5 57 3 3 0 80 1 71 10 60 12 69 13 51 
7 1 5 92 18 52 6 32 8 45 10 56 2 85 19 18 14 41 4 87 13 51 17 3 3 52 0 27 9 92 16 65 15 33 12 25 1 70 11 10 
13 58 10 82 7 74 12 19 9 11 2 14 5 74 14 5 11 24 15 47 4 12 16 8 18 43 1 51 17 56 3 6 6 70 19 53 8 99 0 15 
16 22 18 10 2 73 14 41 5 57 12 94 13 73 4 53 7 6 6 77 9 19 1 50 0 70 10 11 8 28 3 73 15 82 11 66 17 14 19 95 
8 43 10 93 13 28 2 34 16 90 17 77 1 10 4 78 9 11 19 62 5 27 7 64 14 93 0 58 6 49 18 33 12 42 15 18 3 41 11 61 
10 31 6 91 1 56 9 58 15 60 11 6 4 5 13 11 16 58 8 38 14 73 5 40 3 26 0 15 2 13 18 69 12 35 19 49 7 24 17 50 
7 51 3 64 0 3 8 96 4 49 2 25 17 19 13 84 18 7 1 67 9 81 19 78 10 61 15 67 14 22 6 20 16 20 11 40 5 1 12 7 
3 35 5 25 2 47 7 9 9 61 13 46 19 29 10 60 6 59 15 99 11 90 16 30 8 35 17 66 1 76 4 53 0 69 18 40 12 21 14 10 
1 47 4 96 13 13 2 96 8 12 15 88 19 84 17 50 14 16 12 17 5 68 0 44 7 20 9 88 3 75 11 53 6 11 18 85 16 94 10 60 
0 39 17 46 15 7 1 70 13 63 18 68 12 67 10 79 16 60 14 29 2 80 9 30 4 31 6 41 19 3 5 14 7 93 3 44 8 38 11 72 
18 74 12 5 8 20 6 44 14 35 11 18 7 4 1 34 0 44 19 49 17 72 9 12 2 66 4 61 3 66 15 10 16 52 5 7 13 31 10 20 
16 75 7 38 0 48 19 97 5 36 12 30 11 20 2 36 3 25 1 6 10 56 14 79 4 79 6 91 18 56 13 45 15 97 8 92 9 37 17 30 
15 86 18 87 5 42 2 31 4 46 13 88 17 11 19 30 3 90 11 5 12 64 6 21 16 29 9 67 0 11 8 48 7 2 1 65 14 62 10 55 
9 16 15 1 19 34 12 5 18 16 10 47 11 82 16 46 0 65 1 58 7 8 4 96 2 98 5 23 6 50 13 8 14 99 3 67 8 8 17 91 
18 29 2 48 11 36 1 84 0 84 8 8 19 14 6 60 12 92 4 98 15 71 5 89 3 90 10 7 9 6 7 30 14 54 13 47 16 11 17 21 
7 44 11 54 13 11 5 83 4 26 17 8 14 76 18 68 15 90 16 88 1 6 12 78 0 2 6 95 19 82 2 60 9 75 10 94 3 37 8 66 
5 55 16 58 9 35 10 80 14 91 3 69 7 96 15 58 12 27 13 6 18 4 0 55 4 24 2 2 19 42 11 73 17 36 8 17 6 77 1 30 
12 64 3 8 6 84 15 81 4 44 14 93 1 70 2 51 17 75 9 54 13 66 8 73 11 85 18 76 7 68 0 53 10 67 16 13 5 89 19 3 
1 20 3 95 19 94 7 89 2 66 15 90 16 19 4 25 11 92 6 77 12 10 14 96 18 97 8 77 17 69 5 29 9 5 10 84 0 35 13 37 
7 19 0 60 1 23 15 7 18 92 4 53 8 71 14 94 3 6 17 69 19 38 13 29 9 70 6 86 2 81 5 60 12 3 10 26 16 24 11 73 
12 5 15 58 9 75 3 70 6 1 19 66 10 42 5 23 4 57 7 56 13 83 18 63 11 96 14 65 0 35 2 93 1 34 16 73 8 55 17 30 
6 82 13 63 11 75 9 84 14 54 0 2 10 98 8 76 19 28 5 72 1 45 12 29 4 50 3 14 18 86 16 9 2 61 15 8 17 47 7 66 
8 12 2 38 16 61 7 34 3 14 15 96 13 32 10 90 4 78 19 81 12 74 14 23 5 88 17 16 11 13 1 50 0 48 9 90 6 41 18 24 
14 55 0 93 15 48 3 15 16 45 2 27 18 49 13 9 10 27 11 11 9 30 8 96 5 74 17 33 19 2 6 53 1 2 12 97 7 26 4 56 
10 79 13 6 17 68 18 52 8 75 4 70 7 35 2 51 6 7 12 43 5 46 1 73 0 54 11 7 14 34 15 23 19 63 16 70 3 82 9 97 
7 9 11 34 19 73 18 44 13 5 3 46 10 47 2 76 8 48 0 91 17 59 1 92 14 87 16 16 6 54 15 79 4 50 5 27 9 16 12 59 
1 9 17 54 16 68 5 78 14 6 2 64 18 46 19 83 13 10 0 60 7 82 15 94 10 42 12 19 8 83 4 56 9 67 6 56 3 98 11 46 
6 17 17 63 18 86 9 40 1 74 7 16 14 86 4 92 13 26 15 20 16 76 0 60 10 48 12 64 11 52 19 52 5 9 2 71 3 91 8 92 
2 77 11 31 14 23 16 85 12 93 18 31 17 50 15 75 6 92 4 11 10 19 8 60 0 92 7 18 19 94 5 42 1 35 13 93 3 84 9 63 
8 32 14 24 3 4 2 80 4 24 11 63 18 99 9 75 7 69 13 30 5 92 19 45 17 6 10 31 12 17 0 13 15 50 1 63 16 90 6 89 
16 31 2 51 17 61 9 42 4 2 19 60 5 69 13 49 6 24 0 99 10 26 12 50 8 90 11 84 15 21 14 10 3 44 1 87 18 29 7 10 
10 44 5 45 9 77 13 39 6 36 0 30 17 44 15 50 4 1 11 28 16 59 2 72 7 17 14 35 1 50 8 19 19 87 12 18 3 82 18 34 
0 21 13 21 14 46 9 39 16 88 18 57 4 1 19 31 10 23 15 70 6 18 11 30 7 81 2 4 17 49 1 46 5 52 8 6 3 76 12 90 
7 64 18 99 5 26 17 53 14 69 11 21 3 69 1 90 9 53 16 72 19 48 4 30 12 96 6 57 15 89 2 31 0 13 8 93 13 96 10 57 
9 87 11 46 2 30 5 64 8 97 10 41 18 41 0 19 15 65 6 7 4 60 12 57 3 96 17 62 16 64 1 45 13 71 7 75 14 78 19 46 
3 24 9 87 6 62 8 92 10 6 14 89 7 47 5 73 11 24 19 1 18 44 16 32 0 36 15 70 4 91 17 93 2 16 12 43 13 28 1 20 
9 20 13 74 8 21 2 64 7 61 3 38 19 45 17 54 4 59 18 42 6 38 5 42 1 37 14 23 0 1 15 31 10 47 16 87 11 37 12 81 
1 31 2 37 16 34 9 21 4 36 12 75 14 31 11 28 17 94 7 86 6 4 13 39 10 73 19 7 8 25 5 61 18 42 3 19 0 96 15 87 
