100 20 
9 89 5 11 10 20 0 9 2 45 6 8 3 28 4 78 18 59 15 5 16 36 12 22 7 68 1 43 13 71 17 26 8 68 11 62 14 71 19 78 
9 33 13 33 4 77 17 92 1 95 0 63 10 76 7 67 3 12 5 6 15 53 16 34 11 6 12 91 19 48 6 1 18 9 14 32 8 24 2 17 
14 89 15 43 11 59 6 12 13 67 19 59 1 27 4 61 16 75 8 4 3 98 12 43 2 57 9 70 18 24 17 86 7 86 5 58 0 56 10 95 
19 59 9 18 4 52 6 26 10 94 8 77 2 62 1 24 18 87 14 28 17 74 3 50 13 28 7 27 11 2 5 40 15 70 16 24 0 3 12 62 
8 57 15 99 0 10 6 76 11 70 16 32 19 45 18 50 5 66 2 34 7 78 13 58 1 40 9 91 4 28 3 63 14 58 10 40 17 18 12 98 
0 72 2 73 8 22 12 77 9 58 14 55 11 79 4 30 5 75 10 43 1 48 6 74 19 18 3 93 16 49 13 94 7 96 15 21 17 26 18 45 
4 89 14 47 8 93 2 6 17 87 7 45 3 60 13 48 11 71 16 45 0 52 19 18 18 30 6 43 9 89 5 37 15 17 1 70 12 88 10 17 
13 14 14 95 0 53 12 52 15 6 6 45 2 27 17 28 8 61 3 77 1 96 10 90 5 89 16 30 18 54 9 62 11 94 4 77 7 52 19 88 
7 16 19 21 0 14 13 52 10 88 14 1 9 95 17 92 16 84 15 70 1 24 5 52 12 29 6 52 18 13 11 72 2 77 4 5 3 32 8 49 
2 23 16 26 15 93 5 91 4 34 1 40 8 83 18 36 13 73 14 97 7 43 11 4 6 12 12 66 10 6 9 78 19 57 17 66 0 72 3 89 
7 71 15 40 0 2 12 4 10 45 16 38 5 42 3 49 18 22 11 64 6 20 9 7 17 66 19 93 1 61 8 66 14 78 13 57 4 82 2 7 
9 28 0 60 4 66 7 93 13 57 6 51 18 67 15 53 3 57 16 85 12 75 19 19 8 49 17 76 5 10 14 5 10 71 2 11 11 97 1 79 
11 23 3 47 6 70 7 14 18 92 17 61 9 51 19 43 14 46 1 75 16 29 4 20 8 39 0 48 15 47 2 89 10 71 5 84 13 91 12 82 
10 79 1 52 17 66 13 66 0 25 3 21 7 97 2 34 6 55 5 38 15 32 12 85 16 32 19 52 14 86 18 41 9 30 11 14 4 97 8 18 
8 56 2 43 11 89 17 37 4 67 5 7 14 86 3 53 1 75 18 71 6 37 19 91 10 96 0 45 12 68 13 78 7 78 9 74 15 31 16 38 
14 92 9 85 2 94 8 29 3 99 1 56 0 76 6 1 16 12 7 92 19 85 15 43 5 94 12 35 4 24 11 23 18 66 10 56 17 90 13 13 
15 91 9 99 6 76 8 76 10 44 0 98 1 60 12 57 3 53 14 92 7 34 19 29 2 78 11 8 18 65 16 76 5 30 4 39 17 64 13 66 
13 78 17 44 15 54 0 63 12 43 18 54 8 1 3 55 7 85 2 3 19 59 14 87 10 36 16 70 6 34 5 63 9 43 1 80 11 9 4 63 
6 8 18 56 16 23 7 90 15 26 13 1 17 16 14 98 8 95 1 2 5 72 19 48 9 1 11 20 0 59 12 20 10 90 3 91 2 98 4 47 
6 16 19 52 12 60 1 64 10 30 0 45 11 31 13 20 3 72 16 21 8 81 18 53 15 7 5 83 7 16 14 94 2 98 9 91 17 82 4 84 
19 36 0 34 11 12 2 21 14 77 10 79 5 83 3 86 9 86 1 73 12 46 8 71 17 75 15 41 13 75 6 38 7 28 4 41 18 55 16 38 
11 58 13 69 7 92 10 58 12 70 6 95 0 74 3 65 4 5 19 89 16 41 1 13 17 79 9 88 5 21 2 68 18 53 14 21 8 29 15 80 
8 82 15 82 19 7 16 62 12 51 17 17 1 52 5 89 6 54 18 57 2 27 13 22 9 14 14 76 3 11 10 84 7 78 0 44 4 17 11 89 
12 13 4 34 2 27 18 7 3 66 7 27 10 56 15 48 6 88 5 82 17 3 13 2 8 41 9 99 14 81 16 69 1 23 0 30 11 41 19 24 
15 4 18 76 10 63 19 45 4 59 3 74 12 75 1 2 8 83 7 42 6 68 16 90 9 78 14 94 13 59 5 79 0 33 17 58 2 62 11 91 
3 75 19 89 1 14 9 64 11 90 14 36 4 20 8 85 2 95 0 19 18 38 13 63 5 40 15 44 16 4 10 98 6 52 12 2 17 13 7 77 
11 61 7 2 9 80 14 55 15 95 16 31 6 30 10 32 2 82 18 49 1 62 3 25 8 51 12 96 0 53 4 71 5 5 13 26 19 97 17 14 
2 85 18 37 15 5 14 36 6 93 7 55 0 9 12 73 11 90 9 7 5 6 13 66 17 37 10 48 19 49 4 20 1 42 16 51 8 39 3 50 
4 94 9 1 14 67 0 16 3 52 1 31 16 49 19 83 8 18 10 13 18 25 15 60 11 38 13 73 6 66 7 43 2 77 5 15 17 52 12 77 
18 49 4 43 11 66 10 80 15 28 2 99 7 97 0 8 12 35 3 67 19 50 14 9 8 70 9 22 16 46 6 46 17 21 13 74 5 84 1 30 
14 17 15 19 8 72 19 45 2 33 3 30 12 78 17 71 6 69 0 60 9 78 4 55 1 93 16 3 10 17 18 35 13 48 7 21 11 83 5 38 
9 23 0 64 3 8 16 55 10 42 12 21 7 48 2 48 15 28 8 83 5 80 11 64 17 65 1 6 14 2 13 99 19 10 6 41 4 45 18 54 
7 13 5 34 9 19 1 69 16 72 15 64 10 66 19 89 3 77 18 4 4 53 6 76 11 11 14 93 2 58 13 61 17 80 0 45 12 34 8 23 
1 5 11 9 7 62 6 7 18 60 19 34 8 89 15 39 4 39 12 7 3 99 9 15 2 73 0 24 16 88 17 1 13 98 5 64 14 35 10 42 
11 69 1 72 10 17 7 92 12 54 6 72 14 20 3 47 4 81 16 31 17 30 8 50 15 80 0 12 19 65 2 64 9 62 13 19 5 44 18 8 
2 61 14 38 5 26 6 34 7 80 12 23 8 96 18 78 1 1 9 49 3 93 4 32 19 95 15 60 13 35 17 20 16 79 0 47 11 89 10 15 
10 19 12 75 2 99 13 28 17 38 4 51 19 98 15 80 9 4 8 99 6 62 14 77 18 39 16 87 5 42 3 92 7 95 1 85 0 93 11 75 
10 93 9 45 16 59 12 59 6 29 11 22 8 79 2 77 3 97 0 74 14 75 13 5 7 27 19 50 15 36 17 37 5 91 18 93 4 37 1 96 
10 15 12 39 3 57 6 19 17 16 15 33 5 42 11 7 7 25 0 48 9 41 19 99 1 33 18 33 4 81 13 44 14 89 8 11 2 98 16 60 
15 81 18 75 9 81 5 41 8 36 19 44 7 97 14 22 13 84 1 14 12 60 10 6 6 67 4 44 16 49 2 34 3 57 11 27 0 70 17 96 
18 39 2 29 17 58 11 28 16 58 5 96 3 40 6 68 10 2 8 18 12 90 13 93 7 86 1 41 9 89 15 97 19 86 4 69 0 39 14 8 
1 11 11 86 5 98 14 47 7 22 17 34 8 35 2 28 0 3 16 56 9 74 6 99 10 39 18 46 4 78 19 82 3 42 13 25 15 99 12 73 
13 20 9 72 3 97 7 71 17 54 8 21 2 46 14 61 19 83 1 29 6 95 5 48 16 40 15 29 11 38 0 81 10 13 12 22 18 16 4 38 
2 91 1 90 8 73 10 59 5 92 6 15 19 65 9 92 17 25 13 99 4 39 15 55 16 44 14 89 3 76 18 56 11 32 7 33 0 54 12 41 
16 82 0 20 1 46 5 9 3 28 7 47 11 44 13 14 8 99 15 8 14 75 4 13 19 32 12 39 10 47 17 52 6 85 9 4 2 38 18 6 
12 63 18 51 15 59 10 16 6 10 7 80 0 44 13 96 14 14 9 57 8 43 3 1 16 61 17 39 1 24 2 33 19 44 11 95 4 93 5 62 
19 39 8 70 15 68 7 13 5 63 11 70 16 67 3 44 6 93 12 54 4 18 17 37 13 86 2 44 9 11 10 25 14 94 18 55 0 82 1 78 
8 66 3 91 13 19 2 86 18 97 11 6 5 56 9 5 4 40 10 42 19 21 1 17 14 93 0 66 15 47 17 53 7 59 16 27 12 66 6 9 
5 60 1 8 10 47 17 44 15 98 9 84 2 97 16 20 7 40 3 71 12 81 0 94 8 42 18 44 14 60 13 63 4 59 19 99 11 2 6 91 
12 42 11 46 3 20 0 54 8 8 18 28 7 73 17 25 10 57 4 12 6 30 16 97 19 95 9 27 14 18 5 18 13 36 15 64 2 38 1 73 
4 33 11 18 7 66 19 99 16 67 18 74 1 10 3 59 14 29 9 66 0 40 15 96 2 21 17 78 5 68 13 42 8 73 12 96 6 7 10 53 
12 9 18 41 8 38 10 15 15 33 4 5 2 72 1 88 3 24 11 34 6 56 13 42 16 68 5 52 9 36 14 96 0 92 19 13 7 53 17 29 
13 3 7 82 5 27 4 52 3 91 17 85 18 85 2 50 8 20 14 45 19 52 15 13 12 41 11 84 6 8 0 28 10 70 9 21 16 21 1 63 
9 60 17 69 10 36 8 16 7 35 4 50 2 10 6 56 0 60 5 34 3 40 13 50 12 11 19 28 14 6 16 76 15 63 1 63 18 20 11 1 
12 92 7 9 10 13 5 4 4 80 9 52 0 88 14 99 11 68 8 14 19 6 1 67 17 22 16 40 15 60 13 66 18 49 2 34 3 60 6 17 
3 43 17 53 8 74 13 2 18 68 10 15 1 11 4 38 6 61 11 95 12 72 7 43 2 74 19 21 15 74 9 18 5 41 0 75 14 16 16 19 
16 40 8 16 6 52 7 48 12 67 9 10 19 95 13 53 3 45 14 89 15 88 10 12 0 93 17 30 4 7 5 81 18 86 1 63 11 99 2 44 
16 42 5 27 13 12 11 44 4 42 7 15 8 90 19 63 3 76 17 61 1 43 0 9 18 41 12 3 15 90 6 93 10 42 2 11 9 45 14 32 
12 82 15 85 8 69 7 17 17 5 19 99 4 20 6 21 14 31 16 54 18 83 5 38 9 36 0 81 1 20 11 90 3 94 13 1 2 98 10 18 
3 25 4 13 13 19 16 71 17 26 1 86 12 55 8 39 15 72 0 30 7 87 18 23 14 5 5 35 11 11 10 95 6 48 2 75 19 25 9 56 
11 65 3 36 16 28 6 57 13 79 1 54 10 22 8 26 17 98 9 47 12 99 5 52 2 49 18 92 14 76 4 76 0 27 19 28 15 69 7 28 
16 30 19 65 18 49 10 73 13 53 15 19 4 23 3 44 0 32 7 84 12 67 2 50 17 73 14 47 8 24 11 30 6 1 9 80 1 84 5 15 
2 32 5 96 0 63 16 66 8 99 19 35 10 67 17 78 4 67 14 33 11 84 18 3 15 88 9 70 3 78 13 86 6 31 7 75 1 99 12 74 
4 68 12 82 5 38 16 7 18 52 7 8 13 43 10 1 1 29 0 20 3 91 11 11 15 53 19 6 9 63 8 24 14 58 6 92 2 88 17 75 
0 87 6 12 3 56 18 44 1 65 11 74 10 20 5 81 19 69 8 33 9 56 12 28 16 99 15 7 17 30 4 12 14 46 7 46 13 90 2 49 
0 87 7 76 13 10 12 17 4 36 15 82 5 1 17 13 16 20 19 60 2 52 11 4 1 98 10 78 3 18 14 89 18 7 6 24 9 39 8 12 
12 41 19 98 0 55 16 81 1 88 17 21 9 1 2 43 3 42 10 82 4 15 8 28 18 42 13 1 11 47 5 43 6 86 7 73 14 78 15 61 
19 75 3 4 9 93 13 10 8 64 17 39 6 92 7 36 12 35 18 26 11 98 1 52 14 37 5 49 16 86 15 97 10 34 0 45 2 73 4 87 
18 2 1 33 5 26 16 99 2 84 6 67 19 9 9 53 0 74 17 98 7 46 10 16 15 56 3 60 14 89 11 32 8 2 12 69 4 43 13 21 
11 70 14 37 0 88 12 56 6 23 16 93 15 22 8 59 2 35 9 95 10 93 5 50 3 83 4 58 1 9 7 9 13 49 19 52 17 47 18 35 
14 47 7 35 17 43 18 95 10 89 4 10 9 35 2 34 19 88 13 82 6 57 16 64 0 94 5 27 1 96 11 44 15 21 3 23 12 99 8 53 
1 53 17 46 12 66 0 88 8 24 18 29 6 77 15 63 7 96 10 36 3 81 14 18 2 44 5 20 11 43 16 33 19 18 9 13 4 2 13 78 
17 30 12 47 8 17 2 62 5 52 4 55 1 29 10 99 15 42 13 47 6 98 0 8 11 71 16 14 7 54 3 3 9 5 14 30 19 63 18 75 
1 20 14 73 8 35 9 66 3 64 5 28 4 39 18 72 19 95 11 63 10 71 7 3 2 8 6 54 0 18 17 59 12 44 15 4 16 59 13 36 
3 12 0 66 18 99 8 46 14 10 9 14 11 54 10 86 6 12 16 7 1 4 13 84 19 37 4 62 17 19 2 99 5 37 15 44 12 19 7 95 
2 88 10 87 3 43 17 43 13 29 0 84 12 64 9 64 6 83 7 37 18 24 16 18 14 95 19 92 1 76 5 40 4 95 15 43 11 93 8 83 
11 68 16 67 9 35 7 43 5 46 17 86 13 6 15 54 2 11 8 94 14 68 6 26 3 46 0 37 18 44 12 76 4 4 19 76 10 78 1 58 
17 63 18 4 9 70 2 86 4 31 16 72 1 22 10 96 5 7 8 76 7 28 15 39 13 44 11 30 14 80 12 44 3 19 0 41 6 10 19 67 
11 4 7 67 19 15 1 1 5 65 15 23 0 17 8 45 2 18 17 50 10 18 9 93 16 94 13 17 6 7 12 12 14 49 18 92 4 79 3 30 
8 76 18 88 10 66 13 54 11 29 6 24 0 30 12 99 3 70 1 56 16 88 9 98 14 5 2 58 7 15 15 1 19 96 4 62 17 73 5 56 
4 99 1 15 3 39 10 88 19 56 7 76 9 42 18 92 6 21 2 59 16 72 11 30 13 25 8 43 17 43 15 22 12 98 14 1 0 96 5 84 
6 32 15 12 2 22 5 9 10 69 1 20 12 42 4 87 0 56 7 99 18 57 19 7 14 63 3 89 11 88 16 65 17 9 13 76 8 32 9 5 
6 71 13 31 11 78 8 74 19 83 9 42 3 94 18 98 0 24 10 38 4 68 16 12 15 64 1 86 2 96 14 80 12 10 7 97 17 59 5 41 
13 56 10 35 2 54 6 63 15 28 9 29 8 5 3 67 14 16 7 50 16 53 4 72 5 16 11 36 17 62 18 21 1 87 0 72 12 2 19 74 
7 40 5 59 4 74 11 25 19 17 9 58 10 98 3 62 14 70 17 98 6 39 8 85 16 81 12 78 15 91 0 59 18 10 1 40 13 34 2 75 
6 10 14 21 13 47 10 72 8 97 5 26 17 80 19 79 18 70 4 25 3 38 2 45 16 70 7 89 11 94 0 98 15 93 12 80 9 67 1 45 
14 54 9 82 5 27 3 40 0 96 4 56 10 62 19 60 11 47 6 74 17 58 18 20 16 40 1 9 15 79 8 34 2 70 7 27 13 3 12 76 
13 99 7 75 15 54 10 91 11 32 4 31 9 48 1 58 5 11 14 72 18 34 6 19 16 22 12 5 19 67 0 3 8 50 3 10 2 56 17 61 
1 83 6 57 15 68 12 41 4 16 17 66 10 83 2 7 14 71 0 23 18 91 16 22 8 9 9 22 13 3 11 91 19 79 5 22 7 64 3 35 
10 72 15 11 17 98 8 17 2 62 14 73 19 92 9 15 7 79 12 94 16 8 11 78 0 81 3 50 13 52 1 95 4 2 18 55 5 2 6 59 
7 21 9 56 3 82 18 5 2 13 17 71 11 57 10 54 12 28 13 37 1 65 14 57 0 83 6 36 15 15 8 38 5 60 19 15 16 62 4 39 
15 23 9 42 0 22 13 41 11 58 7 77 19 71 2 78 3 95 14 74 5 4 1 73 16 22 6 32 12 19 4 77 18 75 8 15 10 77 17 51 
7 53 2 15 17 68 12 95 3 76 14 53 19 83 8 94 1 82 10 79 0 9 9 57 6 12 5 45 13 46 18 74 15 27 4 51 11 3 16 60 
6 70 19 69 16 33 11 47 5 20 7 52 3 44 10 95 15 76 12 98 2 9 17 32 1 91 14 44 4 12 0 34 13 90 18 58 9 58 8 52 
14 15 7 87 3 71 0 88 6 90 9 38 8 9 19 70 13 69 12 58 4 60 16 21 18 47 10 75 5 61 11 50 1 68 2 76 17 74 15 55 
11 57 4 58 3 79 0 65 1 15 13 7 7 89 10 16 2 79 18 86 12 7 6 47 19 44 14 19 5 13 8 36 9 4 15 57 17 71 16 67 
3 11 16 97 14 61 8 56 6 68 2 34 7 28 1 35 12 65 9 96 4 14 19 40 5 75 11 77 18 65 17 9 13 69 10 96 0 80 15 12 
2 63 15 4 16 77 13 63 6 51 17 71 7 65 3 28 11 9 10 59 14 47 12 98 1 45 9 86 5 62 19 96 4 23 18 78 0 57 8 42 
1 75 2 57 11 29 12 89 0 67 7 41 14 13 16 96 19 24 18 14 9 13 3 98 10 99 4 90 13 38 8 80 17 11 5 96 15 76 6 38 
12 22 18 79 19 22 4 78 11 52 0 64 16 25 10 55 17 2 2 49 7 46 14 82 1 96 9 36 3 97 15 35 5 17 13 10 8 73 6 53 
