100 20 
14 1 9 66 4 14 10 51 5 35 11 96 18 76 16 77 12 32 6 20 3 29 17 7 0 59 19 77 1 6 13 65 15 27 2 76 8 14 7 15 
19 80 2 28 17 10 3 11 1 74 10 3 0 32 12 52 6 12 18 33 9 32 5 8 14 8 13 57 4 51 15 76 11 46 8 69 7 15 16 59 
6 63 5 79 17 45 8 60 0 36 16 75 9 26 15 78 14 3 13 95 7 45 19 64 1 65 18 66 11 91 10 57 4 37 2 18 12 44 3 91 
9 13 17 21 11 14 5 1 18 98 0 89 13 42 3 22 8 31 4 12 10 8 2 41 15 94 6 56 16 94 7 73 14 18 1 39 12 44 19 81 
15 22 14 29 5 43 13 28 7 42 12 22 9 46 10 86 8 73 16 76 6 96 3 67 0 57 18 35 17 23 19 45 11 60 1 59 4 20 2 71 
10 80 16 36 6 53 15 57 13 77 0 98 2 23 1 9 5 43 7 34 3 48 17 50 9 89 8 12 18 8 12 4 11 16 19 40 14 79 4 31 
18 94 16 37 11 6 9 69 14 32 0 88 4 24 8 70 19 52 2 34 15 58 10 55 5 8 7 99 13 23 17 14 12 58 6 13 1 12 3 16 
17 48 11 11 14 9 10 90 2 93 18 10 6 49 9 54 4 91 7 84 13 90 3 96 8 18 0 93 12 34 16 66 15 68 1 20 5 3 19 19 
15 91 9 87 18 6 0 16 16 92 12 74 4 6 3 81 19 74 13 34 8 34 5 82 7 7 6 51 2 2 17 18 1 9 14 76 11 2 10 66 
10 50 0 39 12 79 8 8 13 90 3 17 6 38 15 40 2 15 18 4 11 1 14 54 17 52 16 36 19 45 1 35 7 70 9 6 4 71 5 38 
19 74 17 20 15 58 6 51 5 16 4 30 18 43 0 49 10 67 14 60 2 73 9 17 7 54 1 18 16 21 12 64 13 61 8 9 3 69 11 41 
6 28 3 42 10 45 19 67 5 92 14 17 11 69 13 89 15 54 16 3 1 94 2 72 9 5 8 15 0 95 17 2 7 52 18 63 4 77 12 9 
17 63 12 85 10 92 8 88 2 46 15 5 4 19 11 83 18 66 5 6 19 17 14 41 13 37 6 25 16 51 7 62 3 54 9 69 1 30 0 32 
10 1 7 46 5 20 9 48 6 31 16 36 15 59 14 97 17 99 19 40 2 15 4 41 18 13 3 52 8 9 11 66 12 44 0 61 13 60 1 84 
1 39 16 44 19 98 7 99 6 13 5 33 17 37 0 25 14 60 15 9 4 95 13 98 10 11 18 61 8 6 11 37 2 83 12 37 9 45 3 22 
19 87 15 20 12 70 11 72 13 69 18 98 6 14 1 56 9 71 2 94 0 83 10 56 7 81 16 96 8 97 14 10 5 32 3 28 17 51 4 91 
12 57 10 82 13 89 14 56 6 89 7 61 18 20 9 31 5 89 8 40 15 77 19 55 17 97 3 33 1 54 4 63 0 5 16 69 11 96 2 88 
6 46 16 72 13 72 3 29 9 61 11 93 1 98 4 60 17 67 18 67 7 20 12 59 14 49 15 49 0 33 19 33 2 89 5 93 8 64 10 2 
18 87 3 81 10 15 19 86 6 8 5 18 8 95 4 91 2 46 0 95 9 86 12 63 11 85 16 81 7 89 1 36 17 88 15 79 14 73 13 71 
9 54 6 88 13 99 17 26 7 80 16 55 14 58 19 62 12 37 1 24 8 21 0 51 3 64 2 93 18 52 11 50 10 19 15 80 5 55 4 45 
9 41 17 89 15 60 7 56 8 67 4 55 5 27 18 60 2 75 6 57 16 35 19 41 13 73 3 40 12 36 10 86 14 10 0 16 1 28 11 79 
14 66 10 79 0 60 19 68 16 54 17 63 2 67 12 62 3 89 11 94 5 20 9 98 4 29 1 16 6 24 18 94 15 93 7 40 8 24 13 96 
7 49 15 84 18 89 11 35 4 18 6 32 5 14 12 25 9 66 10 64 8 30 0 18 14 37 1 16 13 28 19 72 3 99 16 21 17 60 2 8 
19 84 1 85 13 4 3 77 5 88 7 28 15 83 2 90 12 23 18 32 4 91 11 57 6 10 8 88 0 75 14 58 9 52 10 34 17 31 16 48 
16 20 10 74 2 92 8 47 3 92 5 85 0 8 7 78 11 94 18 13 17 47 4 1 14 30 13 92 1 88 15 18 9 81 19 15 6 11 12 35 
15 11 16 27 19 25 12 79 11 44 14 91 17 56 4 84 7 65 5 28 18 54 2 22 10 29 9 75 8 75 13 15 1 77 6 37 0 86 3 53 
15 56 8 11 12 85 4 62 19 37 0 46 5 30 13 80 2 25 14 36 17 98 6 52 16 45 3 24 10 74 9 33 7 38 1 25 11 93 18 7 
4 48 11 59 7 99 16 31 13 4 3 38 10 90 12 31 8 97 14 39 0 86 1 28 15 98 18 41 19 9 9 61 6 63 2 38 5 34 17 25 
4 15 2 32 12 5 19 58 16 21 6 19 15 82 10 34 13 11 5 15 1 89 7 32 18 41 8 27 3 76 0 61 14 72 17 79 9 33 11 76 
4 48 10 63 5 26 18 10 7 28 17 37 16 55 14 95 13 30 1 3 15 1 6 92 0 72 12 58 11 3 3 35 8 27 19 61 9 47 2 47 
5 24 11 53 6 74 0 66 18 23 2 33 12 40 3 89 9 10 17 42 16 65 13 99 8 31 15 44 14 40 4 80 7 91 10 51 19 23 1 23 
18 24 4 15 19 6 7 35 8 16 0 1 6 85 11 96 12 16 15 26 5 74 17 94 1 84 9 50 10 17 2 57 16 57 13 20 14 39 3 3 
6 99 11 85 9 25 16 64 1 76 2 60 19 33 18 10 15 60 17 51 8 32 14 68 12 66 3 36 4 32 7 48 10 27 0 92 13 23 5 44 
12 49 0 60 16 78 3 71 8 64 19 89 18 67 5 74 14 85 13 27 4 10 2 12 10 45 6 47 9 77 15 76 7 49 17 40 11 7 1 14 
17 54 10 34 3 85 11 43 6 94 4 67 16 14 19 96 14 52 18 52 0 42 8 31 9 31 5 24 1 76 2 93 15 24 7 46 12 66 13 93 
16 57 9 35 2 29 7 49 14 8 15 85 19 51 1 76 17 71 6 62 10 28 5 20 11 95 18 12 0 20 13 62 12 70 8 30 4 82 3 6 
16 44 9 58 14 9 10 8 13 39 11 67 19 80 6 4 4 50 7 76 5 16 2 65 18 17 15 33 1 94 12 46 8 49 0 60 3 69 17 84 
9 7 13 37 1 91 14 95 2 12 15 97 17 28 16 80 4 69 11 75 10 26 12 7 6 35 7 6 8 44 18 39 5 12 3 42 0 60 19 75 
11 84 14 81 2 72 15 81 17 8 12 40 3 39 4 93 5 54 9 81 19 89 13 41 6 98 18 85 0 27 8 47 1 13 7 79 16 24 10 60 
4 81 16 50 12 91 9 30 8 26 11 11 1 29 6 60 13 44 10 43 18 98 19 52 2 48 7 73 14 62 15 3 17 95 0 95 3 33 5 95 
3 64 15 78 12 4 13 53 19 82 5 99 17 47 11 47 10 72 14 83 0 40 4 65 2 67 16 77 7 12 18 25 8 73 1 12 6 69 9 85 
6 44 12 29 14 22 15 74 5 77 16 45 17 31 2 7 18 40 11 62 4 90 9 21 13 89 3 16 7 48 19 53 1 44 8 45 0 81 10 6 
19 72 7 16 14 81 13 83 15 44 11 77 1 10 3 41 10 26 12 80 2 71 0 95 9 4 6 40 4 68 16 26 18 34 5 87 17 56 8 92 
16 6 1 45 19 75 12 19 18 46 8 32 4 1 10 34 15 17 7 15 9 6 5 24 3 54 13 40 17 81 0 24 11 8 6 70 2 27 14 77 
5 80 14 13 4 59 7 27 8 96 15 48 19 10 10 63 13 75 16 48 2 66 12 94 11 23 18 6 6 80 1 2 17 83 3 20 9 7 0 47 
14 82 17 68 2 93 13 37 8 9 7 22 5 45 12 12 16 45 6 60 19 39 18 41 3 48 10 95 0 53 9 85 11 17 1 4 4 55 15 16 
2 88 1 11 14 9 6 16 17 56 4 41 18 42 0 42 3 88 7 73 9 68 11 9 5 14 19 83 16 61 12 97 8 14 10 89 15 50 13 49 
3 24 17 3 16 38 18 33 1 66 5 65 8 78 15 71 12 95 6 36 9 19 4 4 2 94 11 41 0 37 14 69 13 33 10 9 19 13 7 85 
2 10 1 82 7 22 17 48 9 15 11 52 5 83 12 16 8 1 13 88 3 94 4 21 6 48 0 66 10 52 14 95 15 27 18 79 19 44 16 17 
12 43 19 26 7 19 13 75 9 79 3 68 15 61 1 28 17 12 4 55 5 16 18 41 11 39 10 59 8 4 2 5 14 5 0 15 16 65 6 89 
11 52 3 47 18 84 9 73 15 20 5 14 6 40 2 84 4 16 7 76 19 50 16 19 8 96 14 49 0 11 12 10 1 30 13 42 10 22 17 29 
17 45 4 25 8 88 3 50 2 21 6 20 18 61 10 89 0 96 12 89 19 28 11 97 13 44 14 17 9 96 7 98 1 16 5 75 16 49 15 13 
11 29 10 59 6 52 14 63 18 20 17 89 15 76 5 51 16 37 0 91 1 68 9 90 7 43 2 76 8 4 4 90 3 74 12 92 13 34 19 74 
15 82 18 20 4 24 19 13 8 86 7 2 14 75 0 58 3 97 9 23 10 56 5 12 11 22 2 79 12 79 13 83 1 64 6 28 16 12 17 50 
18 61 8 25 2 27 3 63 1 40 17 51 16 14 7 67 12 31 13 81 9 35 14 17 11 69 15 76 5 89 0 89 19 24 4 60 6 7 10 5 
4 4 9 74 15 14 7 28 13 32 5 91 19 10 6 44 16 44 8 54 17 76 0 41 18 70 1 33 2 73 14 87 12 24 10 40 11 28 3 9 
3 67 4 8 1 44 2 34 19 11 8 90 11 24 7 61 0 60 14 5 17 30 10 86 12 63 5 59 16 21 6 53 15 83 18 56 13 32 9 39 
14 22 17 17 3 94 16 86 2 10 11 77 15 58 10 33 9 1 5 83 7 9 18 81 6 63 4 38 19 92 0 49 1 47 12 86 13 49 8 56 
9 63 8 50 14 17 4 1 11 32 2 24 7 24 0 48 3 88 6 45 15 74 1 96 12 11 13 36 10 64 18 54 17 71 5 52 19 44 16 31 
7 5 17 24 18 28 16 45 8 48 12 62 13 6 11 84 5 9 15 7 10 59 19 60 1 8 14 48 9 90 0 2 3 75 4 63 2 46 6 34 
15 33 18 90 11 27 7 39 4 30 16 5 5 46 13 62 17 37 3 94 1 82 2 73 9 36 14 15 6 44 0 78 10 74 8 10 12 76 19 9 
12 87 13 48 0 90 17 43 14 39 15 27 6 99 1 5 18 74 2 7 16 42 19 98 5 72 7 24 3 89 4 48 8 95 10 75 11 95 9 21 
11 53 13 10 3 81 9 59 5 33 7 60 18 79 15 60 17 51 4 69 19 87 1 22 10 83 12 19 14 65 0 27 2 79 6 41 8 9 16 44 
13 75 19 67 16 20 5 89 7 3 17 26 18 79 8 15 14 23 3 59 12 6 4 94 10 45 15 36 0 93 9 86 6 43 1 26 11 78 2 53 
7 95 15 99 11 85 5 57 16 76 0 59 3 19 2 17 12 18 8 89 17 72 4 62 6 53 18 10 9 93 13 30 1 77 10 16 14 90 19 15 
19 71 16 25 4 15 2 73 18 21 13 25 10 66 7 23 15 63 1 80 6 30 12 84 8 1 14 77 9 56 0 92 3 85 17 57 5 65 11 21 
11 37 4 31 12 96 2 83 19 86 7 52 0 52 6 65 17 49 1 74 9 74 14 3 10 25 3 2 15 67 18 38 16 5 8 37 13 40 5 76 
12 72 10 58 17 66 3 90 8 34 6 86 5 27 11 19 9 20 16 8 14 51 1 8 0 52 18 91 19 17 15 26 13 12 4 91 2 93 7 77 
15 98 11 92 5 50 14 16 3 49 10 24 6 40 17 36 4 85 0 97 9 63 1 71 16 57 19 10 2 89 18 66 13 8 12 98 8 12 7 4 
2 82 11 38 16 26 19 75 3 26 4 8 17 75 13 40 10 7 18 35 0 46 14 92 6 48 1 24 9 56 7 70 8 62 12 96 5 28 15 22 
0 51 4 76 7 88 6 30 15 28 16 55 8 31 19 93 14 27 5 65 1 94 17 71 11 81 2 50 12 45 13 62 10 62 18 22 9 53 3 24 
13 31 3 88 17 9 16 12 7 60 14 40 11 79 18 59 10 12 1 16 12 40 5 77 9 62 19 63 2 7 0 36 8 61 4 84 15 46 6 82 
17 11 12 22 15 15 8 64 10 9 19 92 13 38 7 31 2 66 18 64 16 31 9 81 5 92 14 79 3 60 0 28 1 93 4 45 11 33 6 25 
17 91 19 47 0 62 6 82 4 82 8 70 5 37 3 92 7 63 18 45 2 53 9 55 11 4 16 41 13 93 12 16 1 81 15 76 10 18 14 31 
1 95 0 90 13 62 14 89 10 48 5 49 16 73 3 7 4 74 18 17 12 69 19 32 6 47 8 84 15 16 17 35 11 39 2 73 7 52 9 91 
8 83 17 70 6 74 5 64 11 80 14 2 16 78 9 94 7 39 18 65 12 17 2 99 4 19 13 45 15 35 19 73 1 80 3 85 10 4 0 20 
3 99 0 33 8 28 13 14 19 28 9 6 5 27 4 87 1 63 7 27 17 55 16 9 6 69 10 82 12 46 15 47 14 36 11 44 18 74 2 23 
16 43 3 4 0 91 1 74 17 3 19 64 8 76 13 23 18 99 4 28 10 69 9 59 6 11 7 91 2 7 5 76 12 24 14 6 15 58 11 75 
17 65 1 62 10 6 18 99 7 5 15 41 14 2 13 13 19 15 5 73 3 50 11 3 6 99 12 58 16 30 2 47 9 38 8 34 4 90 0 36 
8 64 3 84 18 73 13 14 14 42 6 32 10 62 4 89 1 87 17 6 11 10 5 85 19 23 16 98 9 63 12 98 7 19 2 46 15 52 0 43 
6 76 10 49 1 37 2 2 3 5 15 98 18 56 5 93 12 59 7 38 16 4 0 8 9 95 14 29 19 23 17 87 4 65 11 46 13 1 8 3 
0 43 8 40 3 89 12 20 1 9 14 60 13 28 9 48 7 95 5 82 15 20 10 1 19 16 6 79 11 73 18 71 4 30 16 10 2 86 17 40 
17 55 18 45 6 23 2 18 10 23 19 13 8 21 9 4 14 44 11 17 7 39 4 56 16 61 5 37 15 82 3 72 12 89 13 98 0 21 1 16 
4 6 9 95 5 85 11 79 16 49 1 53 6 21 19 20 8 12 0 80 15 76 7 55 2 88 14 60 17 55 10 12 18 44 13 56 3 86 12 70 
1 45 2 38 8 74 12 19 15 25 18 1 9 14 3 58 5 25 19 80 11 33 13 20 4 68 6 11 7 17 17 46 16 49 14 4 10 39 0 86 
4 57 5 84 15 7 18 28 17 6 10 67 14 56 9 87 13 47 19 71 11 34 0 67 2 63 7 65 6 85 12 6 8 83 3 32 16 42 1 71 
6 89 19 61 0 51 10 3 4 14 3 47 9 85 16 18 2 47 11 39 17 8 13 68 15 88 8 43 7 41 12 56 18 26 14 19 1 6 5 35 
17 98 12 34 14 46 10 37 18 74 3 1 9 39 4 51 19 1 1 10 7 73 13 12 0 13 16 92 5 74 15 34 6 26 11 27 8 99 2 61 
10 18 13 61 12 44 7 88 15 35 14 86 5 25 3 30 11 44 0 54 18 22 8 81 6 55 2 21 19 63 16 97 9 33 17 49 4 5 1 97 
2 96 18 53 12 30 14 11 3 58 0 46 1 12 5 27 11 26 16 16 19 2 15 12 17 90 6 3 13 2 9 42 4 32 10 20 8 54 7 9 
16 80 7 8 11 23 13 91 5 10 17 98 14 16 2 25 10 29 4 13 12 92 1 40 18 73 19 50 3 80 8 6 9 30 0 44 15 7 6 21 
5 49 3 34 0 87 19 68 15 75 13 7 18 72 1 15 16 7 10 43 17 78 9 12 14 12 7 40 2 19 4 17 11 40 8 54 12 64 6 1 
8 3 3 93 5 1 18 29 1 98 19 89 9 84 6 47 10 80 16 37 15 63 4 1 13 66 11 22 17 58 0 73 12 16 7 97 14 71 2 20 
18 47 2 15 1 56 17 75 11 4 3 72 5 10 16 57 7 63 13 16 14 14 9 58 8 27 12 6 10 19 4 18 19 74 15 32 0 77 6 83 
6 6 10 70 9 29 12 5 15 57 1 29 14 24 8 30 11 7 5 85 18 41 3 82 17 17 7 9 0 86 4 64 2 78 13 39 19 37 16 58 
17 63 11 84 5 66 0 39 6 95 1 12 14 5 16 55 18 68 9 60 7 5 4 8 19 32 13 86 12 15 3 63 8 59 2 4 15 44 10 75 
2 31 7 21 0 24 17 53 1 46 19 26 3 89 5 14 8 43 15 28 12 46 13 63 4 47 11 52 14 3 18 8 16 42 10 24 9 30 6 46 
16 24 18 71 17 57 1 64 0 24 11 33 5 35 7 81 15 39 2 42 13 46 9 45 19 47 10 11 3 77 8 88 14 49 12 31 6 10 4 16 
15 58 2 51 13 43 11 77 6 25 0 98 19 10 12 48 4 60 5 80 16 92 7 5 3 51 18 15 10 15 9 23 1 53 14 23 8 17 17 13 
11 80 9 80 1 51 12 95 8 36 17 37 10 19 13 34 7 15 2 26 0 81 18 51 3 39 6 87 5 8 16 60 15 24 19 16 14 87 4 90 
