100 20 
18 5 8 4 12 52 9 6 5 36 17 99 1 48 13 17 14 13 0 4 4 51 2 30 16 58 3 59 19 23 11 99 7 79 10 6 15 54 6 80 
13 60 2 45 18 15 10 4 8 54 19 15 15 8 9 53 14 90 12 63 5 17 6 83 16 38 17 30 11 20 7 27 4 54 1 20 3 2 0 24 
7 85 16 74 3 70 0 11 13 19 17 51 1 51 9 57 19 34 5 79 10 4 15 65 18 93 11 28 4 56 2 3 6 8 14 68 12 76 8 45 
0 35 8 15 18 28 11 29 14 1 4 23 1 76 7 9 3 62 2 89 16 10 12 98 10 58 13 68 9 97 6 12 17 10 19 5 5 9 15 7 
17 87 15 12 6 77 14 92 2 73 18 54 11 94 7 5 19 85 8 79 12 92 16 77 9 91 13 61 1 28 4 80 0 57 3 87 10 42 5 78 
16 24 2 12 10 13 9 30 15 55 13 92 4 58 14 55 12 84 1 26 3 71 11 68 18 38 0 93 17 55 5 45 7 76 19 49 6 28 8 32 
12 15 6 45 0 49 8 80 7 2 2 1 3 26 13 71 9 35 5 57 14 98 19 56 17 28 1 63 16 72 10 39 4 74 15 52 18 56 11 51 
15 15 12 56 13 37 17 79 5 1 10 25 11 73 9 5 6 11 1 26 7 82 14 14 0 56 4 96 2 82 16 67 8 61 19 12 3 81 18 80 
8 50 4 33 10 60 13 70 1 45 11 41 15 99 2 65 14 53 7 43 12 66 17 95 0 80 16 89 5 98 6 82 18 27 3 11 9 71 19 58 
12 40 6 90 17 49 9 44 14 62 8 23 19 28 5 76 16 39 10 27 2 52 0 86 18 39 7 33 4 98 11 94 1 47 13 54 3 39 15 66 
18 49 10 75 9 4 19 61 5 1 13 3 0 30 2 95 8 55 15 3 12 57 14 20 4 14 17 27 1 20 7 25 16 77 6 87 11 9 3 29 
9 4 19 3 15 17 12 44 18 80 17 53 6 35 5 56 7 56 10 52 16 40 2 31 14 94 4 47 0 50 1 82 11 36 3 52 13 72 8 28 
10 73 0 99 15 88 1 82 8 43 17 1 5 30 12 69 3 2 4 60 6 48 18 17 11 55 9 76 16 90 2 14 19 38 13 13 7 70 14 5 
8 88 18 97 5 18 2 77 3 66 7 90 1 61 4 18 16 51 19 57 14 1 13 85 0 14 12 50 10 8 9 62 6 76 17 28 15 85 11 95 
1 70 18 93 2 89 4 78 13 2 11 31 6 88 7 43 15 85 12 46 3 12 9 64 10 73 19 11 16 33 14 46 0 28 5 85 17 9 8 29 
15 79 10 66 2 17 5 42 0 47 12 88 18 69 14 8 6 45 17 59 13 92 16 98 8 79 4 33 1 53 19 10 9 43 11 16 3 87 7 80 
13 97 18 16 2 82 1 16 3 72 15 80 6 21 16 31 7 11 14 82 10 74 9 90 5 62 12 46 8 3 0 35 19 57 17 30 4 67 11 65 
1 5 19 42 18 15 7 70 8 68 3 53 6 9 10 48 4 3 2 56 5 19 13 89 0 72 12 8 17 61 9 8 14 69 16 43 15 55 11 64 
2 61 3 18 14 42 19 42 16 26 4 61 1 76 8 36 18 81 0 38 10 11 7 73 12 39 17 98 6 42 5 66 15 53 11 54 13 41 9 16 
9 44 18 71 15 80 10 54 14 57 8 30 12 97 2 2 1 34 6 54 17 61 0 80 13 24 5 90 3 74 16 32 4 1 19 23 11 26 7 44 
6 8 2 60 14 91 4 58 10 19 3 25 19 21 17 37 11 19 15 7 13 52 12 12 5 43 7 28 9 23 0 75 8 1 18 7 1 95 16 13 
2 21 17 8 10 73 3 51 11 2 9 16 12 90 19 94 16 27 6 8 8 82 7 44 5 74 4 74 15 54 13 95 0 54 18 2 14 16 1 47 
16 66 11 42 3 86 8 85 17 99 10 83 2 53 15 53 0 21 18 82 9 85 19 64 13 5 1 20 7 13 5 23 14 7 6 15 4 29 12 1 
8 17 18 44 1 70 3 54 4 8 16 17 17 51 15 47 12 94 9 29 11 59 6 15 0 55 2 46 14 89 10 6 13 45 19 68 5 43 7 3 
0 98 13 78 18 61 10 70 1 44 19 33 9 14 16 19 2 58 11 87 7 92 17 72 14 39 4 38 12 85 3 40 6 20 5 8 8 46 15 25 
9 38 14 11 18 59 15 71 17 65 11 64 3 10 2 99 0 70 4 83 1 5 12 44 5 27 13 94 7 10 6 28 19 94 10 21 8 53 16 20 
10 95 16 86 7 46 5 17 4 80 2 60 12 47 8 68 13 21 3 37 11 35 0 29 14 23 17 71 1 26 15 73 19 71 18 37 9 85 6 8 
4 94 18 30 14 12 2 98 16 2 6 70 5 11 19 61 12 5 3 79 7 79 8 31 17 50 0 2 1 11 11 35 10 72 9 53 13 93 15 4 
15 81 17 19 13 97 2 81 0 90 12 60 8 47 18 98 4 69 9 78 16 91 1 45 10 87 14 25 5 21 11 11 3 10 7 12 19 18 6 48 
12 7 1 89 10 87 18 57 0 44 9 80 16 10 8 45 17 84 7 97 15 46 4 34 6 13 11 78 14 54 19 8 2 69 5 15 3 39 13 8 
5 95 15 44 18 36 10 54 1 41 11 83 12 64 0 69 4 17 14 86 2 73 17 44 9 45 3 60 6 6 16 56 8 30 19 74 13 59 7 24 
7 75 19 63 12 25 8 64 9 69 6 7 10 40 1 89 14 36 17 11 2 95 3 60 16 47 18 14 15 96 5 1 11 27 0 56 13 44 4 99 
5 89 11 43 14 19 18 96 13 57 16 91 19 70 4 87 8 38 17 40 6 8 15 81 12 59 2 88 0 43 3 7 9 91 7 3 10 35 1 94 
1 95 2 73 15 5 17 71 8 5 19 52 14 38 11 45 10 85 7 42 13 38 6 43 9 9 3 87 0 98 5 76 18 22 12 5 4 84 16 95 
13 33 17 1 14 62 16 58 0 19 3 75 15 19 11 64 1 15 12 96 8 53 10 49 9 40 6 24 4 46 18 15 2 5 19 19 7 1 5 21 
6 88 15 89 10 65 11 84 19 27 17 80 12 36 8 21 13 64 18 87 4 82 1 84 9 69 7 25 5 38 2 23 0 28 16 4 3 36 14 38 
2 70 5 76 9 23 0 92 10 67 4 4 8 72 18 10 6 15 17 80 3 53 13 78 11 74 7 90 14 59 12 45 1 65 15 27 19 61 16 53 
19 19 4 29 6 85 17 68 13 14 18 11 15 64 2 18 0 13 1 11 3 36 16 95 9 74 5 16 11 83 8 45 10 89 12 26 14 91 7 94 
6 84 13 83 1 74 16 57 11 29 3 10 14 40 9 17 18 29 17 84 5 54 0 76 19 89 7 46 4 59 15 52 10 55 2 69 8 45 12 2 
9 30 0 63 13 85 5 38 12 79 10 86 18 98 8 56 19 93 6 99 2 79 16 4 14 66 7 18 3 49 11 43 17 74 1 75 15 39 4 88 
6 31 11 66 12 63 4 75 1 8 19 28 13 55 3 76 7 28 5 96 14 77 17 47 16 25 8 34 18 31 0 76 9 96 15 61 10 57 2 93 
7 17 4 33 3 13 6 30 12 36 8 18 15 27 13 63 16 63 18 94 11 66 14 56 2 29 5 62 19 55 10 42 17 1 9 62 0 12 1 48 
12 44 7 36 11 97 8 60 2 63 17 81 14 28 18 26 6 16 9 20 19 27 5 81 0 7 3 82 16 8 13 20 1 37 10 79 15 7 4 6 
9 21 10 37 7 68 16 79 5 69 6 17 18 1 17 40 2 30 12 47 11 8 1 23 0 10 4 21 13 26 15 73 3 53 14 64 8 20 19 47 
5 8 11 53 10 38 9 39 17 72 14 54 3 4 6 39 16 90 1 12 4 64 13 49 12 46 8 69 15 44 19 9 0 34 18 37 7 84 2 97 
5 62 8 65 10 45 9 83 11 10 14 63 19 67 18 79 12 94 6 99 16 63 0 20 13 59 15 96 17 37 1 5 3 74 4 98 7 9 2 75 
10 5 8 65 2 71 11 99 5 98 16 31 12 73 15 57 6 8 9 3 1 50 0 89 14 7 13 3 18 61 3 31 17 80 7 58 19 68 4 84 
9 79 14 83 18 46 17 30 0 30 15 74 19 42 5 73 11 99 4 12 16 61 13 27 7 17 2 84 8 18 12 37 10 92 1 3 6 14 3 94 
1 4 4 97 5 13 9 72 13 3 2 33 6 46 15 88 10 5 3 94 14 49 17 48 7 36 8 47 19 90 0 18 16 45 11 16 18 7 12 43 
1 67 12 11 3 46 0 3 15 5 16 37 7 69 17 56 11 73 8 26 2 96 14 55 6 31 9 15 19 36 18 97 13 91 4 15 10 55 5 61 
1 93 19 72 9 70 13 60 14 50 10 13 6 25 11 85 12 77 2 66 3 38 7 24 8 6 18 18 17 6 15 36 5 70 4 70 0 34 16 4 
19 41 16 66 15 86 18 24 0 92 1 82 14 49 8 20 3 33 6 80 7 39 9 26 10 15 12 19 2 85 17 58 4 3 11 63 5 70 13 32 
14 60 9 35 1 50 0 53 17 75 12 15 19 27 10 54 2 36 3 54 8 26 11 23 18 79 4 89 15 36 6 29 13 54 16 7 7 64 5 85 
14 85 0 4 11 34 19 24 7 16 16 80 6 22 5 30 4 53 8 42 13 16 3 54 9 93 17 80 2 7 1 59 15 5 10 21 12 29 18 70 
17 9 7 99 8 58 0 48 9 9 19 26 10 26 11 62 4 99 14 69 5 36 6 3 13 71 15 49 18 47 1 48 12 72 3 84 2 53 16 80 
12 1 17 31 19 38 6 25 3 85 15 68 11 84 0 28 14 82 7 52 9 23 13 81 10 33 5 13 2 3 8 41 16 24 18 34 4 3 1 62 
16 44 1 86 2 5 4 73 18 86 7 32 9 42 5 58 13 24 12 77 3 92 11 37 15 93 8 28 17 70 10 52 0 57 6 18 14 30 19 93 
1 75 14 24 11 95 17 27 15 58 19 60 13 65 6 21 18 95 5 46 2 96 8 50 16 2 10 91 0 87 4 94 12 37 7 85 9 45 3 14 
1 25 18 46 12 23 0 58 17 73 8 17 16 30 15 42 10 40 7 59 5 71 13 47 9 65 11 80 6 60 4 71 3 38 14 64 19 56 2 25 
3 84 8 1 0 10 17 74 5 23 10 73 4 86 16 5 18 42 13 40 12 52 14 60 6 73 11 19 9 36 2 72 7 59 15 7 19 53 1 2 
8 19 11 46 18 68 7 12 6 45 19 65 17 73 12 11 13 82 1 65 0 39 2 53 5 98 10 79 14 1 9 17 3 79 4 34 15 81 16 37 
3 63 10 89 15 46 1 21 18 21 0 12 17 66 13 79 16 72 11 4 5 22 14 77 7 95 4 86 19 39 6 53 9 71 2 62 12 10 8 82 
7 28 6 33 5 81 1 32 16 95 4 83 10 38 9 69 17 86 8 97 0 48 14 87 15 73 12 95 18 17 19 71 11 90 13 84 3 49 2 91 
17 57 2 34 6 78 18 97 16 37 11 63 13 95 8 77 19 88 9 88 15 3 12 67 7 31 10 14 4 6 3 36 5 86 0 54 14 95 1 99 
12 35 9 91 2 35 16 49 10 7 6 53 8 80 18 23 4 16 3 48 1 70 14 58 13 82 0 63 19 26 5 83 17 21 7 29 15 50 11 4 
5 19 9 35 3 4 8 22 0 83 11 25 17 54 2 88 1 2 7 80 19 67 18 18 14 5 10 17 16 20 12 92 4 44 6 99 13 99 15 5 
11 34 12 92 19 35 2 53 14 9 8 95 15 34 0 94 13 47 3 69 9 32 17 40 5 22 7 76 4 88 1 11 18 4 6 10 10 48 16 31 
2 42 19 90 6 77 17 3 8 38 10 60 13 18 5 75 18 33 4 88 3 74 9 72 1 35 12 96 7 3 16 4 15 49 11 74 14 65 0 40 
4 5 9 7 18 96 10 9 1 23 0 39 2 66 7 83 19 2 5 92 6 46 11 32 16 76 15 78 3 16 12 26 17 43 13 89 8 20 14 26 
5 52 15 65 11 96 18 5 14 41 2 97 12 87 6 76 19 63 16 75 8 14 7 74 10 33 0 74 4 30 3 35 13 41 1 46 9 45 17 78 
6 14 3 95 5 7 1 66 2 51 13 71 14 85 15 3 11 31 4 75 9 77 8 22 16 87 10 86 12 76 17 47 7 19 18 4 19 71 0 47 
7 68 12 55 16 84 14 34 18 50 5 76 17 23 3 81 8 45 1 31 19 97 10 70 9 12 15 44 11 90 4 53 2 80 6 55 0 9 13 56 
17 73 15 51 1 83 14 58 8 26 18 16 6 49 13 76 9 86 4 54 16 5 3 60 7 62 2 54 0 24 5 54 19 20 11 62 12 90 10 68 
9 26 18 36 14 8 17 95 12 88 6 49 19 7 7 81 11 4 4 65 10 13 1 23 16 41 0 27 2 15 13 27 3 35 8 34 5 94 15 89 
2 8 15 47 7 77 18 97 8 96 6 74 19 5 0 6 12 70 9 81 1 53 11 36 14 89 13 75 4 56 16 67 3 28 10 3 17 92 5 48 
6 88 8 2 17 90 0 77 9 61 3 65 5 69 4 80 7 10 2 32 16 36 18 12 13 95 15 43 1 87 10 27 11 31 14 43 19 97 12 62 
8 66 16 36 10 83 12 14 4 29 13 83 15 76 7 36 18 77 1 82 6 45 11 35 5 9 3 99 17 36 14 48 9 96 2 16 19 52 0 54 
15 97 16 28 11 24 14 82 18 16 12 78 19 56 0 79 1 41 8 10 4 50 5 95 6 93 3 64 13 38 10 61 9 30 7 49 17 65 2 73 
5 73 6 28 2 65 10 43 11 54 14 35 13 4 4 94 16 55 7 4 1 67 0 14 9 55 17 52 3 97 8 55 12 83 19 35 15 50 18 52 
7 67 1 52 3 5 9 77 0 39 10 48 11 15 8 19 5 17 16 43 4 80 2 65 14 38 12 36 15 34 13 49 17 49 19 50 6 68 18 6 
14 21 3 19 16 90 2 28 13 78 4 44 15 72 11 57 0 27 10 1 18 77 5 74 19 71 9 23 1 41 6 1 8 85 7 52 17 52 12 51 
12 84 3 66 2 69 5 9 15 61 4 82 16 55 11 91 1 24 13 79 6 41 17 15 14 79 10 81 18 93 0 6 8 96 7 5 9 6 19 73 
5 99 13 28 1 46 6 51 2 94 3 40 19 62 16 93 11 33 18 82 12 30 4 69 8 66 9 25 17 99 15 37 7 1 10 35 14 79 0 39 
5 30 7 6 14 50 3 28 1 31 2 85 8 57 11 9 19 76 10 94 9 32 18 44 16 48 0 8 12 40 13 53 6 19 15 16 17 7 4 46 
1 81 0 37 2 28 19 77 10 76 6 70 15 34 18 24 7 2 11 17 13 45 4 68 3 83 5 78 16 57 17 87 8 51 14 2 12 75 9 11 
10 96 14 47 8 15 15 91 5 66 13 59 18 70 3 23 0 22 16 15 11 42 1 12 12 86 4 94 17 86 2 24 6 10 19 81 9 38 7 69 
0 81 16 11 6 78 8 87 7 62 9 92 5 82 4 28 12 28 2 71 10 49 18 73 17 96 1 47 14 74 13 10 11 17 3 63 19 62 15 1 
2 12 9 22 19 74 8 5 15 77 16 40 14 77 12 76 3 86 4 47 17 9 6 90 11 72 0 84 18 75 13 37 10 36 5 64 1 29 7 46 
19 65 3 83 1 20 12 75 16 90 0 90 13 94 15 77 7 27 11 7 4 51 17 51 5 79 2 16 14 99 9 42 8 53 18 82 10 31 6 7 
0 26 10 15 15 64 9 49 17 38 11 52 6 27 18 37 7 14 12 13 1 33 13 48 16 80 19 56 2 51 5 4 14 61 3 69 8 76 4 74 
6 44 5 33 17 24 13 22 14 50 8 17 7 1 4 15 1 15 2 33 18 41 3 7 15 75 0 16 19 29 9 28 11 53 16 13 12 79 10 69 
2 40 9 97 8 75 10 43 11 43 5 12 6 69 4 33 18 81 15 86 14 75 12 85 17 77 7 31 1 36 0 64 3 70 19 45 16 99 13 42 
2 95 8 50 4 74 16 14 9 70 5 97 3 46 7 21 19 32 18 89 0 15 12 19 13 58 17 77 6 55 10 91 14 32 1 68 15 96 11 20 
5 55 3 31 15 10 18 90 4 95 6 60 1 84 16 13 10 8 13 43 17 18 8 78 9 70 7 59 11 74 19 73 14 5 2 96 0 64 12 23 
3 70 15 61 10 5 12 68 5 94 17 86 7 27 6 85 2 8 13 65 16 31 14 11 1 10 8 73 11 65 19 17 0 42 9 65 18 11 4 4 
1 99 9 80 7 56 4 37 19 88 14 22 6 7 3 46 16 42 10 98 17 10 13 98 0 35 2 48 12 84 11 28 18 51 15 38 5 17 8 23 
4 15 11 86 12 58 17 40 7 46 0 34 10 88 1 71 18 13 19 37 5 89 6 82 2 71 8 7 16 54 3 8 15 34 14 44 9 47 13 87 
5 84 3 62 15 19 1 72 12 52 9 13 17 74 0 77 18 96 4 97 10 44 6 10 11 24 13 83 8 86 7 48 16 85 19 23 2 73 14 2 
5 97 8 21 1 80 12 11 18 13 10 86 11 14 3 17 9 74 19 38 7 77 17 94 14 69 4 85 6 23 15 60 2 8 13 33 16 4 0 9 
0 23 19 43 3 52 5 19 13 48 9 87 10 24 14 46 7 49 17 92 6 9 15 15 11 32 2 79 12 59 8 1 4 18 18 50 1 6 16 63 
