100 20 
10 87 1 3 15 26 3 95 9 93 17 43 8 40 4 89 5 41 7 26 14 74 11 31 13 56 6 32 18 75 12 88 19 95 16 98 0 23 2 34 
2 91 7 11 9 27 18 13 11 63 17 65 5 44 4 99 3 97 16 93 1 99 6 86 14 71 19 20 10 93 15 35 13 10 0 40 8 68 12 42 
17 62 5 72 8 98 7 57 1 79 2 11 16 11 3 57 15 97 18 10 19 15 4 37 6 85 10 9 13 70 12 72 0 60 14 40 11 99 9 24 
0 69 7 45 13 72 8 40 5 33 18 31 12 8 3 45 17 26 15 57 6 22 1 95 10 65 2 84 14 33 19 10 9 94 11 75 4 14 16 17 
16 37 11 96 7 57 5 49 4 18 3 30 18 19 15 49 14 79 8 94 10 27 2 40 13 42 12 59 6 96 19 13 9 79 0 75 1 33 17 71 
16 68 8 52 2 80 5 64 9 33 11 10 4 70 13 69 12 16 17 45 10 50 14 54 0 53 3 99 19 43 6 21 18 40 15 23 7 19 1 16 
16 56 9 67 1 91 2 87 8 78 5 63 13 67 17 50 12 66 3 66 14 51 15 66 18 7 4 17 11 28 10 14 0 92 7 25 19 39 6 17 
0 16 9 36 19 41 15 95 2 32 1 21 4 81 3 31 5 14 10 4 14 66 18 24 13 72 11 80 12 79 8 3 6 84 16 33 17 88 7 1 
2 57 9 27 0 61 7 9 16 22 18 54 3 19 1 74 12 38 5 95 10 45 15 53 13 52 4 57 17 20 8 56 6 98 11 30 14 89 19 16 
5 95 13 3 11 8 9 7 19 91 3 19 10 56 17 90 16 34 15 72 8 62 7 41 2 87 18 29 1 22 4 74 12 79 14 62 0 96 6 69 
9 96 5 63 13 55 2 82 1 35 4 1 6 28 10 36 19 11 14 73 7 69 3 57 0 35 16 33 12 75 15 79 17 16 11 95 18 82 8 47 
19 65 4 65 2 89 6 88 17 82 8 9 9 43 16 83 11 94 15 63 18 58 10 98 12 80 3 33 5 96 14 49 7 18 13 3 0 62 1 98 
6 51 16 9 14 30 9 81 10 11 7 55 3 21 13 17 2 81 1 44 11 19 0 36 19 68 18 28 5 45 8 56 15 40 12 6 17 39 4 23 
0 88 5 27 8 28 14 58 3 13 10 12 13 45 1 67 19 56 7 75 15 6 12 2 6 62 2 71 17 42 18 13 9 73 11 20 4 34 16 95 
11 77 2 24 18 57 0 62 10 71 4 3 9 13 3 27 5 64 16 86 6 90 19 6 15 82 14 26 17 81 7 22 12 72 1 5 13 52 8 8 
16 86 14 84 15 25 9 24 2 33 6 58 8 92 11 36 13 9 7 38 5 8 4 49 10 90 0 37 19 53 18 45 1 19 17 10 3 66 12 57 
6 36 13 4 5 97 12 61 14 89 18 5 4 54 19 16 11 9 9 11 1 78 0 32 15 62 8 45 3 58 2 46 17 24 10 59 7 62 16 76 
2 78 18 36 15 75 9 81 0 98 16 38 8 61 6 81 4 17 17 75 3 21 7 53 12 50 14 11 10 4 13 33 11 5 19 48 1 11 5 38 
9 9 3 37 7 92 1 69 4 59 18 75 11 37 19 96 8 92 5 73 2 5 6 73 17 12 12 3 10 10 15 62 14 99 0 41 13 45 16 23 
14 36 4 64 18 32 8 38 1 51 15 62 19 45 5 69 13 45 2 86 6 88 11 30 12 63 16 20 0 22 3 9 9 52 17 19 7 95 10 51 
10 65 0 75 6 1 11 48 18 7 13 38 1 60 7 12 19 88 17 53 8 60 12 67 16 6 15 33 4 46 5 53 3 27 14 61 9 41 2 68 
11 45 19 21 17 68 2 65 10 1 18 93 6 94 13 69 5 30 12 55 0 70 7 26 16 90 4 34 15 93 8 81 9 3 14 14 3 18 1 54 
13 75 10 57 11 90 8 52 5 75 17 63 6 12 1 6 7 32 18 28 3 18 0 20 9 40 15 21 4 50 19 48 2 94 14 48 12 22 16 96 
19 4 8 42 4 14 1 51 9 35 0 46 10 32 13 58 3 47 14 4 18 90 11 84 12 49 17 27 16 12 7 2 6 5 2 95 15 56 5 16 
17 68 0 11 18 92 3 63 8 15 19 38 13 64 1 24 4 77 12 1 16 71 11 5 5 41 2 69 15 58 9 25 10 74 14 53 6 56 7 33 
6 18 10 76 13 83 16 93 4 84 1 81 14 7 3 36 17 63 7 63 18 4 15 47 9 72 2 82 12 86 5 78 19 31 11 9 8 22 0 75 
4 97 12 92 18 27 16 51 3 89 6 69 13 61 1 89 11 58 14 57 10 15 7 64 15 10 0 41 8 22 5 88 2 20 19 46 9 49 17 1 
5 63 0 2 12 44 14 88 10 38 19 29 3 32 16 52 6 53 9 88 2 30 8 6 4 16 11 94 18 71 13 83 7 64 17 33 1 1 15 36 
12 52 0 90 3 58 17 21 11 48 9 31 16 86 14 38 6 67 10 77 18 43 4 77 7 88 5 41 2 15 19 52 15 99 1 71 8 45 13 55 
9 87 0 96 1 73 7 58 19 35 15 76 10 58 4 41 17 89 2 29 12 57 5 90 11 43 18 43 13 49 8 51 3 89 16 7 14 90 6 5 
12 8 8 19 9 47 4 65 2 98 3 44 6 34 11 22 0 50 17 84 1 2 15 71 7 21 19 89 10 89 18 20 5 7 16 99 13 61 14 5 
0 97 12 58 13 75 2 49 14 96 8 74 16 82 10 41 15 14 3 74 17 3 5 76 11 1 1 87 4 8 19 6 18 1 9 7 7 51 6 38 
19 15 9 81 7 1 10 80 3 74 17 20 12 73 15 14 0 12 2 61 8 97 18 29 13 2 4 68 14 52 16 36 6 71 11 58 5 8 1 88 
5 72 15 96 16 97 3 72 8 47 1 93 9 89 4 48 2 61 13 44 7 70 11 95 10 47 6 77 19 10 14 45 0 98 12 82 17 18 18 53 
3 12 10 99 11 7 17 66 15 21 6 12 4 44 16 59 13 6 2 35 14 54 0 76 12 41 8 87 7 70 5 92 19 34 9 3 18 58 1 16 
4 56 5 43 1 13 16 58 6 78 18 12 8 42 17 70 9 95 13 42 2 92 19 45 0 55 12 35 14 51 7 41 11 89 10 36 3 51 15 64 
3 82 14 95 0 98 16 18 18 3 6 23 12 66 2 90 1 77 10 81 15 24 8 40 13 69 17 78 4 14 11 8 9 51 5 16 7 7 19 90 
14 18 17 15 11 52 5 58 9 95 2 79 7 91 8 61 18 37 6 79 10 56 19 51 12 75 15 42 13 71 1 89 0 13 3 91 4 98 16 1 
19 12 3 97 0 3 5 51 7 19 12 11 14 54 8 5 1 6 2 20 10 13 18 12 13 37 15 82 6 48 9 66 11 66 17 49 4 5 16 82 
4 58 17 52 19 84 14 9 10 58 11 17 3 3 16 37 0 59 13 98 6 64 12 1 15 65 18 79 9 93 7 17 1 19 5 27 8 28 2 18 
15 17 2 90 19 11 18 82 1 66 11 21 10 96 9 3 0 37 13 59 5 7 8 34 4 30 3 59 16 95 14 35 12 5 7 23 6 21 17 14 
1 69 5 94 7 87 17 2 15 14 12 61 13 74 16 24 19 20 2 96 18 14 10 75 9 42 3 57 6 84 14 35 11 9 8 51 0 20 4 47 
19 50 6 52 17 4 7 56 4 79 11 63 10 8 16 60 1 70 0 9 3 1 8 5 14 89 5 44 18 4 9 83 12 99 2 62 15 82 13 79 
7 18 4 52 6 49 16 79 5 89 12 12 0 42 8 11 17 6 10 37 2 67 19 45 3 45 14 55 11 79 1 65 13 44 18 71 15 38 9 85 
5 53 16 39 17 93 7 53 14 23 6 37 13 22 1 54 3 23 9 39 10 23 18 58 2 36 19 81 15 65 12 94 4 30 0 55 11 31 8 57 
19 26 9 49 2 18 8 48 13 25 4 11 12 6 0 48 7 65 17 69 10 28 15 72 18 66 5 92 6 67 1 75 16 78 11 86 14 24 3 35 
17 42 11 48 12 12 13 18 8 83 18 35 5 80 1 86 16 31 9 83 4 98 19 51 2 36 3 42 0 94 15 67 14 36 10 77 6 16 7 47 
16 30 8 99 12 7 11 33 13 9 5 10 17 35 6 1 1 61 19 64 15 19 9 86 0 58 3 66 4 30 14 1 7 24 10 33 18 26 2 82 
0 15 16 91 17 47 4 89 10 33 8 34 6 77 13 43 12 80 2 47 11 25 9 55 15 69 19 95 18 98 3 74 1 27 5 66 7 4 14 47 
14 33 16 21 11 72 4 44 9 13 15 83 10 80 17 87 2 62 5 91 3 53 7 45 6 41 13 9 0 72 1 36 19 58 12 3 18 67 8 53 
0 24 3 64 2 91 4 1 6 18 15 4 5 24 19 85 1 94 13 55 14 5 11 50 12 33 10 66 18 46 8 8 9 88 17 92 7 9 16 21 
18 83 15 91 12 96 5 96 10 61 2 25 6 29 0 4 9 48 14 6 11 93 3 10 19 96 4 80 16 69 17 88 7 68 13 60 8 28 1 47 
1 66 7 55 18 21 16 83 15 51 13 79 10 66 9 49 2 64 3 64 12 82 19 98 14 6 8 68 17 59 0 24 4 55 5 97 11 93 6 11 
3 65 11 82 9 63 18 34 14 31 12 65 15 47 16 3 10 5 2 67 19 25 4 84 0 82 13 78 7 94 17 90 8 75 6 80 5 44 1 82 
15 3 11 88 9 47 14 68 7 7 5 81 17 29 10 41 18 26 4 80 1 76 16 85 8 20 13 60 3 9 6 82 12 23 0 36 19 86 2 51 
16 49 11 49 18 53 4 72 10 64 14 92 7 79 2 41 1 60 8 45 6 68 3 56 5 11 12 47 0 93 17 51 9 3 13 91 15 54 19 64 
6 97 2 95 5 32 7 80 9 23 1 29 0 34 12 21 3 87 16 1 10 40 11 69 4 60 13 83 8 13 15 63 18 65 14 78 17 18 19 99 
9 42 18 67 10 51 2 55 0 75 12 58 19 33 14 3 4 69 8 33 6 61 7 73 5 61 1 87 15 72 3 40 11 26 13 58 17 78 16 16 
19 9 7 69 17 36 9 31 11 75 15 7 2 62 1 76 10 67 4 43 3 20 14 69 16 61 6 44 18 88 8 11 0 95 12 65 13 75 5 1 
15 43 13 15 19 59 2 93 16 86 14 65 3 35 1 97 10 11 9 32 11 18 7 48 12 61 0 37 18 9 17 40 4 83 6 11 5 56 8 79 
17 33 9 73 0 41 3 10 14 83 10 15 1 65 19 8 5 21 6 21 11 74 2 41 7 22 12 57 13 99 4 21 15 49 18 60 16 35 8 35 
1 2 5 14 17 2 0 42 4 9 13 92 7 36 15 58 19 39 8 1 14 83 2 78 18 1 6 53 9 44 3 98 16 40 11 45 10 44 12 3 
18 7 10 87 7 7 11 37 19 48 13 31 12 6 14 55 5 16 17 11 3 58 2 29 1 47 15 80 0 81 6 34 8 58 9 43 16 66 4 27 
7 56 10 31 0 69 12 59 11 51 1 31 2 55 14 86 15 18 3 18 4 53 5 5 13 52 18 30 17 82 8 66 6 18 19 91 9 22 16 30 
12 81 15 17 13 16 11 96 8 22 19 53 16 33 3 84 10 1 17 69 18 81 7 40 4 63 6 44 9 40 2 58 5 31 1 32 0 75 14 22 
15 57 18 54 16 7 3 8 10 6 12 19 4 56 6 45 5 77 2 53 14 9 7 96 9 47 19 76 8 65 11 85 13 41 1 2 17 69 0 49 
8 40 3 86 15 55 9 34 0 94 4 92 7 65 14 54 13 50 18 82 16 63 10 96 2 76 5 29 12 38 17 57 11 98 6 94 1 83 19 30 
9 99 13 56 19 42 4 6 12 68 8 28 14 78 10 2 2 70 1 15 17 4 6 12 3 67 15 51 11 12 18 75 5 58 7 36 16 99 0 17 
10 32 11 57 8 80 19 64 0 88 15 15 2 52 12 13 18 16 16 1 17 34 5 43 7 63 1 84 4 49 3 60 13 42 6 74 9 60 14 37 
6 58 16 18 12 96 4 47 9 14 14 64 15 64 13 15 10 46 0 47 8 16 3 14 5 7 19 15 11 33 18 54 1 20 7 41 17 15 2 90 
14 44 7 46 18 73 4 55 2 3 1 36 5 98 12 45 6 75 13 69 15 72 9 81 10 42 17 45 19 42 0 48 16 9 11 2 3 93 8 22 
5 11 0 27 13 14 3 51 14 49 17 72 2 14 15 37 4 69 1 43 8 6 10 10 12 79 9 15 11 69 6 30 18 41 7 6 19 53 16 99 
14 97 1 74 18 52 4 5 0 65 5 25 19 62 10 13 11 92 15 74 7 38 16 24 8 35 6 13 2 56 9 6 3 42 12 69 17 92 13 53 
9 30 2 11 15 2 8 93 4 96 18 49 19 45 16 80 3 72 13 46 17 39 11 60 6 33 7 10 12 47 5 88 1 46 14 51 0 97 10 2 
5 56 1 16 15 97 0 24 14 86 4 31 6 8 3 38 18 85 19 52 7 94 17 38 16 57 11 95 13 61 9 80 12 83 8 21 10 83 2 79 
1 44 15 12 2 55 6 12 3 25 14 63 0 3 19 27 11 71 17 10 9 38 12 14 18 80 7 7 4 89 13 67 8 18 5 90 16 46 10 62 
17 98 15 33 3 7 4 45 8 58 9 31 0 29 2 66 13 27 6 46 10 5 12 52 5 54 16 41 19 10 7 61 14 13 1 1 11 12 18 31 
3 36 15 56 14 91 0 80 12 18 1 32 18 67 7 34 8 94 9 7 4 32 16 85 11 95 17 86 6 83 13 16 10 5 19 12 2 74 5 43 
16 52 11 65 18 71 6 44 17 28 12 4 9 28 0 93 15 13 4 2 14 21 8 40 13 81 2 59 7 6 1 85 5 41 19 18 3 65 10 89 
11 92 15 15 8 92 9 71 10 65 7 59 12 36 0 26 4 3 18 98 14 56 16 81 5 67 19 89 1 90 6 96 17 14 2 80 13 36 3 15 
6 25 16 81 11 17 19 92 3 82 13 79 9 66 12 2 0 39 8 28 17 77 4 64 14 57 1 42 5 30 7 26 18 25 15 11 10 96 2 9 
2 88 13 46 7 3 5 62 10 91 9 48 1 36 15 87 4 48 18 22 8 19 11 9 0 56 17 28 12 67 16 12 3 39 6 64 19 25 14 34 
11 94 8 41 7 34 14 21 12 54 6 25 19 59 9 53 0 1 2 56 5 59 1 30 18 76 4 38 3 14 17 72 13 13 16 60 15 60 10 47 
2 82 12 29 4 23 13 39 7 28 10 37 1 56 0 65 3 88 14 90 5 13 18 67 6 17 17 32 16 19 19 95 8 23 9 57 11 69 15 14 
2 25 17 47 3 84 9 3 8 53 12 88 4 63 18 39 11 38 19 82 0 62 6 96 7 44 5 18 16 26 14 2 13 37 10 72 1 29 15 5 
12 64 11 44 5 10 0 70 1 14 2 12 3 79 13 34 8 4 7 10 16 57 19 33 17 33 18 69 9 89 6 9 4 66 14 34 15 25 10 46 
9 71 5 9 14 70 0 26 3 14 15 66 17 39 16 23 10 37 13 99 1 44 7 94 4 64 19 27 11 55 12 80 8 13 6 46 18 84 2 91 
2 84 0 89 12 57 7 49 6 70 9 66 3 55 17 55 16 81 18 35 11 44 10 48 4 84 13 66 1 40 8 37 15 62 14 34 5 99 19 28 
0 38 7 71 13 89 10 36 2 85 1 96 16 82 19 80 17 54 8 9 15 77 14 10 6 83 9 54 4 34 18 36 11 37 5 87 12 62 3 64 
12 33 10 68 2 81 19 63 14 68 18 23 8 94 7 55 9 37 17 41 11 3 15 40 16 13 4 69 6 5 5 76 3 79 13 8 0 10 1 21 
11 61 5 37 4 53 3 75 15 17 8 56 6 56 1 71 17 87 7 75 16 45 10 70 2 99 0 23 19 16 9 27 14 16 13 91 18 60 12 43 
8 18 11 88 10 49 0 8 7 22 3 15 17 60 19 69 14 13 13 59 6 56 12 21 4 27 5 14 1 58 2 19 9 52 16 4 15 56 18 29 
17 53 0 2 14 24 13 57 11 48 9 67 7 15 6 9 3 84 4 96 1 74 5 22 15 71 12 75 8 94 16 53 18 57 19 18 2 95 10 61 
8 53 10 28 18 68 17 70 6 32 7 8 9 29 5 4 15 43 14 52 16 94 2 81 19 18 0 73 11 17 12 85 4 24 1 66 13 76 3 36 
14 39 15 26 16 25 2 88 5 20 7 13 4 26 18 33 17 90 1 57 13 85 6 24 11 67 3 13 19 45 0 98 12 54 9 68 10 55 8 60 
0 35 6 78 10 65 5 91 8 6 2 2 15 60 11 94 4 71 13 99 18 39 1 48 16 94 9 58 3 16 14 55 19 10 17 9 12 51 7 40 
10 26 7 13 17 47 15 5 18 92 11 92 13 97 6 93 1 48 5 10 19 80 9 84 14 40 0 63 4 53 8 33 3 56 2 30 16 77 12 47 
17 12 19 49 12 83 11 5 8 40 7 93 18 52 3 56 14 20 5 86 9 17 4 23 16 97 2 58 13 94 10 80 0 26 15 50 1 2 6 4 
12 70 6 29 19 19 18 74 17 13 10 74 5 20 14 86 16 78 8 49 1 84 0 22 7 80 15 83 4 69 13 33 3 90 2 69 11 82 9 91 
17 98 4 50 5 1 10 60 11 7 14 77 19 55 8 3 2 25 3 30 12 62 15 8 18 75 16 81 9 86 0 9 7 45 13 98 6 53 1 20 
