100 20 
3 12 4 83 13 8 1 69 0 76 17 84 6 76 9 84 16 79 19 31 12 41 14 76 15 60 8 45 11 60 18 54 10 30 7 29 5 11 2 85 
13 70 19 60 10 8 4 62 0 90 15 5 16 13 7 39 3 74 6 90 12 46 18 99 1 55 17 96 5 37 11 99 2 51 8 19 9 6 14 96 
10 51 9 51 2 19 15 9 17 61 16 4 19 7 8 16 12 47 5 47 14 30 13 3 1 24 3 38 7 38 4 72 6 93 0 98 11 35 18 9 
17 22 3 72 9 61 13 49 7 77 8 54 12 91 0 47 16 55 14 86 2 85 1 15 15 94 18 82 4 58 6 59 10 48 19 45 5 95 11 67 
3 47 9 82 8 73 14 19 5 70 12 53 15 47 16 29 0 44 7 10 10 25 17 71 6 43 1 96 18 18 13 73 19 12 2 94 11 72 4 31 
7 40 3 71 10 64 5 30 16 14 18 21 2 62 19 5 9 21 0 41 13 13 8 22 1 14 17 45 12 63 14 43 6 78 15 67 4 9 11 94 
3 81 13 3 8 49 17 68 16 51 18 22 6 79 14 6 2 87 15 15 1 71 9 50 11 7 12 49 7 89 5 68 0 92 10 19 4 15 19 38 
15 58 10 2 17 66 11 34 9 20 12 62 4 51 2 90 16 22 6 5 13 62 8 65 19 94 5 91 18 18 1 54 3 78 7 26 14 63 0 43 
8 78 15 26 13 82 7 39 4 33 5 14 17 15 11 5 1 8 10 67 0 11 3 60 14 89 18 47 2 52 6 94 12 49 16 85 9 42 19 45 
5 68 11 26 10 92 8 84 6 81 2 22 1 11 19 54 7 91 0 21 3 53 4 94 9 90 14 18 13 18 12 37 15 27 16 17 17 7 18 31 
7 32 4 44 8 53 14 57 13 51 16 77 6 94 9 2 18 95 11 71 15 36 1 9 17 51 12 30 19 75 5 97 10 41 3 37 0 85 2 46 
9 62 8 24 17 40 0 29 6 41 18 5 7 82 4 5 16 46 15 43 1 33 5 13 12 73 2 90 10 67 13 95 11 88 14 28 19 58 3 96 
0 24 12 66 10 2 4 35 5 84 19 92 14 10 6 44 15 71 16 15 11 10 9 79 1 42 18 47 17 29 13 23 3 64 7 82 8 45 2 5 
10 15 17 54 2 28 11 61 15 50 7 28 19 70 5 5 8 9 12 6 0 41 14 18 3 26 4 33 16 75 9 12 13 48 1 6 18 93 6 8 
10 16 8 74 15 68 17 4 2 50 0 45 7 36 5 51 14 12 11 51 12 79 9 40 16 56 6 96 3 68 18 20 13 29 1 27 4 58 19 56 
18 33 4 11 11 25 5 85 10 1 17 58 0 80 3 70 12 8 2 76 8 55 13 71 9 56 19 26 15 6 16 67 1 57 6 64 14 23 7 21 
18 54 19 55 3 14 10 17 5 2 7 36 14 80 15 84 0 66 9 46 1 64 2 63 6 12 17 28 12 97 16 15 8 14 11 28 4 25 13 55 
7 32 14 29 1 89 6 87 12 70 10 43 17 66 3 6 19 46 0 59 11 26 2 7 5 88 8 77 13 25 18 40 4 9 9 77 15 16 16 25 
19 37 8 98 14 50 13 51 9 15 12 94 18 34 17 66 11 98 7 30 1 99 10 74 3 30 0 30 5 78 4 49 15 7 6 44 16 60 2 39 
1 91 7 2 19 48 17 95 5 21 16 20 9 30 11 1 3 16 12 22 4 25 0 54 13 49 8 6 10 91 14 8 18 24 15 68 6 31 2 49 
10 7 17 77 7 11 4 11 12 50 11 33 14 96 0 59 1 2 8 56 2 21 9 33 16 16 13 63 18 58 3 42 5 85 15 84 19 49 6 22 
2 27 12 31 8 72 15 38 3 42 7 98 18 45 13 15 17 48 6 12 5 51 1 61 14 11 11 49 9 94 0 75 19 53 16 26 4 59 10 54 
15 52 3 61 4 31 14 76 19 52 9 8 10 63 5 28 2 65 0 97 6 16 12 5 7 29 17 40 18 21 1 36 16 89 13 4 11 29 8 25 
17 39 16 80 19 81 18 50 15 32 0 81 3 40 14 50 1 67 2 60 12 71 7 58 9 17 11 62 13 85 10 16 6 65 5 13 4 27 8 88 
17 81 2 63 13 40 6 58 4 73 19 25 15 47 0 94 9 25 18 24 12 27 3 12 11 51 16 51 10 17 14 87 5 98 1 10 7 81 8 35 
7 18 3 46 16 15 8 70 0 38 10 84 1 63 15 75 19 73 6 45 13 71 18 17 17 44 11 91 5 52 9 75 14 67 4 33 12 96 2 91 
17 3 10 34 6 38 7 92 1 5 14 83 8 90 11 52 18 68 9 33 19 45 5 99 2 6 3 91 15 73 0 1 16 14 12 39 4 44 13 88 
12 27 13 78 1 49 5 93 7 7 0 27 2 19 16 45 8 77 10 34 15 96 19 18 6 32 9 23 17 95 18 69 11 13 14 49 3 52 4 66 
1 70 12 29 14 48 11 96 5 7 15 85 10 61 17 49 19 36 9 12 18 35 4 43 0 1 13 55 3 92 16 78 6 78 2 4 8 1 7 87 
6 97 1 7 16 26 10 23 7 51 4 72 2 42 11 59 3 92 17 55 5 6 14 22 18 87 0 49 8 55 13 67 9 92 19 73 12 66 15 50 
9 83 16 24 8 68 13 6 10 58 17 13 1 35 19 50 5 70 11 80 12 71 7 21 6 91 2 57 0 91 14 41 4 47 15 3 3 61 18 80 
17 88 4 40 14 99 3 2 13 70 6 54 2 15 0 88 19 21 1 49 9 49 8 25 10 22 15 54 12 61 5 46 11 44 18 25 16 1 7 64 
14 34 17 24 1 27 2 76 19 2 11 25 3 12 10 17 8 54 15 45 0 67 9 85 18 62 12 71 16 51 7 2 5 19 6 80 4 38 13 95 
3 35 9 84 13 61 15 83 8 79 6 57 2 5 11 87 12 2 16 57 5 16 17 79 0 18 4 41 14 72 18 54 19 36 7 90 10 52 1 62 
13 38 17 97 0 93 4 45 6 81 5 92 19 16 2 29 14 19 8 26 3 93 18 43 10 93 9 3 7 22 12 16 15 19 1 7 11 86 16 5 
7 57 6 93 0 96 13 81 2 52 19 93 5 51 12 92 3 53 1 34 18 91 14 71 17 19 16 38 10 46 9 42 8 46 11 48 15 26 4 88 
15 1 16 69 12 50 19 54 6 97 5 70 17 78 0 56 9 10 2 18 8 42 14 64 10 26 7 2 11 44 4 42 18 47 3 74 13 16 1 65 
18 8 15 73 7 93 14 3 10 49 2 85 16 38 8 6 1 56 6 24 4 54 17 35 19 21 13 55 0 41 11 10 3 24 9 33 12 90 5 50 
16 88 7 76 19 29 13 85 10 99 18 47 17 81 3 26 5 57 11 3 8 32 6 41 4 49 15 1 14 82 9 53 2 23 12 19 0 52 1 9 
4 81 13 16 0 3 3 61 7 84 19 63 10 3 11 16 12 85 5 20 2 26 14 83 1 96 6 44 16 66 8 12 18 52 15 7 17 35 9 21 
14 12 7 68 2 88 19 29 6 67 5 57 4 86 12 75 1 3 11 39 9 92 13 53 10 83 17 96 18 46 3 25 0 49 8 98 15 88 16 44 
14 86 2 84 4 83 15 80 8 95 9 54 13 13 7 63 12 60 11 58 5 20 17 7 1 49 18 84 16 30 0 59 6 82 19 23 10 23 3 15 
6 58 1 46 12 1 13 22 7 35 4 32 10 67 8 70 14 38 3 63 5 29 2 12 11 58 18 51 9 79 15 69 0 95 19 70 17 22 16 42 
1 84 6 51 15 20 3 75 14 26 18 44 0 98 7 35 2 78 9 90 4 62 19 55 12 78 10 30 11 2 17 46 5 49 16 46 8 13 13 23 
6 43 12 65 2 63 10 74 4 3 14 18 16 51 9 54 15 95 17 30 1 54 18 51 11 84 19 81 3 57 13 25 0 90 5 46 7 98 8 91 
5 88 1 50 3 31 17 28 12 43 7 22 19 93 13 38 6 27 18 64 15 20 4 73 8 86 14 38 16 1 9 73 11 52 10 23 2 43 0 95 
3 26 15 7 8 14 19 87 6 6 4 66 11 87 13 8 7 43 9 14 17 94 14 86 18 45 16 88 12 91 2 19 10 17 1 20 5 60 0 75 
17 63 7 84 5 11 6 89 18 26 1 49 8 64 15 49 11 69 12 33 14 75 0 80 10 40 3 70 19 69 2 5 4 64 16 77 9 29 13 27 
16 29 19 7 2 96 13 53 9 87 15 79 14 17 1 11 10 24 0 27 8 68 3 6 17 59 5 78 7 4 18 79 12 27 6 56 11 16 4 90 
3 82 5 22 13 37 6 61 16 47 11 87 0 20 4 98 18 88 12 88 8 55 10 53 1 89 17 64 7 20 9 24 2 60 19 63 14 37 15 60 
6 19 3 30 2 2 16 63 12 59 15 75 4 44 8 90 18 13 0 67 14 99 1 55 19 12 9 26 5 98 17 81 7 83 11 27 13 33 10 62 
4 37 9 53 1 33 16 81 2 47 0 55 19 77 10 40 14 63 13 5 8 1 5 74 12 25 17 5 3 98 18 35 15 95 7 42 6 76 11 59 
1 84 12 19 10 38 3 34 19 31 4 81 18 75 15 41 5 52 0 55 14 1 9 55 16 44 8 41 11 20 7 70 17 52 13 14 6 47 2 22 
13 79 18 94 10 14 5 22 11 74 2 19 15 53 7 18 3 18 0 86 8 65 6 8 19 15 17 42 4 5 12 2 16 22 9 4 1 83 14 63 
17 74 15 69 12 24 18 38 11 60 19 93 8 74 5 61 7 50 4 62 14 19 10 38 9 70 1 67 13 51 6 91 0 27 2 3 16 57 3 65 
15 75 5 15 9 82 11 58 7 64 6 26 4 65 14 87 17 17 2 59 8 14 1 91 10 48 12 21 13 40 19 6 0 64 18 62 3 42 16 30 
4 86 17 81 3 5 5 66 16 68 8 66 2 71 12 24 13 58 6 87 14 40 18 7 15 90 19 51 9 35 1 22 7 68 0 59 11 13 10 49 
4 86 7 61 3 93 13 31 19 78 10 78 5 96 9 72 16 93 2 81 18 92 15 78 17 17 6 81 11 72 12 14 0 77 8 92 1 22 14 41 
13 27 0 1 10 13 6 45 15 26 7 90 5 55 14 92 2 81 16 50 17 70 18 74 12 66 4 54 1 88 19 40 9 19 11 44 3 55 8 92 
10 42 4 4 16 74 15 2 12 35 3 72 1 40 14 91 0 34 19 41 13 19 7 85 17 97 8 42 9 12 18 3 5 35 2 23 11 97 6 39 
19 87 12 89 16 26 18 3 17 80 2 53 15 81 14 77 5 29 8 53 1 43 9 27 4 55 11 4 6 47 13 42 0 88 10 82 7 51 3 23 
14 25 1 33 7 20 11 29 19 63 4 48 8 42 13 27 5 68 0 63 18 27 6 46 17 17 3 56 2 75 16 58 10 27 9 29 15 13 12 68 
18 44 3 98 7 27 2 98 5 13 13 22 9 97 0 53 6 11 15 52 8 20 16 65 14 39 17 55 19 74 11 53 4 3 10 13 12 96 1 98 
15 47 18 83 8 4 14 69 2 35 16 51 0 18 13 76 11 29 1 52 10 6 12 42 5 29 6 18 4 93 3 15 9 39 7 45 19 8 17 47 
14 53 2 29 9 8 12 52 1 13 15 50 17 20 18 77 4 92 19 49 0 54 11 91 16 12 8 75 3 98 6 37 7 39 5 82 10 86 13 28 
18 36 9 66 10 56 2 94 19 94 13 81 5 39 0 13 11 61 6 24 7 58 15 2 14 67 3 89 17 32 8 61 16 55 1 94 4 74 12 69 
13 65 7 49 4 45 14 62 9 51 12 22 17 29 18 22 1 11 10 31 16 43 15 6 2 81 0 44 3 69 6 60 19 53 5 6 11 62 8 49 
9 26 17 15 14 23 7 85 19 69 15 73 10 92 3 30 8 13 18 73 6 17 16 67 1 51 4 36 5 25 13 3 12 50 2 83 0 71 11 60 
15 21 13 68 14 82 5 43 2 36 16 16 19 24 0 93 12 98 6 89 1 56 11 30 9 86 17 87 7 64 8 45 10 51 3 79 4 65 18 68 
12 54 0 85 4 73 6 40 2 46 16 86 14 6 13 78 3 76 8 71 17 66 5 15 11 2 7 27 9 17 10 89 19 91 18 55 1 65 15 39 
4 67 19 46 13 45 9 55 6 88 1 96 18 96 17 89 7 50 5 99 14 6 10 36 0 22 3 63 8 71 12 50 11 57 2 94 15 68 16 73 
0 98 19 63 3 70 6 16 16 52 18 1 15 33 11 14 12 59 7 89 2 46 9 26 14 50 4 45 17 72 13 72 5 91 8 49 10 87 1 77 
18 66 5 80 17 42 8 19 4 3 14 73 1 89 6 45 2 2 10 63 9 43 19 83 7 33 3 14 12 46 0 79 16 49 15 19 11 65 13 22 
3 94 16 67 15 89 4 87 7 26 14 3 12 81 2 25 13 22 11 93 6 31 17 36 1 33 8 72 0 43 9 36 10 97 18 66 19 86 5 22 
13 23 16 65 9 69 2 39 11 63 14 70 6 42 0 48 7 80 10 77 18 12 12 83 17 51 15 15 3 73 5 26 8 31 4 37 1 92 19 45 
14 39 1 73 16 51 18 96 2 12 15 21 0 40 5 74 17 27 19 1 10 75 11 77 7 17 6 84 9 34 12 38 8 25 13 54 3 83 4 38 
14 5 12 50 0 28 3 79 16 14 11 95 10 98 15 74 19 96 9 41 8 65 2 49 13 55 4 13 7 19 17 82 5 54 18 21 6 74 1 7 
12 50 1 12 3 65 6 18 14 61 13 42 16 67 17 61 7 29 4 82 18 3 15 80 2 34 19 58 8 22 10 31 11 52 0 80 5 72 9 58 
12 35 7 34 15 79 5 1 9 57 0 95 10 66 11 97 18 35 14 5 8 35 4 11 19 28 3 47 1 14 17 88 16 60 13 70 2 79 6 35 
14 50 19 77 9 66 4 82 5 88 16 40 8 9 17 68 15 88 2 40 10 37 12 4 3 60 1 97 11 67 6 49 13 39 7 22 18 51 0 16 
13 72 6 5 4 12 11 32 15 94 19 56 8 64 3 37 2 57 9 93 7 36 1 56 14 80 10 95 0 94 18 24 17 49 12 34 16 84 5 31 
10 7 11 31 15 43 6 92 4 21 14 45 7 89 1 87 13 31 12 76 5 91 17 25 18 24 9 79 19 45 2 25 0 66 8 23 16 28 3 13 
18 54 0 99 7 61 10 48 6 48 14 85 17 71 12 50 5 68 3 33 16 57 11 39 13 25 1 76 9 78 15 78 8 78 4 7 19 80 2 68 
2 57 16 40 6 73 10 29 1 10 9 77 4 4 19 63 8 39 11 17 18 13 5 25 7 52 12 43 17 18 0 15 13 79 15 42 14 33 3 20 
1 67 13 1 14 10 11 98 2 86 8 46 6 24 3 95 9 63 12 94 16 37 18 34 19 54 17 27 5 73 10 20 15 84 4 52 7 16 0 52 
4 61 15 95 3 27 13 42 16 57 10 12 7 53 14 10 6 20 0 40 2 49 5 36 17 69 19 67 18 84 9 15 1 75 12 27 8 75 11 35 
14 84 9 45 15 15 18 47 0 52 11 26 16 24 12 52 19 68 6 15 4 12 7 80 10 34 1 8 8 23 3 85 13 7 17 80 2 98 5 74 
11 63 13 14 6 36 12 46 10 87 15 18 19 14 18 25 2 82 14 37 3 47 17 52 5 60 9 26 4 14 1 14 8 57 16 92 0 37 7 97 
9 74 1 35 16 8 18 14 12 36 2 79 8 9 3 66 11 3 17 57 0 61 15 94 13 98 5 38 7 11 19 27 4 79 10 20 14 69 6 80 
13 36 18 22 19 66 7 79 14 59 8 90 1 84 4 52 16 64 0 67 6 66 17 65 5 48 10 55 2 99 3 67 9 82 11 69 12 47 15 61 
1 76 15 48 16 63 12 83 3 31 0 50 11 47 14 53 18 67 19 15 5 8 13 8 6 30 7 8 8 3 9 71 4 87 10 30 2 88 17 92 
16 41 12 10 14 17 8 61 3 71 4 79 9 19 1 1 13 1 5 54 17 61 6 28 11 10 10 49 2 41 18 53 0 36 15 23 19 87 7 33 
9 32 16 22 5 18 6 30 10 42 12 7 7 88 0 32 2 22 15 38 11 58 1 68 4 40 14 34 19 51 3 29 8 28 18 92 13 8 17 73 
17 1 1 61 16 56 14 45 10 30 3 75 0 73 19 82 2 11 13 93 8 17 18 18 9 82 4 75 11 77 6 72 15 23 7 6 5 88 12 76 
15 36 11 80 8 14 6 2 7 58 0 50 9 69 2 35 12 29 14 59 18 89 19 76 17 80 16 40 1 10 3 23 10 80 13 76 4 71 5 91 
3 84 1 12 12 99 11 71 14 36 5 68 7 43 4 26 16 57 10 29 8 53 13 6 19 44 2 68 15 29 6 58 18 60 9 26 0 98 17 83 
10 46 16 50 8 41 19 68 6 23 11 2 7 83 17 83 5 85 1 28 9 61 18 63 0 53 3 13 12 14 2 44 13 1 14 94 4 85 15 49 
13 41 5 40 4 10 9 15 12 10 3 2 17 25 11 6 0 1 19 96 7 60 10 91 16 67 1 43 18 76 14 61 6 85 15 28 8 83 2 55 
18 27 19 2 1 1 2 89 16 19 0 79 7 33 11 20 5 85 6 60 15 39 17 51 13 34 8 62 4 69 9 40 12 85 14 98 10 29 3 43 
7 26 0 87 2 22 8 33 12 83 5 44 17 56 15 82 13 34 4 6 18 33 16 8 6 70 9 2 10 98 19 28 3 63 14 98 1 92 11 53 
