50 15 
3 51 1 55 11 33 5 52 6 96 2 31 12 18 9 37 4 36 8 56 10 37 13 97 7 37 14 79 0 36 
2 82 14 86 1 80 7 99 6 47 11 25 12 85 8 16 3 53 5 59 4 22 13 46 9 70 0 71 10 90 
10 60 7 5 1 32 4 77 9 11 6 81 11 10 14 24 8 26 0 90 12 79 5 49 13 16 2 6 3 82 
3 99 11 90 14 47 9 3 12 5 10 98 1 10 8 52 7 62 0 50 5 49 2 86 13 59 6 92 4 56 
9 24 7 49 14 71 13 30 1 32 6 78 11 11 10 15 5 17 0 91 3 46 4 72 12 47 8 36 2 99 
11 37 3 18 6 29 12 50 1 87 7 81 2 21 14 61 13 74 0 5 9 88 8 79 5 98 10 60 4 31 
3 14 11 55 2 37 1 59 10 87 12 60 9 80 8 69 14 27 6 61 5 23 0 16 4 17 7 83 13 55 
13 5 1 2 3 38 5 82 2 99 11 14 7 94 0 8 9 27 14 59 4 7 8 52 10 37 6 90 12 18 
8 13 3 69 12 17 5 47 7 87 9 42 11 35 0 97 14 57 1 52 13 50 6 53 10 97 4 29 2 74 
5 63 12 87 3 55 2 49 4 88 7 9 1 27 0 59 13 50 10 87 8 64 9 42 6 87 11 94 14 24 
4 65 10 7 0 58 11 28 1 77 13 94 5 2 14 81 6 57 7 51 9 44 3 72 12 17 8 39 2 56 
1 62 0 26 13 5 9 26 14 84 10 37 12 48 7 55 8 77 3 48 6 61 2 44 5 32 4 68 11 24 
12 81 8 60 0 34 2 87 6 76 14 65 10 90 13 15 11 24 3 21 4 73 7 24 1 93 5 14 9 52 
9 46 11 64 7 66 8 65 6 31 2 42 10 62 12 84 13 81 4 91 3 36 0 70 14 80 5 97 1 74 
2 91 4 86 6 4 12 40 0 2 14 58 5 89 10 39 3 58 1 50 9 29 7 33 8 28 13 75 11 64 
2 39 6 76 11 29 1 55 7 83 3 69 12 47 10 90 13 65 4 78 8 56 0 89 14 70 5 61 9 75 
5 50 7 94 8 14 10 1 6 39 1 23 12 72 2 24 4 23 9 6 13 80 3 85 11 53 14 43 0 98 
0 24 5 22 13 91 8 34 6 79 1 61 2 68 9 59 3 94 11 49 4 25 7 64 12 13 14 76 10 92 
1 81 4 53 7 15 10 98 13 38 6 44 9 84 14 95 5 79 12 27 11 9 0 89 8 74 2 38 3 74 
4 2 7 34 11 57 6 1 0 53 14 34 8 9 1 35 13 65 3 26 5 99 9 33 10 33 12 25 2 1 
10 18 8 73 4 25 1 90 12 53 14 66 2 97 7 12 5 29 9 88 0 95 6 67 3 37 13 84 11 80 
14 32 0 88 4 39 5 16 7 85 2 94 10 87 13 23 11 79 3 14 8 24 6 99 9 41 12 78 1 43 
4 85 1 50 14 70 13 61 0 56 10 94 11 45 9 1 2 82 7 25 12 48 3 49 8 24 5 86 6 88 
1 21 13 57 5 13 11 70 0 87 14 64 2 83 9 88 4 79 10 28 3 75 6 68 12 22 8 58 7 9 
7 96 8 30 10 84 14 14 13 30 4 31 0 16 9 73 2 83 1 1 11 69 12 9 5 60 3 69 6 30 
5 49 8 64 11 83 7 83 12 70 0 38 13 40 3 43 4 74 9 26 10 69 6 78 14 30 1 44 2 14 
12 64 2 56 7 26 8 16 9 71 1 58 3 5 5 78 10 78 4 97 13 9 6 48 11 65 0 10 14 62 
11 66 3 49 8 72 14 89 10 33 1 24 6 9 4 15 9 48 13 16 0 17 5 56 2 27 7 25 12 5 
6 94 10 14 5 38 8 6 4 78 7 98 2 80 3 60 12 63 0 19 11 87 9 77 1 33 14 98 13 46 
11 28 10 39 12 63 8 80 5 54 6 84 4 36 3 92 7 99 9 79 2 70 14 91 0 49 1 93 13 5 
11 93 14 36 12 67 5 38 8 60 9 40 0 53 7 28 6 70 13 40 1 72 4 6 2 1 10 79 3 82 
4 17 11 83 10 52 13 76 12 18 8 11 9 67 0 7 7 81 14 81 6 18 2 6 5 74 1 17 3 8 
1 91 12 4 5 68 0 95 9 96 10 49 7 54 3 14 2 3 14 97 4 54 11 36 8 78 6 43 13 99 
3 15 7 68 9 19 1 74 13 20 2 70 14 96 8 38 6 52 5 99 10 4 4 15 0 60 11 32 12 18 
8 6 10 79 3 21 4 75 0 23 6 30 14 81 2 23 13 89 5 6 11 77 1 70 7 84 12 19 9 54 
10 40 8 46 11 96 0 10 1 60 3 24 5 25 2 51 9 34 12 78 6 99 14 55 13 31 4 89 7 24 
1 77 2 18 3 11 5 51 4 71 9 69 7 19 11 14 10 1 8 73 14 65 13 25 12 42 6 55 0 87 
2 82 1 20 5 5 11 98 14 76 8 96 4 63 7 68 0 83 12 93 6 12 9 51 10 41 13 94 3 67 
4 50 5 73 14 98 7 49 12 52 0 87 1 9 8 14 13 60 11 48 3 27 9 53 6 24 10 85 2 5 
3 20 2 30 7 9 8 85 1 11 11 26 14 30 13 48 9 84 10 94 6 47 5 84 4 80 12 62 0 76 
12 31 3 12 10 87 5 99 7 20 4 51 2 4 1 34 8 40 14 17 0 41 11 1 13 78 9 52 6 52 
12 5 7 29 1 70 2 59 8 99 0 39 10 6 9 89 3 62 6 20 11 75 5 62 14 21 4 1 13 53 
4 16 1 31 8 22 11 78 0 79 2 91 10 15 7 12 3 49 5 46 6 11 14 9 12 44 13 75 9 69 
8 21 4 16 11 57 7 29 14 1 10 33 5 77 13 76 0 59 9 80 1 76 12 48 2 58 6 16 3 98 
9 66 2 53 11 63 5 32 4 99 6 36 10 54 7 7 8 64 13 42 0 16 12 46 1 69 3 16 14 33 
11 58 7 3 8 70 14 25 9 96 4 99 1 28 12 16 2 11 10 96 5 70 13 47 0 9 6 68 3 24 
14 77 0 40 6 85 10 73 1 19 5 35 7 33 13 66 11 45 8 39 12 97 2 4 4 59 3 63 9 34 
6 57 12 87 11 45 3 46 4 16 14 51 2 60 7 88 13 38 1 6 5 24 0 20 9 92 10 72 8 60 
7 19 5 5 2 93 10 77 4 83 14 99 9 32 11 57 0 10 1 82 13 53 12 17 8 47 3 79 6 46 
4 15 8 34 1 97 14 69 9 48 12 10 2 73 5 6 6 94 10 93 11 60 13 10 3 9 0 15 7 82 
