50 15 
13 53 0 85 10 4 8 6 11 93 3 8 5 39 6 30 1 95 12 26 9 76 14 1 4 87 7 68 2 1 
1 71 9 61 8 39 7 26 0 36 3 83 10 46 4 37 5 90 13 48 12 2 6 56 14 50 11 30 2 45 
3 8 0 17 5 71 10 80 4 99 14 57 2 53 8 74 13 17 7 24 6 93 12 42 11 61 9 88 1 25 
7 23 6 55 8 59 13 17 0 21 4 86 9 38 1 97 2 42 3 52 5 79 11 73 12 22 10 19 14 61 
1 66 7 22 3 27 8 67 5 82 13 75 0 12 6 91 10 83 2 95 14 63 11 40 4 85 12 50 9 53 
5 60 4 25 6 81 12 39 2 26 14 13 9 90 10 33 0 85 11 33 7 55 1 29 3 69 13 49 8 1 
12 51 7 66 2 40 4 25 9 22 11 81 3 31 13 17 5 74 8 15 14 94 1 78 6 33 10 42 0 97 
1 90 3 25 12 91 5 46 14 14 8 3 13 40 6 39 10 6 11 99 2 53 4 8 9 52 0 36 7 8 
6 11 5 90 3 83 8 75 10 8 9 34 11 21 2 77 0 22 13 34 4 62 1 19 7 18 12 37 14 33 
7 78 6 83 0 58 11 12 5 22 4 68 10 18 1 88 2 97 12 45 8 11 3 10 14 64 13 62 9 81 
5 3 12 46 9 17 7 35 2 95 14 85 11 27 10 48 0 6 13 84 4 15 1 20 6 15 8 17 3 88 
8 97 7 69 1 50 13 95 10 50 14 50 9 26 0 57 12 58 4 55 11 43 6 70 5 97 3 93 2 31 
14 61 12 90 4 40 5 32 0 13 6 8 11 47 13 18 9 7 1 36 7 21 8 73 3 78 2 88 10 7 
5 93 10 53 1 13 14 66 9 41 6 30 12 28 4 68 2 17 0 42 8 30 11 69 7 91 13 70 3 66 
12 71 14 49 13 29 11 22 2 65 1 58 9 68 5 58 7 8 0 21 4 34 8 24 3 23 6 68 10 50 
8 60 5 89 11 22 2 16 14 37 13 24 6 23 4 81 12 56 3 84 10 41 0 16 9 20 1 7 7 44 
4 40 1 44 12 57 13 52 3 78 14 74 11 37 10 66 9 37 6 64 5 26 7 87 0 81 2 57 8 3 
13 80 11 71 9 60 2 69 5 51 6 1 8 92 3 52 14 32 1 45 0 56 12 85 4 18 10 41 7 87 
10 51 13 3 1 52 12 27 8 92 0 65 3 33 11 25 5 70 9 10 7 58 4 82 2 74 14 19 6 11 
13 14 11 74 4 5 3 24 8 47 5 12 9 8 12 43 2 51 0 56 14 6 1 70 7 53 6 99 10 15 
14 22 4 10 8 73 1 41 6 57 3 94 2 73 0 53 12 6 7 77 9 19 5 50 10 70 13 11 11 28 
3 73 4 82 12 66 9 14 13 95 0 43 10 93 6 28 11 34 5 90 7 77 1 10 2 78 8 11 14 62 
9 27 5 64 14 93 1 58 10 49 8 33 6 42 11 18 7 41 13 61 4 31 12 91 0 56 2 58 3 60 
1 6 10 5 2 11 14 58 11 38 3 73 12 40 13 26 8 15 0 13 7 69 6 35 5 49 4 24 9 50 
7 51 5 64 8 3 2 96 13 49 11 25 10 19 9 84 0 7 1 67 12 81 4 78 6 61 3 67 14 22 
11 20 1 20 10 40 0 1 4 7 2 35 7 25 9 47 5 9 6 61 3 46 13 29 14 60 8 59 12 99 
5 90 7 30 13 35 4 66 0 76 11 53 6 69 12 40 1 21 14 10 9 47 3 96 8 13 10 96 2 12 
14 88 6 84 9 50 1 16 10 17 0 68 4 44 8 20 7 88 2 75 5 53 11 11 12 85 13 94 3 60 
5 39 13 46 7 7 2 70 0 63 10 68 14 67 6 79 12 60 4 29 1 80 9 30 3 31 8 41 11 3 
6 14 10 93 5 44 8 38 12 72 0 74 14 5 7 20 3 44 13 35 1 18 2 4 4 34 9 44 11 49 
0 72 9 12 2 66 7 61 14 66 8 10 3 52 10 7 11 31 4 20 12 75 6 38 1 48 13 97 5 36 
2 30 0 20 3 36 14 25 7 6 11 56 1 79 4 79 9 91 6 56 10 45 5 97 12 92 13 37 8 30 
12 86 9 87 6 42 3 31 11 46 7 88 8 11 14 30 4 90 1 5 13 64 10 21 2 29 5 67 0 11 
2 48 13 2 8 65 7 62 4 55 1 16 9 1 12 34 3 5 10 16 0 47 11 82 5 46 14 65 6 58 
12 8 4 96 13 98 0 23 9 50 6 8 14 99 5 67 8 8 2 91 3 29 11 48 10 36 1 84 7 84 
10 8 14 14 6 60 5 92 13 98 2 71 1 89 8 90 4 7 12 6 11 30 3 54 0 47 9 11 7 21 
7 44 1 54 2 11 9 83 5 26 8 8 6 76 3 68 12 90 4 88 13 6 0 78 11 2 10 95 14 82 
12 60 8 75 13 94 2 37 9 66 10 55 1 58 5 35 7 80 14 91 0 69 6 96 3 58 11 27 4 6 
3 4 11 55 2 24 14 2 5 42 12 73 13 36 4 17 7 77 6 30 9 64 1 8 0 84 10 81 8 44 
11 93 4 70 8 51 2 75 14 54 3 66 0 73 9 85 12 76 6 68 7 53 10 67 1 13 5 89 13 3 
5 20 8 95 0 94 11 89 6 66 1 90 9 19 3 25 14 92 13 77 12 10 7 96 2 97 4 77 10 69 
11 29 6 5 1 84 9 35 7 37 12 19 4 60 14 23 10 7 13 92 8 53 2 71 5 94 3 6 0 69 
0 38 4 29 11 70 10 86 7 81 9 60 12 3 1 26 14 24 3 73 8 5 5 58 2 75 6 70 13 1 
3 66 8 42 12 23 5 57 9 56 4 83 10 63 1 96 14 65 13 35 11 93 6 34 7 73 0 55 2 30 
13 82 12 63 11 75 10 84 14 54 6 2 7 98 5 76 4 28 1 72 9 45 2 29 3 50 0 14 8 86 
1 9 4 61 13 8 2 47 8 66 11 12 10 38 6 61 14 34 12 14 5 96 0 32 7 90 9 78 3 81 
7 74 14 23 0 88 12 16 11 13 13 50 9 48 6 90 2 41 8 24 3 55 1 93 10 48 4 15 5 45 
7 27 0 49 8 9 1 27 3 11 4 30 14 96 12 74 10 33 5 2 6 53 11 2 2 97 9 26 13 56 
4 79 2 6 12 68 8 52 7 75 6 70 10 35 3 51 1 7 0 43 11 46 5 73 9 54 14 7 13 34 
3 23 9 63 5 70 1 82 0 97 11 9 2 34 14 73 6 44 7 5 13 46 10 47 4 76 12 48 8 91 
