50 15 
10 59 12 92 4 87 6 16 2 54 1 79 9 50 11 27 5 16 0 59 3 9 7 54 14 68 13 78 8 6 
5 64 1 46 10 83 9 10 0 60 8 82 12 94 4 42 11 19 2 83 13 56 3 67 14 56 7 98 6 46 
11 17 12 63 8 86 9 40 13 74 3 16 10 86 0 92 1 26 7 20 4 76 2 60 5 48 14 64 6 52 
0 52 10 9 11 71 2 91 1 92 5 77 4 31 3 23 14 85 7 93 9 31 6 50 13 75 8 92 12 11 
9 19 1 60 7 92 10 18 11 94 2 42 5 35 4 93 14 84 8 63 0 32 12 24 6 4 13 80 3 24 
2 63 3 99 5 75 10 69 14 30 13 92 7 45 0 6 6 31 8 17 1 13 4 50 9 63 12 90 11 89 
1 31 7 51 13 61 5 42 6 2 4 60 11 69 9 49 0 24 3 99 14 26 12 50 10 90 8 84 2 21 
12 10 10 44 11 87 9 29 7 10 5 44 3 45 1 77 13 39 8 36 14 30 2 44 6 50 0 1 4 28 
7 59 1 72 6 17 13 35 4 50 10 19 3 87 0 18 5 82 8 34 2 21 14 21 9 46 12 39 11 88 
12 57 9 1 6 31 7 23 0 70 11 18 13 30 14 81 5 4 1 49 10 46 8 52 4 6 3 76 2 90 
1 64 3 99 7 26 4 53 12 69 5 21 14 69 9 90 6 53 11 72 13 48 0 30 8 96 10 57 2 89 
1 31 0 13 13 93 7 96 12 57 3 87 4 46 10 30 9 64 2 97 6 41 14 41 11 19 8 65 5 7 
0 60 3 57 12 96 1 62 8 64 6 45 4 71 5 75 10 78 11 46 9 24 7 87 2 62 14 92 13 6 
11 89 6 47 7 73 4 24 2 1 3 44 5 32 9 36 13 70 14 91 12 93 1 16 0 43 8 28 10 20 
2 20 10 74 4 21 9 64 0 61 11 38 5 45 14 54 13 59 8 42 3 38 12 42 6 37 7 23 1 1 
12 31 8 47 6 87 14 37 13 81 9 31 2 37 0 34 3 21 10 36 7 75 5 31 11 28 1 94 4 86 
7 4 8 39 13 73 12 7 3 25 1 61 2 42 4 19 6 96 10 87 5 36 9 86 11 1 14 29 0 6 
10 36 1 23 9 17 5 94 7 54 14 38 11 8 4 99 12 56 8 23 0 16 6 21 3 14 13 28 2 43 
13 7 12 18 2 8 7 2 0 28 5 26 11 97 10 65 8 60 1 59 4 11 14 75 9 1 6 76 3 37 
7 54 12 39 9 6 11 1 13 20 1 91 3 68 4 43 8 21 5 76 2 53 6 42 0 75 14 52 10 39 
11 65 3 78 5 14 1 25 10 15 12 26 0 39 9 88 4 77 6 24 7 63 14 7 2 86 13 79 8 69 
3 29 10 15 4 74 14 46 6 65 2 6 7 58 11 74 9 8 5 67 0 68 1 19 8 95 13 22 12 33 
13 79 3 60 10 52 2 5 1 16 11 65 0 22 9 96 8 80 5 11 6 80 4 76 7 74 14 37 12 24 
3 32 7 78 6 92 1 52 11 80 9 10 12 2 14 39 5 63 0 73 10 29 4 19 2 2 13 77 8 78 
14 93 13 46 2 50 7 30 3 18 11 33 9 20 0 12 12 47 1 21 4 68 10 61 6 18 8 14 5 25 
9 26 8 99 7 10 0 41 4 15 10 59 12 70 13 47 3 8 2 26 1 11 14 82 11 15 5 78 6 36 
8 78 14 75 3 49 2 19 4 55 11 32 0 54 9 55 7 26 13 44 5 31 6 94 1 76 10 21 12 4 
5 56 2 35 11 67 10 82 4 61 6 56 14 49 12 16 13 8 8 8 7 82 1 37 0 47 9 74 3 85 
2 94 5 7 12 98 14 59 7 83 3 19 0 40 10 93 4 48 11 52 13 86 8 86 6 16 1 15 9 89 
1 89 5 67 14 50 7 88 12 13 10 93 6 99 2 83 11 94 13 63 3 77 9 27 0 2 8 4 4 37 
0 1 13 53 14 44 9 24 5 38 3 60 4 4 12 82 10 21 1 85 6 28 11 81 7 20 2 86 8 4 
8 81 12 11 14 63 11 47 13 44 7 88 3 86 2 6 1 44 9 35 0 31 4 37 6 18 10 23 5 46 
9 96 2 22 12 95 6 49 0 33 4 68 13 16 3 89 14 62 11 32 1 6 10 87 5 9 8 17 7 22 
7 56 3 63 2 69 5 81 10 90 13 45 11 36 8 88 0 94 1 71 9 16 6 84 4 32 14 74 12 41 
4 71 3 21 7 57 5 75 9 89 13 30 2 64 10 54 1 74 8 5 12 54 11 32 6 21 0 60 14 49 
10 39 7 13 12 81 8 42 13 84 6 47 3 43 1 23 4 38 0 16 9 36 5 64 14 79 2 41 11 91 
9 93 13 17 8 2 2 84 7 14 3 46 12 94 10 6 4 39 11 24 6 7 5 34 1 64 14 27 0 34 
11 88 4 10 10 14 12 58 14 30 3 65 6 37 9 41 5 56 8 1 2 73 13 10 1 17 0 44 7 48 
0 4 12 16 2 75 5 55 11 4 4 12 9 95 10 3 13 54 1 94 3 43 14 39 8 13 6 78 7 60 
0 34 12 51 13 81 8 59 6 5 10 30 7 71 5 23 2 14 9 97 14 71 11 14 1 11 4 12 3 63 
3 36 6 89 14 30 1 90 0 97 13 6 7 46 12 82 2 10 9 43 5 95 8 33 11 21 4 94 10 4 
6 60 0 12 5 35 14 32 4 32 3 51 1 83 8 32 7 79 9 24 13 73 11 9 2 63 12 80 10 6 
5 9 7 14 11 31 13 45 8 53 6 70 9 42 1 46 0 97 12 29 3 21 4 30 14 2 2 28 10 20 
6 34 12 53 0 91 4 85 10 97 11 3 9 25 3 50 7 11 1 22 5 28 13 26 14 66 8 17 2 90 
6 17 9 23 14 21 2 41 11 96 13 5 10 62 3 26 7 2 5 80 0 66 8 31 1 68 12 5 4 74 
1 3 9 1 14 1 7 67 8 17 4 57 5 51 10 24 13 66 0 26 11 25 3 46 2 71 6 3 12 82 
13 38 14 20 8 52 11 50 1 98 5 51 9 82 10 23 2 82 7 64 12 82 6 81 0 21 3 22 4 23 
7 77 11 61 6 74 12 75 8 79 2 69 3 13 1 49 13 54 10 93 4 88 9 45 14 29 5 9 0 94 
0 38 6 72 7 33 9 85 14 56 11 12 2 61 10 5 13 90 12 64 4 68 8 39 1 5 5 60 3 1 
8 50 7 81 12 43 3 72 1 27 4 67 2 18 14 25 9 42 6 46 0 35 5 10 11 5 10 80 13 95 
