50 15 
8 30 6 10 12 56 9 48 14 45 10 70 1 43 11 26 5 67 2 44 7 53 3 5 13 43 4 54 0 22 
6 73 13 3 7 1 14 73 4 97 8 28 10 53 3 61 0 80 1 18 9 27 12 80 2 46 11 63 5 29 
11 64 3 45 10 30 14 97 7 49 1 63 13 89 4 8 2 16 0 69 5 57 12 72 8 28 6 21 9 90 
10 6 12 92 13 87 1 47 14 85 8 2 4 2 7 66 9 34 6 15 3 39 11 8 5 73 2 51 0 75 
13 4 10 49 6 17 12 94 0 43 1 46 9 24 5 49 8 28 2 68 4 6 3 66 7 82 11 33 14 6 
11 96 10 90 2 41 6 23 14 1 9 28 1 74 4 70 3 17 13 8 0 52 7 40 8 21 12 18 5 8 
7 79 5 42 1 32 4 54 9 67 11 42 12 62 14 62 13 33 10 7 8 80 0 84 3 62 6 5 2 76 
0 72 6 16 3 40 7 59 1 19 10 74 8 40 9 30 2 71 11 11 14 42 5 56 12 44 13 93 4 94 
13 66 7 19 11 37 14 78 5 96 6 6 2 47 8 61 9 7 1 32 3 23 4 68 12 91 10 74 0 42 
9 10 2 46 0 13 3 33 6 9 13 5 11 71 10 68 12 99 7 94 1 94 5 37 14 28 8 4 4 33 
6 73 1 93 2 86 8 66 4 59 11 58 7 85 12 88 14 88 9 85 13 39 0 22 3 95 5 70 10 9 
14 40 9 99 8 82 4 76 3 23 1 75 11 98 6 22 13 55 12 42 0 21 10 66 2 77 5 7 7 11 
3 25 2 81 14 69 8 65 1 19 0 70 12 90 10 78 13 89 11 61 5 15 9 22 7 10 4 56 6 37 
10 16 6 90 11 46 1 59 5 60 0 73 8 45 9 26 14 8 4 51 12 63 2 38 7 19 13 94 3 94 
4 22 12 64 5 28 0 4 11 14 2 95 10 5 7 79 3 20 14 84 1 96 8 32 9 23 6 86 13 16 
10 48 2 51 14 13 3 50 4 11 1 63 5 33 9 41 8 77 12 46 0 78 13 91 6 35 7 76 11 61 
3 1 8 38 13 10 14 4 9 88 0 35 5 68 11 94 4 54 7 97 10 45 1 5 6 4 12 92 2 93 
2 7 3 97 5 76 1 66 0 86 8 54 10 65 7 27 6 92 14 94 4 68 11 94 13 22 9 66 12 90 
4 26 5 72 3 98 1 62 14 21 7 89 6 41 10 46 9 46 11 89 2 17 0 54 13 39 8 64 12 81 
10 14 8 46 6 47 11 91 14 59 1 44 4 25 12 70 0 20 13 38 2 50 9 66 3 44 7 6 5 79 
8 42 5 15 14 49 2 17 7 14 9 75 6 98 12 97 3 70 10 68 11 90 4 2 0 12 1 52 13 78 
11 13 5 94 1 42 6 82 2 29 7 58 12 64 14 46 3 58 8 38 13 74 4 78 10 52 9 16 0 80 
7 39 12 66 3 89 1 58 0 76 14 20 9 28 13 76 11 20 4 28 10 81 5 93 8 43 6 42 2 6 
10 47 7 11 9 16 0 21 3 55 2 95 6 75 13 9 1 60 8 95 4 44 14 66 5 22 11 7 12 45 
14 23 1 79 7 38 10 1 5 74 12 30 11 43 3 67 4 45 13 33 6 94 0 94 8 14 2 8 9 90 
2 67 12 91 5 64 8 41 7 76 13 44 14 86 4 56 9 97 3 41 6 22 11 68 1 30 0 24 10 61 
9 84 5 81 7 47 12 79 3 34 0 26 1 89 6 43 2 89 14 73 8 69 10 33 11 69 4 97 13 12 
2 82 5 75 13 98 10 48 0 28 14 75 6 93 3 70 1 73 4 72 12 60 9 67 7 70 11 85 8 40 
1 53 7 17 6 7 10 58 9 56 4 31 0 76 14 28 13 99 12 65 8 80 11 70 3 27 2 6 5 76 
6 77 12 91 2 43 14 22 7 13 4 39 5 25 1 60 9 70 8 45 11 6 10 4 0 28 3 3 13 41 
5 37 11 85 6 72 0 99 1 41 3 38 9 86 12 77 7 56 13 62 2 28 14 78 10 72 4 15 8 7 
7 83 12 18 5 89 4 24 3 52 13 90 14 95 0 60 10 43 8 51 11 82 6 21 1 11 9 85 2 58 
2 66 7 42 10 67 6 51 12 36 4 26 1 66 14 16 0 72 8 31 3 31 13 80 9 47 11 34 5 89 
8 41 3 82 10 13 6 30 0 65 12 21 14 13 9 92 7 93 1 54 2 15 11 93 4 22 13 73 5 81 
0 47 1 68 14 33 7 80 4 56 9 38 8 67 6 41 10 92 13 82 5 35 11 59 3 39 12 67 2 57 
7 46 2 40 14 13 4 73 13 65 9 68 3 50 12 67 11 67 10 47 1 56 6 45 0 65 8 54 5 55 
14 2 9 15 1 43 13 55 12 48 3 18 11 67 8 63 6 81 5 11 7 55 10 56 4 83 0 80 2 46 
5 42 4 89 9 30 12 66 6 83 10 99 2 76 14 50 11 14 13 43 0 31 8 12 1 9 7 67 3 60 
10 99 0 1 7 36 12 87 6 80 13 99 5 50 1 35 9 76 2 41 8 63 3 69 14 4 11 65 4 69 
5 51 9 97 3 96 4 18 10 58 8 22 2 58 14 86 6 5 1 52 11 77 13 67 7 25 0 4 12 59 
9 31 2 41 11 58 1 37 0 26 3 19 14 4 10 71 12 84 4 89 5 65 8 3 13 55 6 26 7 24 
5 41 14 72 11 87 12 63 4 63 6 21 8 21 13 77 0 5 9 90 3 46 2 65 1 22 7 80 10 48 
13 34 14 26 4 75 2 97 11 78 9 39 12 10 8 91 10 35 3 80 7 51 6 24 0 79 5 36 1 41 
8 26 10 28 7 4 14 52 3 24 5 44 0 38 6 32 11 39 2 56 4 72 1 29 9 86 13 23 12 18 
12 27 1 43 7 17 11 82 9 98 4 67 6 74 3 46 2 89 13 33 14 63 0 35 8 36 5 67 10 53 
4 73 14 78 5 18 1 15 10 7 9 1 3 26 0 14 13 36 12 32 11 55 6 38 7 16 8 23 2 80 
12 45 1 30 10 45 8 35 6 28 13 77 2 20 3 62 14 95 4 63 7 4 0 13 9 17 11 45 5 64 
14 16 3 24 12 40 1 41 10 46 8 17 0 68 2 69 7 28 9 99 13 45 5 90 4 81 6 74 11 75 
0 87 1 10 14 77 6 57 9 92 8 16 2 15 7 78 11 91 5 7 10 94 12 43 4 43 3 42 13 64 
10 70 13 90 9 25 12 6 8 56 7 4 3 26 2 44 0 37 11 19 1 91 6 6 4 71 14 11 5 94 
