50 15 
14 98 12 40 0 57 3 22 6 48 10 6 1 48 9 23 13 46 2 6 5 6 4 89 7 16 8 74 11 16 
11 28 0 81 12 94 13 56 2 62 10 28 14 49 5 7 4 94 6 80 8 3 7 27 1 53 3 79 9 43 
9 17 2 78 3 83 6 51 0 41 4 50 11 35 13 45 1 12 10 25 5 49 12 79 14 1 7 12 8 48 
9 18 6 88 3 10 7 99 0 70 5 73 14 99 10 24 13 65 12 45 1 97 2 12 11 45 8 52 4 90 
3 4 4 10 12 5 0 4 7 35 9 18 8 77 1 61 2 35 14 24 5 41 11 37 6 8 10 87 13 73 
0 23 8 8 2 10 3 58 14 98 9 56 13 48 4 8 12 69 5 98 7 73 6 1 11 10 10 37 1 4 
14 4 5 59 8 13 11 89 9 44 7 71 0 46 2 21 13 31 3 27 12 77 4 16 1 74 10 50 6 38 
12 51 10 91 8 77 7 72 0 93 4 39 13 19 1 52 6 81 5 38 11 9 9 82 3 91 14 29 2 25 
7 25 2 74 0 69 14 18 11 52 10 54 13 48 5 91 12 86 3 64 8 98 9 76 4 34 6 17 1 75 
4 31 12 43 8 79 6 62 2 8 0 98 1 87 3 19 9 25 10 2 11 90 14 87 13 68 7 56 5 47 
2 73 14 27 3 65 10 68 9 40 12 60 11 97 8 86 4 74 7 55 6 34 0 29 5 94 1 96 13 30 
8 28 5 2 3 6 12 35 4 27 10 78 11 77 0 24 14 52 1 28 2 32 7 84 6 60 13 10 9 85 
14 80 8 85 7 43 12 64 0 15 13 97 6 16 11 31 2 40 4 98 10 78 5 59 3 63 9 90 1 37 
6 80 14 89 0 72 5 64 4 65 13 29 7 64 3 28 1 33 12 82 2 27 9 83 11 65 8 29 10 70 
9 21 8 90 12 69 7 14 6 72 2 77 0 52 13 9 14 42 5 21 11 23 3 85 4 78 10 62 1 9 
14 82 1 54 2 86 11 81 7 80 3 19 12 53 4 67 9 77 0 71 6 28 13 81 10 97 5 45 8 45 
5 47 14 52 7 24 10 63 6 26 2 94 13 98 0 59 1 55 9 54 12 48 11 70 3 7 4 34 8 17 
6 82 1 86 11 75 10 57 13 19 7 18 8 50 14 73 12 10 3 21 2 76 9 30 5 83 4 69 0 13 
5 25 6 9 3 79 14 85 11 66 2 40 12 54 7 85 0 73 8 47 10 12 4 62 1 61 13 73 9 15 
0 73 13 62 4 16 10 63 7 98 14 86 11 87 2 93 5 59 12 9 6 61 8 70 1 38 9 92 3 40 
11 3 8 63 4 45 13 88 9 96 10 50 14 98 2 30 3 49 5 23 7 12 12 45 1 45 0 90 6 97 
2 37 14 3 0 8 4 84 1 2 6 7 8 67 3 83 7 2 9 47 11 57 12 26 5 92 10 63 13 32 
12 24 3 4 6 66 2 97 11 29 9 61 4 4 1 90 14 97 10 44 7 79 5 36 13 29 8 29 0 73 
10 37 6 47 4 66 8 96 11 29 9 89 1 34 14 42 7 44 12 27 3 32 5 53 0 63 13 76 2 48 
14 67 6 16 8 84 7 49 0 27 2 29 13 8 3 86 10 59 9 29 1 26 12 88 4 9 5 92 11 24 
4 8 11 34 13 21 1 7 14 76 6 82 5 14 8 94 12 58 0 18 10 38 3 38 9 12 2 67 7 98 
14 37 6 83 11 50 4 51 0 49 13 6 10 16 1 83 3 76 5 76 7 50 8 97 12 11 9 80 2 57 
10 4 4 16 9 6 0 90 7 53 8 85 11 91 5 47 1 2 2 61 3 45 14 47 6 91 12 86 13 70 
4 24 0 89 7 42 5 37 1 78 9 36 2 12 11 94 13 73 10 57 14 74 8 67 3 39 6 46 12 98 
8 57 7 40 5 80 4 65 14 98 3 18 0 71 10 42 6 27 2 54 9 85 11 8 1 17 12 20 13 68 
7 19 9 6 11 6 2 50 5 4 4 49 13 5 1 87 10 31 12 70 6 93 8 64 0 23 14 11 3 90 
5 19 12 69 11 3 6 79 14 26 13 56 9 67 2 95 7 10 8 20 0 83 3 69 1 25 10 70 4 27 
7 73 12 55 4 26 0 77 6 31 14 62 9 88 3 81 2 58 1 57 8 19 5 73 10 53 11 61 13 83 
1 39 8 88 3 41 9 98 7 51 6 51 11 69 5 14 12 82 14 35 2 45 13 87 4 23 0 12 10 45 
7 39 11 13 0 26 1 5 8 51 10 74 3 34 9 52 12 94 6 85 2 71 4 57 14 41 13 34 5 60 
10 21 12 75 6 16 2 6 8 94 9 79 0 11 11 52 14 93 1 32 13 33 7 30 3 12 4 95 5 61 
6 79 1 46 12 20 0 91 14 65 8 79 5 31 11 96 2 97 4 50 9 33 13 92 10 41 3 66 7 12 
12 25 0 31 1 67 3 85 6 89 11 53 2 99 13 7 9 1 5 73 10 25 7 44 8 84 4 21 14 78 
5 35 7 30 2 61 1 79 6 7 9 42 14 91 0 92 10 39 12 71 4 17 13 76 11 33 8 2 3 33 
14 68 1 45 10 84 12 87 5 4 9 38 8 3 7 12 11 51 2 65 0 8 13 69 6 67 4 72 3 61 
5 19 7 30 9 90 1 60 6 64 2 63 11 20 10 77 14 8 4 61 13 47 0 11 3 25 12 44 8 74 
2 32 11 77 1 52 12 69 14 3 13 4 7 76 9 12 5 88 3 40 4 57 8 73 0 16 10 63 6 26 
12 83 0 15 1 61 9 54 6 26 11 7 13 48 7 63 8 7 5 41 14 60 10 1 2 71 3 8 4 76 
0 21 10 36 3 79 9 99 6 11 11 30 5 60 8 80 13 48 7 97 2 19 12 83 14 14 1 59 4 96 
6 76 2 79 8 86 12 50 10 31 13 69 3 86 14 11 11 64 5 72 9 63 0 88 4 30 7 86 1 42 
0 56 13 78 1 5 12 36 14 77 5 32 11 72 7 52 3 71 9 9 8 92 10 99 2 3 4 14 6 65 
13 90 10 29 0 25 4 2 7 44 8 8 3 2 5 76 14 13 2 36 9 77 1 42 11 15 12 77 6 94 
4 13 12 14 10 56 11 61 9 70 1 88 14 93 5 83 3 87 0 21 6 28 8 88 13 76 2 94 7 39 
7 23 4 46 6 17 14 60 5 57 9 67 1 88 13 24 11 91 3 6 8 62 0 40 10 53 12 52 2 21 
12 54 10 35 8 80 7 80 4 86 13 82 11 33 9 97 1 73 3 97 6 69 0 60 2 24 14 71 5 70 
