50 15 
9 86 4 55 11 10 1 41 6 32 7 23 0 19 3 17 2 21 5 66 8 11 13 68 14 89 10 68 12 65 
11 66 10 90 14 58 1 66 7 63 2 24 8 80 13 76 5 64 12 69 6 21 4 49 3 79 9 66 0 71 
10 88 11 34 5 5 1 85 7 80 4 75 0 94 6 26 2 35 9 58 12 60 3 70 13 56 8 4 14 85 
12 80 13 68 9 62 1 75 3 82 0 76 5 83 2 40 8 87 4 18 6 87 7 15 11 84 14 5 10 23 
9 95 13 59 3 58 10 16 7 45 1 78 4 14 5 1 6 77 2 40 0 20 14 33 12 99 11 73 8 6 
4 95 3 41 11 18 12 34 9 41 13 38 1 71 0 99 2 60 8 67 10 99 14 41 5 49 6 70 7 64 
11 81 8 11 3 46 7 87 4 73 13 82 9 33 14 68 1 69 12 16 6 80 10 61 5 29 0 49 2 2 
13 21 12 77 6 77 0 91 2 93 8 38 10 86 1 20 3 88 11 27 7 5 4 98 9 3 14 46 5 74 
9 10 0 84 13 29 11 8 6 2 1 58 5 49 3 78 10 66 12 3 2 71 4 60 14 42 8 5 7 12 
5 37 14 50 1 27 2 48 6 57 10 20 12 21 4 11 3 43 11 23 8 61 7 92 13 52 9 24 0 81 
0 34 2 54 9 28 5 24 12 61 8 50 3 97 4 23 6 17 14 43 11 30 7 23 10 22 13 16 1 62 
5 59 10 64 3 57 0 86 4 8 13 42 9 10 12 88 11 60 2 68 7 92 1 28 6 53 8 26 14 43 
9 51 1 50 0 91 8 17 3 54 4 1 5 13 2 78 11 48 7 53 12 8 6 55 10 83 13 86 14 99 
0 67 4 65 11 79 2 90 8 14 1 57 3 11 10 86 14 26 13 50 7 33 9 77 5 8 12 63 6 1 
1 44 4 99 11 30 0 37 5 89 9 49 12 6 2 78 13 86 14 11 7 10 10 22 8 77 6 48 3 90 
10 51 0 12 3 7 9 26 6 1 5 54 11 60 2 69 12 18 1 51 13 7 14 66 8 42 4 56 7 39 
7 13 3 41 11 56 10 1 5 96 12 81 1 86 4 16 8 43 14 66 0 86 2 11 6 20 9 84 13 88 
4 77 1 72 10 22 0 53 13 9 8 72 11 34 9 29 7 52 6 1 2 80 12 1 5 25 14 77 3 48 
6 6 3 59 5 13 9 44 13 35 0 96 11 64 8 94 7 79 2 29 12 86 14 76 4 18 1 24 10 95 
1 15 10 82 13 30 0 7 3 8 11 35 6 89 7 46 4 85 14 47 12 68 2 98 8 18 5 78 9 77 
0 33 8 27 13 6 3 60 12 87 14 94 4 52 9 51 7 5 10 87 6 58 1 83 5 94 2 56 11 14 
14 47 7 48 10 22 4 34 13 68 2 9 9 61 12 67 8 89 11 68 1 55 5 5 0 74 3 22 6 20 
7 80 0 72 12 87 14 23 2 90 13 4 3 10 10 70 1 75 9 86 4 67 11 70 6 64 8 16 5 49 
13 80 6 60 10 56 7 29 2 91 12 6 4 26 9 64 1 14 0 99 5 23 8 17 14 12 11 18 3 41 
2 93 12 48 11 61 7 61 6 31 4 80 14 65 3 43 9 30 1 21 5 93 0 32 13 62 8 24 10 46 
2 12 7 44 14 62 0 48 9 25 12 54 5 84 3 69 6 24 1 1 8 70 4 55 13 30 11 7 10 56 
5 31 13 89 3 56 11 80 2 58 8 21 6 82 10 52 4 58 14 40 0 12 9 41 7 63 12 68 1 62 
6 9 8 22 3 9 4 72 13 15 1 23 9 40 14 76 5 33 10 22 0 46 2 67 7 5 12 11 11 62 
9 99 10 9 13 17 0 7 6 46 12 86 1 82 5 62 4 51 11 17 8 87 7 45 14 3 3 19 2 71 
11 27 5 22 9 21 1 43 4 86 8 75 7 26 6 17 0 7 13 35 10 83 3 42 2 62 12 62 14 31 
2 63 10 62 8 51 4 93 12 93 5 63 1 58 0 59 13 34 14 24 9 84 7 50 11 94 6 48 3 31 
2 12 5 74 1 46 12 57 4 44 11 53 8 41 14 6 6 97 3 71 0 46 10 97 13 22 7 29 9 5 
6 90 11 59 2 76 7 50 4 85 8 73 14 84 10 80 1 28 3 93 13 45 5 22 9 72 12 67 0 87 
5 12 6 23 14 71 1 90 9 13 10 27 2 71 7 88 13 90 4 5 8 2 11 38 3 19 12 73 0 95 
9 61 12 99 8 42 10 23 1 49 0 84 7 35 2 28 5 22 11 32 13 96 6 29 3 44 14 77 4 38 
6 86 8 76 11 35 13 2 5 18 3 13 0 72 9 70 4 96 2 51 12 7 14 75 7 38 10 36 1 20 
12 10 5 82 0 21 6 45 8 77 4 37 3 57 2 79 1 58 10 50 9 65 13 49 11 97 14 96 7 75 
2 65 8 78 5 98 11 71 12 54 6 67 14 47 9 20 7 74 4 22 13 72 10 98 3 8 1 29 0 62 
10 29 3 51 12 56 8 48 14 28 2 43 5 7 11 22 9 43 0 33 7 42 6 73 4 27 13 32 1 69 
11 60 0 66 1 25 4 93 13 59 14 6 2 66 9 69 10 23 3 13 6 38 5 11 7 18 8 98 12 98 
7 54 1 52 12 81 4 65 10 63 11 45 2 71 5 95 9 86 3 15 14 8 0 2 13 37 6 21 8 10 
12 79 7 89 6 77 2 85 10 68 9 38 13 68 1 89 4 74 8 75 14 33 0 79 5 1 11 76 3 87 
6 32 2 68 4 3 3 36 13 38 11 4 1 71 9 41 5 15 0 85 8 40 12 46 10 16 14 1 7 77 
2 43 5 7 6 52 9 11 11 55 3 46 10 70 13 9 8 54 12 71 14 50 7 31 4 73 0 89 1 80 
2 50 13 84 4 32 6 90 9 16 12 41 0 76 8 8 5 68 10 87 11 32 1 78 3 99 14 46 7 96 
9 2 3 93 5 98 0 20 14 67 6 44 7 59 13 45 4 43 1 71 12 60 2 32 11 10 8 19 10 16 
4 63 10 87 13 67 11 10 9 23 0 42 12 3 1 87 7 31 2 46 14 78 6 23 3 1 5 28 8 63 
9 91 7 7 6 37 5 72 1 35 10 94 8 90 0 54 4 76 12 67 2 90 13 6 3 10 14 96 11 6 
6 16 13 34 4 76 2 26 7 88 8 93 9 45 3 67 12 29 1 11 10 99 14 93 11 69 5 15 0 22 
11 81 10 4 12 63 5 28 9 42 8 55 14 42 4 58 6 78 2 47 0 32 7 19 3 14 13 99 1 69 
